0.0
0.255946007147
0.511892014293
0.76783802144
1.02378402859
1.27973003573
1.53567604288
1.79162205003
2.04756805717
2.30351406432
2.55946007147
2.81540607861
3.07135208576
3.3272980929
3.58324410005
3.8391901072
4.09513611434
4.35108212149
4.60702812864
4.86297413578
5.11892014293
5.37486615008
5.63081215722
5.88675816437
6.14270417152
6.39865017866
6.65459618581
6.91054219296
7.1664882001
7.42243420725
7.6783802144
7.93432622154
8.19027222869
8.44621823584
8.70216424298
8.95811025013
9.21405625728
9.47000226442
9.72594827157
9.98189427871
10.2378402859
10.493786293
10.7497323002
11.0056783073
11.2616243144
11.5175703216
11.7735163287
12.0294623359
12.285408343
12.5413543502
12.7973003573
13.0532463645
13.3091923716
13.5651383788
13.8210843859
14.0770303931
14.3329764002
14.5889224074
14.8448684145
15.1008144216
15.3567604288
15.6127064359
15.8686524431
16.1245984502
16.3805444574
16.6364904645
16.8924364717
17.1483824788
17.404328486
17.6602744931
17.9162205003
18.1721665074
18.4281125146
18.6840585217
18.9400045288
19.195950536
19.4518965431
19.7078425503
19.9637885574
20.2197345646
20.4756805717
20.7316265789
20.987572586
21.2435185932
21.4994646003
21.7554106075
22.0113566146
22.2673026217
22.5232486289
22.779194636
23.0351406432
23.2910866503
23.5470326575
23.8029786646
24.0589246718
24.3148706789
24.5708166861
24.8267626932
25.0827087004
25.3386547075
