# scuff-scatter run on pekka-pc (09/25/15::22:34:53)
# columns: 
# 1,2,3   x,y,z (evaluation point coordinates)
# 4,5     real, imag Ex
# 6,7     real, imag Ey
# 8,9     real, imag Ez
# 10,11   real, imag Hx
# 12,13   real, imag Hy
# 14,15   real, imag Hz
+0.00000000e+00 +0.00000000e+00 +8.00000000e-03 -nan -nan  -nan -nan  -nan -nan    -nan -nan  -nan -nan  -nan -nan 
+6.73176788e-03 +0.00000000e+00 +4.32241845e-03 -5.23512536e+06 -3.69544538e+05  -4.47236882e+04 -4.56635879e+04  -5.36684755e+05 -5.17216254e+06    +3.14027964e+00 -2.25189946e+00  +1.00466106e+03 +2.98119675e+02  -6.52752074e+00 +2.98683064e+00 
+7.27437941e-03 +0.00000000e+00 -3.32917469e-03 +2.19569101e+06 +3.68612678e+05  -2.55666511e+02 -2.03501321e+04  -3.46124749e+05 +3.36563219e+06    -1.66070009e+00 +5.67108635e-01  -6.03335959e+02 +3.37242800e+02  -2.06253028e+00 +8.57426715e-01 
+1.12896006e-03 +0.00000000e+00 -7.91993997e-03 -3.00119372e+05 +1.58643323e+06  -1.52351274e+04 +3.30253477e+04  +2.00966106e+05 -5.87846391e+06    +3.44342728e+00 +1.01100531e+00  -1.71231767e+02 -6.48677573e+00  +4.34310476e-01 +1.42335414e-01 
-6.05441996e-03 +0.00000000e+00 -5.22914897e-03 -1.14131047e+06 -3.42743647e+06  +4.01192549e+02 -2.64616973e+04  -1.37630713e+06 +1.36371160e+06    +4.68729435e-01 -1.16481228e+00  +6.84566881e+02 -1.54924309e+02  -1.13582297e+00 +1.39716071e+00 
-7.67139420e-03 +0.00000000e+00 +2.26929748e-03 +2.36055839e+06 +4.21547322e+06  +2.74233365e+04 +5.18495394e+04  +2.48892910e+06 -2.49418272e+06    -4.82162111e-01 +1.59297042e+00  -4.36238827e+02 -5.75622941e+02  -2.15694691e+00 +4.58528949e+00 
-2.23532399e-03 +0.00000000e+00 +7.68136229e-03 -2.34522687e+07 -1.85628637e+07  -8.69579224e+04 -4.01728597e+05  -4.60272916e+06 +1.31435132e+07    +2.93903328e+01 -2.09371492e+01  -1.51311683e+03 +2.56626507e+03  +3.00553520e+00 +1.54027990e+01 
+5.25589279e-03 +0.00000000e+00 +6.03121803e-03 -3.74150568e+06 +6.50329138e+06  -4.62713181e+04 -8.47607949e+04  -5.90823550e+06 -4.11635951e+06    +6.27290149e+00 -2.78160863e+00  +1.46365273e+03 -3.65481355e+02  -9.81723665e+00 +4.70861652e+00 
+7.91486597e-03 +0.00000000e+00 -1.16400027e-03 +1.85300722e+06 -3.10222789e+06  -2.61599011e+04 +7.28583460e+03  +1.56651803e+06 +2.59009763e+06    -9.75068252e-01 +7.47140871e-01  -3.09405983e+02 +5.19685832e+02  -2.47936291e+00 +2.28160570e+00 
+3.29694788e-03 +0.00000000e+00 -7.28904210e-03 -4.55857820e+05 +3.99507845e+06  -4.22719837e+04 +8.70256105e+04  -6.38205012e+05 -3.56085726e+06    +4.21628174e+00 +2.42035522e+00  -4.73182853e+02 +3.87096064e+00  +1.75005599e+00 +1.02280755e+00 
-4.35216889e-03 +0.00000000e+00 -6.71257223e-03 +1.20967137e+05 -4.41608339e+06  -2.45147991e+02 -1.50457109e+04  -1.11001129e+06 -1.86301207e+06    +1.72461160e+00 -7.81682461e-01  +5.82503458e+02 -3.43143672e+01  -1.65190346e+00 +4.24459650e-01 
-7.99992165e-03 +0.00000000e+00 +3.54055839e-05 -7.79996306e+05 +4.24155838e+06  +1.39651421e+04 +1.68742858e+04  +2.42043939e+06 +1.19192018e+06    -1.07391595e-01 -1.11580442e-01  +8.73367315e+01 -5.82784704e+02  -2.15077286e+00 +3.91050199e+00 
-4.29258334e-03 +0.00000000e+00 +6.75083167e-03 -9.02583072e+04 -1.03349034e+07  -8.52649263e+04 -8.72544618e+04  -8.61987182e+06 -8.80517190e+05    +7.08950990e+00 -2.62900873e+00  -1.58777731e+03 +9.01388189e+02  +6.07852008e+00 -3.80781101e+00 
+3.36133629e-03 +0.00000000e+00 +7.25957425e-03 +7.44291361e+06 +1.42274815e+07  -4.51541448e+04 -1.31937246e+05  -9.95837341e+06 +3.96977935e+06    +1.41192062e+01 -5.61649640e+00  +1.63253872e+03 -1.56287771e+03  -7.35809933e+00 +2.57400361e+00 
+7.92485885e-03 +0.00000000e+00 +1.09389775e-03 -5.66284304e+05 -4.77963398e+06  -8.41561940e+03 -1.81646560e+04  +2.75889619e+06 -5.44742954e+05    +2.24676409e-01 -2.07107595e-02  +1.59185527e+02 +6.07995472e+02  -4.68438298e+00 +1.74801891e+00 
+5.20230272e-03 +0.00000000e+00 -6.07750330e-03 +4.36225647e+05 +4.18807893e+06  -2.76073005e+04 +5.86218900e+02  -1.39733610e+06 -2.26387861e+05    -6.85165392e-01 +1.58016468e+00  -6.55321020e+02 +8.41662693e+01  +1.55951775e-01 +1.50445035e+00 
-2.30322653e-03 +0.00000000e+00 -7.66127584e-03 +4.88326606e+05 -3.04755292e+06  +1.18320163e+03 +2.22790420e+03  -1.57400136e+05 -4.95780821e+06    +2.64027210e+00 -3.96506614e-01  +3.33898943e+02 +8.02415329e+00  -8.84006285e-01 +6.50018478e-02 
-7.69117994e-03 +0.00000000e+00 -2.20130670e-03 -2.24502429e+06 +1.48883556e+06  +2.48836334e+04 +1.73402117e+04  +5.97931673e+05 +3.31236877e+06    +7.80434673e-01 -1.31882342e+00  +4.75148767e+02 -4.34423529e+02  -2.56759650e+00 +3.58653703e+00 
-6.00789797e-03 +0.00000000e+00 +5.28253367e-03 +5.07295902e+06 -2.93633110e+06  +2.69105404e+02 +4.13219571e+04  -3.14021240e+06 -5.31753992e+06    +2.05959955e-02 -1.94817448e-01  -1.26146090e+03 -4.39598089e+00  -9.54894186e-01 +1.65707323e-01 
+1.19901768e-03 +0.00000000e+00 +7.90963695e-03 +2.83330070e+07 +1.79042699e+07  -2.61428135e+04 -1.49200701e+05  -6.96511482e+06 +2.90552201e+07    +2.13635170e+01 -9.69424488e+00  +1.04749831e+03 -4.39426480e+03  -3.01000841e+00 +7.90943860e-01 
+7.30356201e-03 +0.00000000e+00 +3.26465649e-03 -3.94490572e+06 -2.77880314e+06  -3.02737054e+04 -3.68305456e+04  +1.53768425e+06 -4.12928222e+06    +2.12744501e+00 -1.25990816e+00  +7.17673289e+02 +4.89414806e+02  -5.65111993e+00 +2.31846471e+00 
+6.69324511e-03 +0.00000000e+00 -4.38183408e-03 +1.73560884e+06 +2.17267050e+06  -7.18275579e+03 -3.85463878e+04  -1.04428484e+06 +2.63185051e+06    -2.49982204e+00 +7.18599353e-01  -6.74783154e+02 +2.37654392e+02  -2.22668500e+00 +8.82837012e-01 
-7.08104743e-05 +0.00000000e+00 -7.99968661e-03 +3.29658656e+04 -1.30587306e+05  +5.26017591e+03 -1.59348811e+04  +2.93366783e+05 -6.11138350e+06    +2.35083848e+00 +1.36993112e-01  +9.14034800e+00 +1.62497265e+00  -6.57942261e-02 -1.77473566e-02 
-6.76976323e-03 +0.00000000e+00 -4.26266416e-03 -1.80047240e+06 -2.06411040e+06  +1.98138083e+04 -1.18884919e+04  -9.75363018e+05 +2.67682742e+06    +8.83226771e-01 -1.54632595e+00  +6.67182992e+02 -2.45730680e+02  -1.05058268e+00 +2.46425185e+00 
-7.24462690e-03 +0.00000000e+00 +3.39343206e-03 +4.07561954e+06 +2.71519466e+06  +3.47701512e+04 +3.64887180e+04  +1.26177035e+06 -4.23246006e+06    -5.95197294e-01 +2.29916143e+00  -7.35974246e+02 -4.67394564e+02  -2.10223543e+00 +3.97578607e+00 
-1.05881400e-03 +0.00000000e+00 +7.92962249e-03 -2.35355997e+07 -1.68454074e+07  -3.11453109e+05 -6.15139377e+05  -2.11528862e+07 +3.11088035e+07    +3.38560349e+01 -1.28773303e+01  -9.75773440e+02 +5.02428783e+03  +4.46508518e+00 -1.44486460e+00 
+6.10046760e-03 +0.00000000e+00 +5.17535458e-03 -5.30499300e+06 +2.47860261e+06  -5.58205555e+04 -5.92930513e+04  -3.00973303e+06 -5.34753909e+06    +4.37572691e+00 -3.12719408e+00  +1.24090943e+03 +3.76645601e+01  -6.93822055e+00 +3.11248724e+00 
+7.65100743e-03 +0.00000000e+00 -2.33711047e-03 +2.27620462e+06 -1.34689604e+06  -9.47349610e+03 +5.14860593e+03  +4.96779770e+05 +3.36577285e+06    -1.39350774e+00 +6.32323845e-01  -4.90630497e+02 +4.27079659e+02  -1.56239961e+00 +1.32688645e+00 
+2.16724631e-03 +0.00000000e+00 -7.70084693e-03 -4.99654982e+05 +2.95486009e+06  -2.85160116e+04 +6.77923828e+04  -1.27760342e+05 -5.02360222e+06    +4.29105945e+00 +1.78169042e+00  -3.23529328e+02 -8.36588911e+00  +1.00433853e+00 +4.16849760e-01 
-5.30907107e-03 +0.00000000e+00 -5.98446024e-03 -4.90598620e+05 -4.15389951e+06  -3.68319167e+03 -2.31893537e+04  -1.40673159e+06 -7.17804685e+04    +9.22000220e-01 -1.00664542e+00  +6.57143577e+02 -8.86090386e+01  -1.69779282e+00 +7.38900066e-01 
