# scuff-scatter run on pekka-pc (09/25/15::22:36:39)
# columns: 
# 1,2,3   x,y,z (evaluation point coordinates)
# 4,5     real, imag Ex
# 6,7     real, imag Ey
# 8,9     real, imag Ez
# 10,11   real, imag Hx
# 12,13   real, imag Hy
# 14,15   real, imag Hz
+0.00000000e+00 +0.00000000e+00 +8.00000000e-03 -nan -nan  -nan -nan  -nan -nan    -nan -nan  -nan -nan  -nan -nan 
+6.73176788e-03 +0.00000000e+00 +4.32241845e-03 -7.98075337e+04 -3.39598752e+04  -1.54595569e+02 +5.98628591e+01  +9.39993779e+04 -2.17029290e+04    -6.12415511e-03 -1.60172844e-02  +1.10500900e+01 +2.80865149e+00  +2.23391723e-02 +6.54259096e-02 
+7.27437941e-03 +0.00000000e+00 -3.32917469e-03 +7.76796817e+03 -6.24515550e+03  -1.28440818e+01 -3.69442522e+00  +3.98142585e+03 +6.35773467e+03    +3.28497464e-03 +1.44812267e-02  +1.80513368e+00 +1.29501617e+00  +3.65018162e-03 +1.46237460e-02 
+1.12896006e-03 +0.00000000e+00 -7.91993997e-03 +9.49109761e+02 -3.57518556e+02  -1.03322220e+01 +4.63098940e+00  -3.96219696e+03 +4.87902912e+03    +4.73479957e-03 +1.58878433e-02  +1.46403719e-01 +9.69921643e-02  +6.39076566e-04 +1.74258446e-03 
-6.05441996e-03 +0.00000000e+00 -5.22914897e-03 -6.06652035e+03 +3.49701334e+03  -5.65840535e+00 -6.96121909e+00  -2.98918443e+02 +5.95234673e+03    +5.16318792e-03 +1.62711335e-02  -1.15914087e+00 -9.33644137e-01  -3.81235285e-03 -1.09937153e-02 
-7.67139420e-03 +0.00000000e+00 +2.26929748e-03 +1.01909678e+04 +2.29997505e+04  -7.91164614e+01 -2.15860731e+00  +4.51201763e+04 -1.60432165e+03    +1.99151033e-03 +1.09758524e-02  -6.16721079e+00 -3.10588978e+00  -1.80373478e-02 -4.55433387e-02 
-2.23532399e-03 +0.00000000e+00 +7.68136229e-03 +7.33746184e+06 -9.41103885e+05  -1.29865498e+04 +1.16849901e+04  -6.61830344e+06 -4.62535460e+04    -2.81767377e-01 -2.00671980e-01  -8.00481489e+01 +4.78274620e+02  -1.07346446e+00 -1.13525994e+00 
+5.25589279e-03 +0.00000000e+00 +6.03121803e-03 -4.16216720e+05 -2.52047902e+04  -8.78400711e+02 +2.69863351e+02  +1.51578697e+05 -8.42885437e+04    -6.40199196e-02 -1.06926272e-01  +2.23098817e+01 -5.59546216e+00  +7.19483201e-03 +6.51498603e-02 
+7.91486597e-03 +0.00000000e+00 -1.16400027e-03 +7.81779373e+03 -1.06832002e+04  -6.59746914e+00 -1.70993560e+01  +1.25140874e+04 +5.90738290e+03    +3.10603201e-03 +1.35649666e-02  +2.84316484e+00 +1.86758680e+00  +4.81671303e-03 +2.05332443e-02 
+3.29694788e-03 +0.00000000e+00 -7.28904210e-03 +2.91138335e+03 -1.21022150e+03  -1.45603786e+01 +7.91453977e+00  -3.32283330e+03 +5.18623602e+03    +4.23402516e-03 +1.55120786e-02  +4.74789169e-01 +3.63616377e-01  +1.52074925e-03 +4.93304059e-03 
-4.35216889e-03 +0.00000000e+00 -6.71257223e-03 -4.03083043e+03 +1.84060554e+03  -9.96558582e+00 -5.44979543e+00  -2.60566900e+03 +5.42416185e+03    +4.99948087e-03 +1.62705616e-02  -6.92179783e-01 -5.86080888e-01  -2.11786411e-03 -6.68671316e-03 
-7.99992165e-03 +0.00000000e+00 +3.54055839e-05 -5.79973743e+03 +1.41245853e+04  -4.19783660e+01 +1.15623572e+01  +2.02993218e+04 +4.72114710e+03    +3.43247968e-03 +1.31782713e-02  -3.69500210e+00 -2.35031593e+00  -1.31399501e-02 -3.08811891e-02 
-4.29258334e-03 +0.00000000e+00 +6.75083167e-03 +1.05675311e+06 -3.99042846e+04  -2.15763394e+03 +1.28941796e+03  +5.21449657e+04 -1.56362921e+05    -2.76411263e-01 -3.00549917e-01  -3.46206844e+01 +2.85500118e+01  -9.78188608e-02 -2.15793835e-01 
+3.36133629e-03 +0.00000000e+00 +7.25957425e-03 -2.53520002e+06 +2.35030141e+05  -2.02846438e+03 +5.34976713e+02  -6.76408384e+05 -2.31564798e+05    -1.07702214e-01 -1.96665729e-01  +5.19983573e+01 -1.01359602e+02  +6.65546379e-02 +2.59068595e-01 
+7.92485885e-03 +0.00000000e+00 +1.09389775e-03 +1.27740976e+03 -1.78053891e+04  -2.42570911e+01 -7.03317393e+00  +2.94100130e+04 +2.81354328e+03    +1.81299615e-03 +1.00697149e-02  +4.61960893e+00 +2.58186404e+00  +7.99032709e-03 +3.01049835e-02 
+5.20230272e-03 +0.00000000e+00 -6.07750330e-03 +4.95133524e+03 -2.50758397e+03  -5.22702337e+00 -1.38338486e+01  -1.76240271e+03 +5.66868041e+03    +2.98707062e-03 +1.47785156e-02  +8.75619047e-01 +6.70717770e-01  +1.91047838e-03 +7.89306539e-03 
-2.30322653e-03 +0.00000000e+00 -7.66127584e-03 -2.02347085e+03 +7.79698693e+02  -9.52277147e+00 +6.05069216e-01  -3.68895087e+03 +4.99680400e+03    +4.93259273e-03 +1.60825060e-02  -3.30796515e-01 -2.98237661e-01  -1.12198617e-03 -3.37903277e-03 
-7.69117994e-03 +0.00000000e+00 -2.20130670e-03 -8.21094371e+03 +8.34774713e+03  -3.18424555e+01 +1.33377605e+01  +7.96475639e+03 +6.24085207e+03    +4.66713905e-03 +1.47986258e-02  -2.32039748e+00 -1.67240348e+00  -8.42462880e-03 -2.10686005e-02 
-6.00789797e-03 +0.00000000e+00 +5.28253367e-03 +1.94803808e+05 +3.55514601e+04  -2.26499457e+02 +1.26146385e+02  +1.31658560e+05 -4.65859898e+04    -1.97044196e-02 -7.64726611e-03  -1.58895781e+01 -9.70486651e-01  -6.13902913e-02 -1.19554866e-01 
+1.19901768e-03 +0.00000000e+00 +7.90963695e-03 -1.85443169e+07 +1.73909728e+06  -9.73607284e+03 -6.05530835e+02  -5.17946418e+07 +1.48487548e+06    -2.18458688e-01 -1.24526621e+00  +8.40344402e+01 -2.65491940e+03  +1.00894106e-01 +9.91084553e-01 
+7.30356201e-03 +0.00000000e+00 +3.26465649e-03 -3.05211779e+04 -2.84202035e+04  -1.74689965e+01 +3.47498703e+01  +6.35303104e+04 -8.19240622e+03    -2.09331665e-04 +8.71816336e-04  +7.98711429e+00 +3.13816992e+00  +1.61036302e-02 +4.78103484e-02 
+6.69324511e-03 +0.00000000e+00 -4.38183408e-03 +6.92057767e+03 -4.62297386e+03  -5.68947369e+00 -8.58334654e+00  +1.31329005e+03 +6.21596384e+03    +3.13470723e-03 +1.46766652e-02  +1.41900811e+00 +1.05001923e+00  +2.53685913e-03 +1.14966748e-02 
-7.08104743e-05 +0.00000000e+00 -7.99968661e-03 -7.75483556e+01 +1.87372452e+01  -8.02328552e+00 -2.26120418e+00  -4.04988308e+03 +4.85760395e+03    +4.76287909e-03 +1.59935497e-02  -1.66300278e-02 -3.84318240e-02  +1.05773036e-05 -3.14703440e-05 
-6.76976323e-03 +0.00000000e+00 -4.26266416e-03 -7.06382176e+03 +4.79323398e+03  -1.31308998e+01 +9.43694132e+00  +1.67789425e+03 +6.22476343e+03    +5.40298727e-03 +1.60113694e-02  -1.48059649e+00 -1.15492900e+00  -5.30236965e-03 -1.40678955e-02 
-7.24462690e-03 +0.00000000e+00 +3.39343206e-03 +3.52478147e+04 +2.88388632e+04  -1.16068755e+02 +1.51964600e+01  +6.76114943e+04 -9.56570102e+03    -1.71681843e-03 +5.81545721e-03  -8.34139559e+00 -3.33351544e+00  -2.51283170e-02 -5.61169434e-02 
-1.05881400e-03 +0.00000000e+00 +7.92962249e-03 +2.15329060e+07 -1.70198976e+06  -1.14428059e+05 +2.66342173e+04  -7.42963311e+07 +1.82867585e+06    -1.34626398e+00 -3.11130769e+00  -7.81251674e+01 +3.55021918e+03  -2.90177246e-01 -2.05375781e+00 
+6.10046760e-03 +0.00000000e+00 +5.17535458e-03 -1.74216179e+05 -3.59992492e+04  -1.99039349e+02 +1.18753944e+02  +1.26467109e+05 -4.23642178e+04    -2.20170081e-02 -5.43134502e-02  +1.51159411e+01 +1.13686494e+00  +3.74740690e-02 +7.83412944e-02 
+7.65100743e-03 +0.00000000e+00 -2.33711047e-03 +8.16791381e+03 -8.05716953e+03  -1.60496950e+01 -1.06426836e+01  +7.28291448e+03 +6.29750691e+03    +2.74599454e-03 +1.38029429e-02  +2.22995702e+00 +1.54420523e+00  +3.75703077e-03 +1.68910881e-02 
+2.16724631e-03 +0.00000000e+00 -7.70084693e-03 +1.85459439e+03 -7.13359522e+02  -1.21772182e+01 +9.58568999e+00  -3.74815157e+03 +4.98893929e+03    +4.69113661e-03 +1.58137506e-02  +2.94592778e-01 +2.18718447e-01  +1.07875552e-03 +3.23227667e-03 
-5.30907107e-03 +0.00000000e+00 -5.98446024e-03 -5.12326102e+03 +2.62533114e+03  -9.34480857e+00 -8.72868022e+00  -1.57503943e+03 +5.69153069e+03    +4.91514887e-03 +1.62007208e-02  -9.22514531e-01 -7.61131944e-01  -2.78451011e-03 -8.70308776e-03 
