0.0	0	0.008
0.0067317678784631725	0	0.004322418446945118
0.007274379414605454	0	-0.0033291746923771394
0.0011289600644789376	0	-0.007919939972803564
-0.006054419962463426	0	-0.005229148966908895
-0.007671394197305108	0	0.00226929748370581
-0.002235323985591407	0	0.007681362293202928
0.005255892789750313	0	0.006031218034746437
0.007914865972987054	0	-0.0011640002704689082
0.003296947881934053	0	-0.0072890420950774155
-0.004352168887114958	0	-0.00671257223261162
-0.007999921652405628	0	3.540558390440628e-05
-0.004292583344003479	0	0.006750831669859937
0.0033613362946131272	0	0.00725957425160157
0.007924858845558963	0	0.001093897745662669
0.005202302721256935	0	-0.00607750330287057
-0.0023032265333205225	0	-0.007661275842587078
-0.007691179935036455	0	-0.0022013067044127756
-0.0060078979741734085	0	0.005282533665952642
0.0011990176773036187	0	0.007909636945493353
0.007303562005821021	0	0.0032646564945071357
0.006693245108288449	0	-0.004381834081794147
-7.081047432323101e-05	0	-0.007999686611157098
-0.006769763233401365	0	-0.00426266416266718
-0.007244626896052991	0	0.003393432058695976
-0.0010588140007821844	0	0.007929622494907789
0.006100467603836822	0	0.005175354578629123
0.007651007427236025	0	-0.0023371104698706895
0.0021672463064629525	0	-0.007700846930508533
-0.0053090710737037404	0	-0.005984460237512003
