# scuff-scatter run on pekka-pc (09/25/15::22:34:09)
# columns: 
# 1,2,3   x,y,z (evaluation point coordinates)
# 4,5     real, imag Ex
# 6,7     real, imag Ey
# 8,9     real, imag Ez
# 10,11   real, imag Hx
# 12,13   real, imag Hy
# 14,15   real, imag Hz
+0.00000000e+00 +0.00000000e+00 +8.00000000e-03 -nan -nan  -nan -nan  -nan -nan    -nan -nan  -nan -nan  -nan -nan 
+6.73176788e-03 +0.00000000e+00 +4.32241845e-03 +1.13309662e+06 +1.81552635e+06  +4.22719428e+03 +1.26426338e+04  -1.35046054e+06 -4.12574242e+05    -1.21481422e+00 +3.85404566e-01  +4.84683528e+02 -7.74040323e+02  +1.55366053e+00 -1.23719020e-01 
+7.27437941e-03 +0.00000000e+00 -3.32917469e-03 -1.67232034e+06 -1.53876414e+06  +3.68332420e+03 +7.31731099e+03  -1.26675929e+05 -5.03088482e+05    +8.47258437e-01 -3.33566538e-01  +4.44742609e+02 -4.43114089e+02  +1.28361262e+00 -2.59486554e-01 
+1.12896006e-03 +0.00000000e+00 -7.91993997e-03 -4.16571618e+05 -5.12448550e+05  -4.40080826e+03 -3.93443396e+03  +2.19546296e+06 +2.48162242e+06    +3.61468749e-01 +4.59391222e-01  +6.59441952e+01 -5.88659022e+01  +7.88752675e-02 +3.98823951e-02 
-6.05441996e-03 +0.00000000e+00 -5.22914897e-03 +1.77214163e+06 +1.91304529e+06  +8.53154356e+03 +1.37788844e+04  +7.20887312e+05 +4.83894736e+05    +7.60199986e-01 -4.89374512e-02  -3.62466179e+02 +3.40868165e+02  -6.68439805e-01 -1.30421278e-01 
-7.67139420e-03 +0.00000000e+00 +2.26929748e-03 -6.06047848e+04 -9.00805708e+05  -2.03255660e+03 -3.99911301e+03  -1.40509763e+06 -1.12427893e+06    +1.50040755e-01 -4.95467093e-01  -5.14635029e+02 +6.71896696e+02  -2.34763016e-02 -9.11799807e-01 
-2.23532399e-03 +0.00000000e+00 +7.68136229e-03 -1.25196177e+07 -3.03672067e+06  +4.25842313e+03 -2.54394378e+04  -8.60107538e+05 +3.18580137e+06    +1.05301568e+00 -7.29402033e+00  -2.82698106e+02 +1.86990417e+03  -5.84216293e-01 +9.64878413e+00 
+5.25589279e-03 +0.00000000e+00 +6.03121803e-03 +2.51306977e+06 +2.29912724e+06  -2.71808012e+03 +7.92205673e+03  -1.20522412e+06 +6.66526246e+05    -1.54869731e+00 +6.43688041e-01  +4.23396066e+02 -9.35395771e+02  +7.10580392e-01 +1.44282983e+00 
+7.91486597e-03 +0.00000000e+00 -1.16400027e-03 -1.21375999e+06 -7.26443401e+05  +4.98504302e+03 +6.88046875e+03  -8.38778955e+05 -1.14390971e+06    +5.64733272e-01 -3.64635472e-01  +4.97059721e+02 -5.36370411e+02  +1.60398266e+00 -4.65249016e-01 
+3.29694788e-03 +0.00000000e+00 -7.28904210e-03 -1.16690507e+06 -1.40547487e+06  -1.24540652e+04 -1.58971617e+04  +1.80112160e+06 +1.92456309e+06    +1.34450314e-01 +5.31627125e-01  +1.95029565e+02 -1.74949627e+02  +1.11318073e-01 +1.98571304e-01 
-4.35216889e-03 +0.00000000e+00 -6.71257223e-03 +1.45821003e+06 +1.71100497e+06  +6.53613665e+03 +1.07702374e+04  +1.47912857e+06 +1.47477977e+06    +7.13842170e-01 +1.13072119e-01  -2.57799674e+02 +2.33119884e+02  -3.00745260e-01 -2.08513738e-01 
-7.99992165e-03 +0.00000000e+00 +3.54055839e-05 +8.38104709e+05 +1.77694748e+05  -1.82315288e+03 +1.66711804e+02  -1.12276329e+06 -1.29203238e+06    -6.28754777e-02 +5.28460985e-02  -5.11807537e+02 +5.83118389e+02  -3.44384650e-01 -6.61631850e-01 
-4.29258334e-03 +0.00000000e+00 +6.75083167e-03 -3.84792222e+06 -2.44544148e+06  -1.45735077e+04 +2.21973917e+02  -1.24547903e+06 +1.32148072e+06    -4.68140783e-01 +8.41167135e-02  -3.81676131e+02 +1.09197515e+03  -2.93406475e-02 -1.40160566e+00 
+3.36133629e-03 +0.00000000e+00 +7.25957425e-03 +6.34627568e+06 +2.61482094e+06  -1.30809058e+04 +9.05182588e+02  -1.33528679e+06 +2.00852446e+06    -1.11534238e+00 -9.97956012e-01  +3.39687655e+02 -1.32770282e+03  +3.86379824e-01 +7.10965537e-01 
+7.92485885e-03 +0.00000000e+00 +1.09389775e-03 -4.36860959e+05 +3.36074698e+05  +3.12410145e+03 +6.51099952e+03  -1.29392373e+06 -1.27777984e+06    -1.15315298e-01 -2.89138484e-02  +5.17482268e+02 -6.25018380e+02  +1.66624025e+00 -3.75573810e-01 
+5.20230272e-03 +0.00000000e+00 -6.07750330e-03 -1.64350634e+06 -1.86414664e+06  +4.72684875e+03 +7.38930524e+03  +1.14066903e+06 +1.02669094e+06    +1.11672655e+00 -2.94696012e-01  +3.09437911e+02 -2.85539878e+02  +8.05541069e-01 -1.55348828e-01 
-2.30322653e-03 +0.00000000e+00 -7.66127584e-03 +8.37809912e+05 +1.02638754e+06  +1.25390513e+03 +4.10902402e+03  +2.03991607e+06 +2.25738685e+06    +5.59030140e-01 +3.19742910e-01  -1.35775446e+02 +1.19784740e+02  -1.59698356e-01 -1.00430175e-01 
-7.69117994e-03 +0.00000000e+00 -2.20130670e-03 +1.47692345e+06 +1.15202329e+06  -5.74336917e+03 -3.77964776e+03  -5.20262981e+05 -8.92501903e+05    -7.58514400e-02 +3.38744674e-01  -4.75656189e+02 +4.92238649e+02  -2.73704832e-01 -6.69787753e-01 
-6.00789797e-03 +0.00000000e+00 +5.28253367e-03 -1.75189277e+06 -2.09532086e+06  -1.21375449e+03 -1.67794678e+03  -1.27433955e+06 +1.21650021e+05    -1.57868603e-01 -8.62016332e-01  -4.54811223e+02 +8.46567051e+02  -4.25941174e-01 -2.76719937e-01 
+1.19901768e-03 +0.00000000e+00 +7.90963695e-03 +1.07774712e+07 +3.04612808e+06  -1.87036423e+04 -1.66982450e+03  -2.01596057e+07 +5.64388119e+06    -3.20995115e-01 -3.40678197e+00  +1.90127505e+02 -3.51077036e+03  +8.95813763e-02 +3.99096367e-01 
+7.30356201e-03 +0.00000000e+00 +3.26465649e-03 +5.54671757e+05 +1.36393466e+06  +3.74792934e+03 +1.03361893e+04  -1.42404724e+06 -8.61478828e+05    -8.31587609e-01 +2.33550924e-01  +5.05394068e+02 -7.17713032e+02  +1.65154094e+00 -3.05963074e-01 
+6.69324511e-03 +0.00000000e+00 -4.38183408e-03 -1.77450094e+06 -1.80593926e+06  +8.55089551e+03 +1.37088893e+04  +3.06516635e+05 -1.59675169e+04    +1.21773210e+00 -5.10383442e-01  +4.05006672e+02 -3.90807116e+02  +1.30629338e+00 -3.22829739e-01 
-7.08104743e-05 +0.00000000e+00 -7.99968661e-03 +3.28166739e+04 +4.38316748e+04  +4.04811444e+03 +8.03531951e+03  +2.23381348e+06 +2.53518831e+06    +6.40434950e-01 +2.76827043e-01  -4.82472305e+00 +3.49719885e+00  +6.09178914e-03 -1.21279708e-02 
-6.76976323e-03 +0.00000000e+00 -4.26266416e-03 +1.78136871e+06 +1.79502329e+06  -2.45778870e+01 +4.06392641e+03  +2.63567609e+05 -6.91511741e+04    +3.34482563e-01 +2.11377867e-01  -4.09508133e+02 +3.95773980e+02  -6.42828009e-01 -2.66785009e-01 
-7.24462690e-03 +0.00000000e+00 +3.39343206e-03 -6.01716740e+05 -1.41980451e+06  -3.68367063e+03 -4.74655548e+03  -1.40984912e+06 -8.00328552e+05    +2.10162050e-01 -7.12494369e-01  -5.02277672e+02 +7.22580064e+02  -7.68327188e-02 -7.68787420e-01 
-1.05881400e-03 +0.00000000e+00 +7.92962249e-03 -6.73658794e+06 -2.87104605e+06  -8.15461687e+04 -4.25220716e+04  -3.75356214e+07 +6.02628994e+06    +8.98716381e-01 -1.50850221e+00  -1.74360178e+02 +4.15666611e+03  +9.76402452e-02 -5.19622502e-01 
+6.10046760e-03 +0.00000000e+00 +5.17535458e-03 +1.68341372e+06 +2.09062269e+06  +2.14997841e+03 +1.24959592e+04  -1.26324795e+06 +7.91677006e+04    -1.52147550e+00 +5.32544847e-01  +4.58924421e+02 -8.36788015e+02  +1.37075576e+00 -4.29956554e-02 
+7.65100743e-03 +0.00000000e+00 -2.33711047e-03 -1.49884607e+06 -1.20018257e+06  +2.10468920e+03 +3.90260830e+03  -4.80057608e+05 -8.53666843e+05    +6.87866885e-01 -3.05993459e-01  +4.72973055e+02 -4.87532647e+02  +1.20993839e+00 -1.68969567e-01 
+2.16724631e-03 +0.00000000e+00 -7.70084693e-03 -7.98052454e+05 -9.77942666e+05  -1.05851683e+04 -1.26398165e+04  +2.05315682e+06 +2.27966838e+06    +1.37842860e-01 +5.85599057e-01  +1.27822586e+02 -1.13846287e+02  +9.42628962e-02 +1.22068185e-01 
-5.30907107e-03 +0.00000000e+00 -5.98446024e-03 +1.66279124e+06 +1.87656546e+06  +9.42449427e+03 +1.43450124e+04  +1.09746832e+06 +9.64416783e+05    +7.92239150e-01 -5.02370618e-03  -3.15654126e+02 +2.90903172e+02  -4.48809043e-01 -2.01629805e-01 
