# scuff-scatter run on pekka-pc (09/25/15::22:38:02)
# columns: 
# 1,2,3   x,y,z (evaluation point coordinates)
# 4,5     real, imag Ex
# 6,7     real, imag Ey
# 8,9     real, imag Ez
# 10,11   real, imag Hx
# 12,13   real, imag Hy
# 14,15   real, imag Hz
+0.00000000e+00 +0.00000000e+00 +8.00000000e-03 -nan -nan  -nan -nan  -nan -nan    -nan -nan  -nan -nan  -nan -nan 
+6.73176788e-03 +0.00000000e+00 +4.32241845e-03 -2.03722587e+05 -6.80947890e+03  -1.46591626e+02 -1.15846467e+01  -2.14398789e+04 -8.57074886e+03    -4.56470628e-05 -4.24695451e-03  +4.82876634e+00 -5.81519875e+01  +1.09930906e-03 +1.70163487e-02 
+7.27437941e-03 +0.00000000e+00 -3.32917469e-03 -3.25654305e+04 -3.65338824e+03  -1.06806854e+01 +1.81220650e+00  +3.28716096e+04 +2.56295739e+03    +8.02835345e-04 +2.98232874e-03  +1.26080089e+00 -1.12079487e+01  +5.78675764e-04 +3.97755324e-03 
+1.12896006e-03 +0.00000000e+00 -7.91993997e-03 -2.73291431e+03 -4.03569329e+02  -2.95340192e+00 -4.29828436e-01  +2.99203113e+04 +3.75060768e+03    +5.48751500e-04 +2.29132624e-03  +1.29216425e-01 -1.04387988e+00  +1.21753269e-04 -4.30386463e-04 
-6.05441996e-03 +0.00000000e+00 -5.22914897e-03 +2.05486955e+04 +2.61937000e+03  -3.88359470e+00 +3.24242969e+00  +3.19912842e+04 +3.17395092e+03    +9.61701406e-04 -8.78027801e-04  -8.72781445e-01 +7.36340383e+00  -4.43348159e-04 -2.62119669e-04 
-7.67139420e-03 +0.00000000e+00 +2.26929748e-03 +1.10382928e+05 +6.73431140e+03  +4.00697518e+01 +1.45234853e+01  +1.99752213e+04 -2.36854765e+03    +1.40440192e-03 -2.83532778e-03  -3.13259775e+00 +3.34630845e+01  -2.05737563e-03 +6.77521105e-03 
-2.23532399e-03 +0.00000000e+00 +7.68136229e-03 +3.54958100e+06 -2.41430860e+05  +2.48694159e+04 +1.89919129e+03  -6.58484568e+06 +1.51104866e+04    +5.59922415e-03 +3.05090557e-01  -2.26232115e+01 +8.78810771e+02  -2.47636596e-01 +3.04401279e+00 
+5.25589279e-03 +0.00000000e+00 +6.03121803e-03 -4.53732682e+05 +1.79458562e+03  -1.77489474e+02 +1.97532394e+01  -2.06654925e+05 -2.32041089e+04    -1.18077929e-02 +1.16384720e-01  +8.23416985e+00 -1.19465714e+02  -9.41843089e-03 +1.36367819e-01 
+7.91486597e-03 +0.00000000e+00 -1.16400027e-03 -5.12465867e+04 -4.84678345e+03  -2.42962193e+01 +3.21785366e+00  +3.24711248e+04 +1.47036158e+03    +1.02820261e-03 +1.08115307e-03  +1.78235578e+00 -1.68330449e+01  +8.97676128e-04 +6.35947919e-03 
+3.29694788e-03 +0.00000000e+00 -7.28904210e-03 -8.59086821e+03 -1.23170492e+03  -9.99333946e+00 -2.44818628e+00  +3.04634029e+04 +3.63560581e+03    +4.38191989e-04 +3.76411971e-03  +3.98591142e-01 -3.22934868e+00  +1.73760232e-04 +4.98658755e-04 
-4.35216889e-03 +0.00000000e+00 -6.71257223e-03 +1.21644491e+04 +1.68977510e+03  +4.99437937e-01 +3.59492681e+00  +3.09358014e+04 +3.52285521e+03    +8.42300396e-04 +2.24580067e-04  -5.53493639e-01 +4.50525778e+00  -1.49212685e-04 -1.29363560e-03 
-7.99992165e-03 +0.00000000e+00 +3.54055839e-05 +6.59514930e+04 +5.52771963e+03  +6.82045048e+00 +3.07198197e+00  +3.08429918e+04 +5.48314821e+02    +5.51822729e-04 +2.41119269e-03  -2.15311649e+00 +2.10732951e+01  -1.59836659e-03 +7.68975508e-03 
-4.29258334e-03 +0.00000000e+00 +6.75083167e-03 +7.95113535e+05 -2.28760405e+04  +1.23541427e+03 +1.16249637e+02  -5.60556594e+05 -3.71406071e+04    -4.80707027e-02 +6.40930264e-01  -1.15862894e+01 +1.98447529e+02  -8.43682006e-03 +3.57492095e-02 
+3.36133629e-03 +0.00000000e+00 +7.25957425e-03 -1.46650570e+06 +7.52847327e+04  -4.95138878e+02 +5.33832691e+01  -1.51913099e+06 -4.75499284e+04    -1.11213725e-02 +9.87572896e-02  +1.60567796e+01 -3.51999870e+02  +7.42474988e-03 +8.21567807e-02 
+7.92485885e-03 +0.00000000e+00 +1.09389775e-03 -8.31354651e+04 -6.13442187e+03  -3.79845122e+01 +5.68327619e-01  +2.74858407e+04 -5.58370052e+02    +4.18248434e-04 +3.94232959e-03  +2.54824909e+00 -2.59748012e+01  +7.62947952e-04 +1.08679852e-02 
+5.20230272e-03 +0.00000000e+00 -6.07750330e-03 -1.57771748e+04 -2.11041923e+03  -2.53355060e+01 +1.77507147e+00  +3.13983050e+04 +3.38901460e+03    +6.85508594e-04 +4.78772245e-03  +6.93849422e-01 -5.76988918e+00  +4.91985247e-04 +1.15246654e-03 
-2.30322653e-03 +0.00000000e+00 -7.66127584e-03 +5.72231271e+03 +8.41484182e+02  -2.03957038e-01 +1.40272353e+00  +3.01415155e+04 +3.70482824e+03    +6.47037880e-04 +1.41481523e-03  -2.72993892e-01 +2.16636091e+00  -1.33935435e-04 -1.41510150e-04 
-7.69117994e-03 +0.00000000e+00 -2.20130670e-03 +4.13545517e+04 +4.26880716e+03  -7.84583049e+00 -9.98165444e-01  +3.29495623e+04 +2.05766695e+03    +4.23075856e-04 +2.28008187e-03  -1.51994526e+00 +1.38844267e+01  -7.65615794e-04 +1.93759959e-03 
-6.00789797e-03 +0.00000000e+00 +5.28253367e-03 +3.02711888e+05 +4.39786142e+03  +2.50639409e+02 +2.83905992e+01  -8.37656261e+04 -1.47995738e+04    +6.03518770e-04 +2.61627819e-02  -6.33121535e+00 +8.28828033e+01  -9.87867870e-03 +7.86327271e-02 
+1.19901768e-03 +0.00000000e+00 +7.90963695e-03 -1.18583453e+07 +4.09080078e+05  -1.03701639e+04 +2.74869070e+01  -4.58511801e+07 +3.77679277e+05    -2.12462607e-02 -7.31343940e-01  +2.24157108e+01 -3.27452029e+03  +1.96996871e-02 +7.16148102e-01 
+7.30356201e-03 +0.00000000e+00 +3.26465649e-03 -1.44961667e+05 -7.08496735e+03  -2.64900103e+01 -7.96478587e+00  +6.93375833e+03 -4.64278355e+03    +6.27197811e-04 -3.87736677e-03  +3.80000599e+00 -4.27805180e+01  +1.18035547e-03 +9.87320853e-03 
+6.69324511e-03 +0.00000000e+00 -4.38183408e-03 -2.56169717e+04 -3.08597056e+03  -1.09320611e+01 +2.76739985e+00  +3.24810008e+04 +2.92857072e+03    +8.45984838e-04 +3.37115543e-03  +1.04180306e+00 -9.01566576e+00  +3.74437863e-04 +4.67936874e-03 
-7.08104743e-05 +0.00000000e+00 -7.99968661e-03 +1.60091104e+02 +2.81637874e+01  -1.53537717e+00 +2.01016936e+00  +2.98802538e+04 +3.76375339e+03    +6.68978083e-04 +1.61829068e-03  -9.60452334e-03 +5.91118665e-02  +1.36532526e-05 -1.73882064e-04 
-6.76976323e-03 +0.00000000e+00 -4.26266416e-03 +2.63440852e+04 +3.15454685e+03  +2.00021307e-01 -4.77597907e-01  +3.25594871e+04 +2.88634503e+03    +7.23908067e-04 -2.17377773e-04  -1.06901205e+00 +9.23880291e+00  -5.17953371e-04 +3.84356191e-04 
-7.24462690e-03 +0.00000000e+00 +3.39343206e-03 +1.50551518e+05 +7.08296264e+03  +4.38752910e+01 +1.49498437e+01  +4.83328097e+03 -5.06314902e+03    +1.25849286e-03 +1.39640114e-03  -3.91015393e+00 +4.42310589e+01  -3.65909295e-03 +2.16294210e-02 
-1.05881400e-03 +0.00000000e+00 +7.92962249e-03 +1.50139009e+07 -3.97582205e+05  -3.41210495e+04 +3.71125530e+03  -6.70612205e+07 +4.55016247e+05    -2.11025237e-01 +1.09487999e+00  -2.07848070e+01 +4.23132432e+03  -5.19674045e-02 -1.22224564e+00 
+6.10046760e-03 +0.00000000e+00 +5.17535458e-03 -2.87610109e+05 -4.96244238e+03  -7.94309309e+01 -1.21786657e+01  -7.34565001e+04 -1.39068808e+04    -2.89803564e-03 +1.16277347e-02  +6.11386836e+00 -7.92610770e+01  +3.68547532e-03 -2.06911839e-02 
+7.65100743e-03 +0.00000000e+00 -2.33711047e-03 -4.02047476e+04 -4.19360195e+03  -2.01205247e+01 +2.62965279e+00  +3.29234593e+04 +2.13030112e+03    +7.08535746e-04 +4.43127315e-03  +1.48383422e+00 -1.35478575e+01  +4.36202428e-04 +7.17222736e-03 
+2.16724631e-03 +0.00000000e+00 -7.70084693e-03 -5.36706000e+03 -7.88603968e+02  -4.72247929e+00 -2.26807022e+00  +3.01038117e+04 +3.71008202e+03    +4.79619069e-04 +2.71017457e-03  +2.53521559e-01 -2.04073507e+00  +1.37382138e-04 +2.00945365e-05 
-5.30907107e-03 +0.00000000e+00 -5.98446024e-03 +1.62854423e+04 +2.16914982e+03  +7.16963679e-01 +4.73507580e+00  +3.14654833e+04 +3.36448212e+03    +8.81138727e-04 +1.73024406e-04  -7.16393185e-01 +5.93526077e+00  -2.28529579e-04 -1.46452823e-03 
