# scuff-scatter run on pekka-pc (09/25/15::22:35:25)
# columns: 
# 1,2,3   x,y,z (evaluation point coordinates)
# 4,5     real, imag Ex
# 6,7     real, imag Ey
# 8,9     real, imag Ez
# 10,11   real, imag Hx
# 12,13   real, imag Hy
# 14,15   real, imag Hz
+0.00000000e+00 +0.00000000e+00 +8.00000000e-03 +7.66041155e+05 +1.31344616e+05  +7.47537312e+05 +8.22529643e+05  -4.54829379e+07 +1.46137549e+08    -7.45509869e+01 +3.85191275e+01  +5.96917655e+01 -1.25071438e+01  -6.56489561e-01 -6.75126532e-01 
+6.73176788e-03 +0.00000000e+00 +4.32241845e-03 +1.47377656e+06 -3.39816860e+05  -1.06241934e+04 +2.48275345e+04  +1.92437015e+05 +7.38480816e+05    -1.49754801e+00 -1.72509879e-01  -4.78478806e+01 +1.79690698e+02  +3.64163786e+00 +3.50754268e-01 
+7.27437941e-03 +0.00000000e+00 -3.32917469e-03 +4.48038754e+04 +2.64216732e+04  +3.81669634e+02 -1.46987250e+02  -1.10540994e+05 -6.52838016e+03    +3.44228928e-01 -5.40505100e-02  -4.50273173e+00 +1.67346161e+01  +4.33387050e-01 -6.89743073e-02 
+1.12896006e-03 +0.00000000e+00 -7.91993997e-03 +8.42807259e+02 +1.58169499e+03  -3.12045021e+01 -7.95859283e+01  -4.94463583e+04 -9.35971394e+03    +3.68317097e-01 -3.68924700e-02  -6.32495319e-01 +1.25401746e+00  +4.00231443e-02 -3.96293477e-03 
-6.05441996e-03 +0.00000000e+00 -5.22914897e-03 -1.86930273e+04 -1.35565174e+04  +2.34028337e+02 +6.43507401e+01  -8.03345112e+04 -7.45164548e+03    +3.87362099e-01 -3.53870900e-02  +1.75642912e+00 -1.08782444e+01  -3.10946842e-01 +2.42712148e-02 
-7.67139420e-03 +0.00000000e+00 +2.26929748e-03 -5.37468448e+05 -8.42783655e+04  +4.41177071e+03 -7.73431339e+03  -2.67936787e+05 +2.10251255e+05    +1.37994422e-02 -1.32381170e-02  +2.21899222e+01 -7.34772604e+01  -1.43670231e+00 +1.73714098e-01 
-2.23532399e-03 +0.00000000e+00 +7.68136229e-03 +2.67824863e+07 -3.14093414e+07  -1.19324964e+05 +1.69472906e+06  -1.15967363e+07 -1.52881385e+07    -7.51186978e+01 +1.74373835e+01  -2.42412954e+03 -1.77034075e+03  -6.86500875e+01 -3.16704676e+00 
+5.25589279e-03 +0.00000000e+00 +6.03121803e-03 +1.96370901e+06 -3.44264464e+06  -8.01238204e+04 +4.06526354e+04  +3.20086738e+06 -3.60933669e+04    -5.47915805e+00 -3.06411628e+00  +2.16651711e+01 +5.32309047e+02  +6.33923780e+00 +9.52763061e-01 
+7.91486597e-03 +0.00000000e+00 -1.16400027e-03 +1.06859085e+05 +5.37465438e+04  +1.09095252e+03 -1.94643089e+02  -1.66254942e+05 +1.24212614e+04    +2.95805742e-01 -5.02376363e-02  -8.41654081e+00 +2.71287886e+01  +6.72248601e-01 -1.11148334e-01 
+3.29694788e-03 +0.00000000e+00 -7.28904210e-03 +3.77258294e+03 +4.86701894e+03  -5.70899128e+00 -3.50344477e+02  -5.62390905e+04 -9.20559492e+03    +3.52889683e-01 -4.62718871e-02  -1.24150844e+00 +4.26590849e+00  +1.16702433e-01 -1.65954242e-02 
-4.35216889e-03 +0.00000000e+00 -6.71257223e-03 -7.25269073e+03 -6.90145594e+03  +2.11451047e+02 -2.76621744e+02  -6.23597640e+04 -9.00129524e+03    +3.75332164e-01 -3.82703863e-02  +8.19942558e-01 -6.50087725e+00  -1.76901452e-01 +1.72891362e-02 
-7.99992165e-03 +0.00000000e+00 +3.54055839e-05 -1.85513565e+05 -7.14830260e+04  +2.16055608e+02 -1.08662813e+03  -2.07634885e+05 +3.98410650e+04    +2.66289886e-01 -2.51977669e-02  +1.00013653e+01 -3.74734811e+01  -9.44484135e-01 +3.90376851e-02 
-4.29258334e-03 +0.00000000e+00 +6.75083167e-03 +1.81968425e+06 +5.22700173e+06  -3.76346248e+04 +2.60090737e+05  +6.71705515e+06 -4.40010639e+06    -3.01590302e+01 -2.54035369e+00  -3.27705448e+02 -9.72937832e+02  -1.66839518e+01 -4.47171867e-01 
+3.36133629e-03 +0.00000000e+00 +7.25957425e-03 -1.08922050e+07 -1.17536047e+06  -1.75776379e+05 +6.28579932e+04  +7.45468484e+06 -1.24671857e+07    -1.41401574e+01 -6.63443410e+00  +9.67480708e+02 +1.46946234e+03  +8.00669212e+00 +2.90245989e+00 
+7.92485885e-03 +0.00000000e+00 +1.09389775e-03 +2.97890630e+05 +9.65206715e+04  +5.83122169e+02 +3.92273786e+02  -2.53542666e+05 +1.01257267e+05    +1.58183771e-01 -2.28442760e-02  -1.74024782e+01 +4.84194716e+01  +1.11764479e+00 -1.21382070e-01 
+5.20230272e-03 +0.00000000e+00 -6.07750330e-03 +1.12711303e+04 +1.04912214e+04  +4.63192688e+02 -5.01745882e+02  -6.92467524e+04 -9.33525438e+03    +3.52076952e-01 -6.65865875e-02  -2.09147237e+00 +7.96913080e+00  +2.09634910e-01 -4.26109736e-02 
-2.30322653e-03 +0.00000000e+00 -7.66127584e-03 -1.96981092e+03 -3.46753526e+03  +4.77960809e+01 -1.27084471e+02  -5.21558994e+04 -9.06558817e+03    +3.74080007e-01 -3.52568712e-02  +2.07565021e-01 -3.13865811e+00  -8.40790289e-02 +7.24097548e-03 
-7.69117994e-03 +0.00000000e+00 -2.20130670e-03 -7.13172674e+04 -3.72103493e+04  -2.99702542e+02 -5.23086837e+02  -1.34788655e+05 +2.06670487e+02    +3.53869482e-01 -1.97967702e-02  +4.74101326e+00 -2.22514961e+01  -5.97167100e-01 +2.14319993e-02 
-6.00789797e-03 +0.00000000e+00 +5.28253367e-03 -2.04497938e+06 +1.59680519e+06  -1.95129943e+04 +5.62178582e+03  +1.28723574e+06 +7.58941334e+05    -4.14971160e+00 -5.60425986e-01  +3.06649651e+01 -3.22525596e+02  -6.46724719e+00 -8.10250156e-01 
+1.19901768e-03 +0.00000000e+00 +7.90963695e-03 -2.27577808e+07 +7.78172726e+07  -7.76281641e+05 +1.40963119e+05  -3.49081829e+07 +5.29781153e+07    -3.54462860e+01 -1.12504654e+01  +3.13535468e+03 +1.29926317e+03  +8.28353983e+00 +2.25121281e+00 
+7.30356201e-03 +0.00000000e+00 +3.26465649e-03 +9.02145895e+05 +7.88564440e+03  -4.51380180e+03 +1.56914645e+04  -2.05531693e+05 +3.89450083e+05    -5.63601901e-01 +4.01084495e-03  -3.52504853e+01 +1.06488266e+02  +2.44449523e+00 +2.14326629e-02 
+6.69324511e-03 +0.00000000e+00 -4.38183408e-03 +2.84641221e+04 +1.77433176e+04  +3.72421641e+02 +2.20778564e+02  -9.29152063e+04 -7.87571460e+03    +3.63218740e-01 -6.06909362e-02  -3.39509907e+00 +1.30375624e+01  +3.60546240e-01 -5.98322235e-02 
-7.08104743e-05 +0.00000000e+00 -7.99968661e-03 +1.28300061e+02 -1.74040389e+02  +1.01818925e+02 -1.15684330e+02  -4.89358735e+04 -9.35501256e+03    +3.70830230e-01 -3.73843814e-02  -3.38890162e-01 -2.39840849e-01  -2.17053452e-03 +6.24140268e-06 
-6.76976323e-03 +0.00000000e+00 -4.26266416e-03 -3.03585001e+04 -1.72545720e+04  -2.05336917e+02 +4.21332833e+02  -9.49130411e+04 -6.41933519e+03    +3.89595689e-01 -2.37756431e-02  +2.42911790e+00 -1.39394388e+01  -4.03906731e-01 +1.89981983e-02 
-7.24462690e-03 +0.00000000e+00 +3.39343206e-03 -9.36388828e+05 +3.14909057e+04  +2.53604619e+03 -1.07355957e+04  -1.65250196e+05 +4.49642161e+05    -3.65275364e-01 -6.77906954e-02  +3.33392824e+01 -1.15753771e+02  -2.14270251e+00 +1.67833711e-01 
-1.05881400e-03 +0.00000000e+00 +7.92962249e-03 +1.92819101e+07 -7.68219275e+07  +1.90596138e+06 +2.32586649e+06  -3.67116206e+07 +6.90829350e+07    -1.24907612e+02 +6.37763227e+01  -2.91931867e+03 -1.12250184e+03  -2.11273279e+01 +9.60873329e+00 
+6.10046760e-03 +0.00000000e+00 +5.17535458e-03 +1.97881823e+06 -1.31887417e+06  -2.68626986e+04 +3.66539982e+04  +1.08586418e+06 +9.58403893e+05    -3.05077605e+00 -8.53811724e-01  -4.81356989e+01 +2.96724161e+02  +4.89851366e+00 +1.00860339e+00 
+7.65100743e-03 +0.00000000e+00 -2.33711047e-03 +6.63358746e+04 +3.76474485e+04  +7.46604618e+02 -9.34659442e+02  -1.31670568e+05 -1.30832687e+03    +3.23412891e-01 -5.54620554e-02  -5.95961826e+00 +2.08848313e+01  +5.08412103e-01 -8.92330239e-02 
+2.16724631e-03 +0.00000000e+00 -7.70084693e-03 +1.64207504e+03 +3.11271241e+03  -8.93879471e+01 -6.36754156e+01  -5.18498726e+04 -9.23390650e+03    +3.64245193e-01 -3.85261801e-02  -9.05297512e-01 +2.60843782e+00  +7.69458056e-02 -8.83526101e-03 
-5.30907107e-03 +0.00000000e+00 -5.98446024e-03 -1.22779734e+04 -1.02809399e+04  +2.97876700e+02 -2.58460844e+02  -7.05008664e+04 -8.86378730e+03    +3.79747938e-01 -3.88509405e-02  +1.26315072e+00 -8.65700641e+00  -2.38842621e-01 +2.27650430e-02 
