# scuff-scatter run on pekka-pc (09/25/15::22:32:14)
# columns: 
# 1,2,3   x,y,z (evaluation point coordinates)
# 4,5     real, imag Ex
# 6,7     real, imag Ey
# 8,9     real, imag Ez
# 10,11   real, imag Hx
# 12,13   real, imag Hy
# 14,15   real, imag Hz
+0.00000000e+00 +0.00000000e+00 +8.00000000e-03 -nan -nan  -nan -nan  -nan -nan    -nan -nan  -nan -nan  -nan -nan 
+6.73176788e-03 +0.00000000e+00 +4.32241845e-03 -1.86242717e+05 +1.68566423e+04  -6.16235828e+02 +3.23981062e+01  -5.15043648e+05 -2.17906909e+04    -4.35430467e-03 +1.61474382e-02  +9.61894354e+00 -2.13810601e+02  +4.63547581e-04 +5.43773330e-02 
+7.27437941e-03 +0.00000000e+00 -3.32917469e-03 -3.60302473e+05 -2.32920913e+04  +5.23520316e+02 +5.31163769e+01  +8.34604125e+04 -2.80368292e+02    +4.46661158e-03 -4.50064475e-02  +5.24379391e+00 -7.60671554e+01  +4.38156962e-03 -3.68802739e-02 
+1.12896006e-03 +0.00000000e+00 -7.91993997e-03 -6.28536790e+04 -5.44075248e+03  -4.17141767e+02 -4.53513303e+01  +3.85276121e+05 +2.98598701e+04    -2.67874830e-03 +2.69741648e-02  +6.79536070e-01 -8.72261992e+00  -6.83283885e-05 -1.92328413e-04 
-6.05441996e-03 +0.00000000e+00 -5.22914897e-03 +3.17349448e+05 +2.38838772e+04  +1.10836639e+03 +1.13735888e+02  +2.05466824e+05 +1.09759182e+04    +1.86581004e-03 -2.17181444e-02  -3.99866362e+00 +5.49277748e+01  -3.62969544e-05 -4.54208084e-03 
-7.67139420e-03 +0.00000000e+00 +2.26929748e-03 +2.99321155e+05 +5.06994775e+02  +7.16952239e+02 +2.70844306e+00  -2.88718256e+05 -2.04564610e+04    +5.31767754e-03 -8.20938599e-02  -8.24327512e+00 +1.54385564e+02  +8.67192706e-03 -7.58232186e-02 
-2.23532399e-03 +0.00000000e+00 +7.68136229e-03 -4.76064442e+06 -2.67586348e+05  +4.81426918e+04 -5.55071758e+02  -5.00043129e+06 +9.45839238e+04    +1.18157321e-01 -1.81429600e+00  -1.69960817e+01 +1.07532608e+03  -9.79303461e-02 +6.24815005e+00 
+5.25589279e-03 +0.00000000e+00 +6.03121803e-03 +1.38629085e+05 +4.50465418e+04  -1.49338934e+03 -7.82269489e+01  -1.01135079e+06 -1.97922850e+04    -6.25928554e-03 +2.38445580e-01  +1.15458719e+01 -3.27653133e+02  -2.14561743e-02 +5.55262987e-01 
+7.91486597e-03 +0.00000000e+00 -1.16400027e-03 -3.67982051e+05 -1.79227982e+04  +8.86842947e+02 +7.71676397e+01  -5.14757689e+04 -1.04438717e+04    +4.51937300e-03 -5.22348050e-02  +6.43022285e+00 -1.00827615e+02  +6.87319064e-03 -5.96809652e-02 
+3.29694788e-03 +0.00000000e+00 -7.28904210e-03 -1.81923774e+05 -1.53394544e+04  -1.29676441e+03 -1.41679062e+02  +3.40054767e+05 +2.48930199e+04    -3.53924171e-03 +3.43116080e-02  +2.02929386e+00 -2.64238906e+01  -1.15801482e-03 +1.02015211e-02 
-4.35216889e-03 +0.00000000e+00 -6.71257223e-03 +2.35687596e+05 +1.92998837e+04  +9.33055230e+02 +9.15449694e+01  +3.01687390e+05 +2.07784001e+04    +6.20340431e-04 -7.66606043e-03  -2.71708401e+00 +3.59377712e+01  +1.12755641e-03 -1.48930981e-02 
-7.99992165e-03 +0.00000000e+00 +3.54055839e-05 +3.55074474e+05 +1.30572957e+04  -5.75431180e+01 -1.38080255e+01  -1.28164531e+05 -1.48921758e+04    -6.90032411e-04 +2.41111127e-03  -7.04479575e+00 +1.16469372e+02  +5.56075416e-03 -4.97848977e-02 
-4.29258334e-03 +0.00000000e+00 +6.75083167e-03 -6.45530370e+05 -7.47186008e+04  -2.40234317e+03 -3.22597679e+02  -1.58740512e+06 -1.55300246e+04    +7.43010976e-03 +7.72301702e-01  -1.30761638e+01 +4.44175262e+02  +2.15059771e-02 -2.45640530e-01 
+3.36133629e-03 +0.00000000e+00 +7.25957425e-03 +1.77632230e+06 +1.29664745e+05  -3.23061376e+03 -2.37787027e+02  -2.52619571e+06 -7.59944736e+02    +1.85863062e-02 -1.58641193e-01  +1.49128801e+01 -6.26041599e+02  -1.08044764e-02 +1.57101125e-01 
+7.92485885e-03 +0.00000000e+00 +1.09389775e-03 -3.34795832e+05 -7.70641463e+03  +4.10129977e+02 +4.56923828e+01  -1.99652305e+05 -1.79726395e+04    +1.74237894e-04 -4.42350257e-03  +7.60883177e+00 -1.32651244e+02  +5.12355514e-03 -2.76261819e-02 
+5.20230272e-03 +0.00000000e+00 -6.07750330e-03 -2.77245235e+05 -2.19271511e+04  +7.35086334e+02 +7.14860580e+01  +2.60381113e+05 +1.64626797e+04    +4.85750868e-03 -4.49546294e-02  +3.33259682e+00 -4.47297190e+01  +3.16047976e-03 -3.14046772e-02 
-2.30322653e-03 +0.00000000e+00 -7.66127584e-03 +1.28188415e+05 +1.09859134e+04  +2.42997553e+02 +2.41464745e+01  +3.67410414e+05 +2.78880016e+04    -1.35006353e-03 +1.43545367e-02  -1.39205936e+00 +1.80164571e+01  +4.29046152e-04 -4.94434998e-03 
-7.69117994e-03 +0.00000000e+00 -2.20130670e-03 +3.69302322e+05 +2.10740867e+04  -7.21749667e+02 -6.66457113e+01  +1.43491821e+04 -5.79947166e+03    -3.31360057e-03 +3.50479584e-02  -5.86470101e+00 +8.84791500e+01  +5.56252441e-03 -5.94443772e-02 
-6.00789797e-03 +0.00000000e+00 +5.28253367e-03 +6.61329508e+04 -2.90465006e+04  +8.52427285e+02 -4.89414324e+00  -7.21885610e+05 -2.13345049e+04    +1.10814960e-02 -1.62390773e-01  -1.05219187e+01 +2.63527877e+02  +3.33447954e-03 +9.44193143e-02 
+1.19901768e-03 +0.00000000e+00 +7.90963695e-03 +9.73827903e+05 +3.72791439e+05  -1.01909812e+04 -1.12117285e+02  -3.28734092e+07 +4.24773377e+05    +4.57230320e-02 -9.90447136e-01  +1.45777952e+01 -2.58224206e+03  +8.51797550e-04 +2.35173304e-01 
+7.30356201e-03 +0.00000000e+00 +3.26465649e-03 -2.54241194e+05 +7.09531556e+03  -2.11987258e+02 +3.45614782e+01  -3.81306620e+05 -2.17160849e+04    -2.74600816e-03 +3.46633704e-03  +8.86920173e+00 -1.78657652e+02  +3.36711720e-03 -9.76746689e-05 
+6.69324511e-03 +0.00000000e+00 -4.38183408e-03 -3.42073491e+05 -2.42355292e+04  +1.09462032e+03 +1.13209459e+02  +1.48996970e+05 +5.55636108e+03    +6.59335101e-03 -6.39462955e-02  +4.59890170e+00 -6.46020660e+01  +4.88886338e-03 -3.87051133e-02 
-7.08104743e-05 +0.00000000e+00 -7.99968661e-03 +4.79579323e+03 +4.31949876e+02  +5.62175014e+02 +5.85735729e+01  +3.89705218e+05 +3.03456111e+04    -7.34816170e-04 +8.33998417e-03  -4.28964254e-02 +5.56585682e-01  +1.14795878e-04 -1.47255177e-03 
-6.76976323e-03 +0.00000000e+00 -4.26266416e-03 +3.46119038e+05 +2.43411555e+04  -9.76334621e+01 +1.05418430e+00  +1.42098351e+05 +4.94612381e+03    -1.34555525e-03 +1.21914943e-02  -4.66352699e+00 +6.58034616e+01  +1.40017828e-03 -2.07255978e-02 
-7.24462690e-03 +0.00000000e+00 +3.39343206e-03 +2.51093005e+05 -7.87309732e+03  +3.85488361e+02 -2.35749227e+01  -3.94326898e+05 -2.16544103e+04    +7.83057795e-03 -1.06791198e-01  -8.93214571e+00 +1.82042811e+02  +7.21266590e-03 -3.51773040e-02 
-1.05881400e-03 +0.00000000e+00 +7.92962249e-03 +2.62161695e+06 -3.57654805e+05  +1.75047130e+03 -1.37237460e+03  -5.17829098e+07 +4.87400984e+05    +5.32270746e-02 +1.99572364e+00  -1.34836416e+01 +3.16383001e+03  -2.33358542e-03 -2.01236562e-01 
+6.10046760e-03 +0.00000000e+00 +5.17535458e-03 -8.68399485e+04 +2.74573497e+04  -1.24866896e+03 -9.45019785e+00  -6.92203777e+05 -2.12760294e+04    -6.06503378e-03 +6.21758036e-02  +1.04127662e+01 -2.56723995e+02  -1.51331436e-03 +2.48290779e-02 
+7.65100743e-03 +0.00000000e+00 -2.33711047e-03 -3.68463054e+05 -2.13603223e+04  +4.91722554e+02 +3.96863318e+01  +2.23792691e+04 -5.20605020e+03    +4.02164125e-03 -3.81678677e-02  +5.80252983e+00 -8.70414692e+01  +3.45947333e-03 -2.44453266e-02 
+2.16724631e-03 +0.00000000e+00 -7.70084693e-03 -1.21379280e+05 -1.04406048e+04  -1.13932114e+03 -1.21485315e+02  +3.69048889e+05 +2.80709574e+04    -4.04315320e-03 +3.93026174e-02  +1.31727200e+00 -1.69847859e+01  -6.60121983e-04 +6.06342775e-03 
-5.30907107e-03 +0.00000000e+00 -5.98446024e-03 +2.82148491e+05 +2.22011451e+04  +1.30965817e+03 +1.28130812e+02  +2.54549345e+05 +1.58766045e+04    +1.64233811e-03 -1.75399840e-02  -3.40116915e+00 +4.58131708e+01  +8.67014367e-04 -1.34486034e-02 
