# scuff-scatter run on pekka-pc (09/25/15::22:31:50)
# columns: 
# 1,2,3   x,y,z (evaluation point coordinates)
# 4,5     real, imag Ex
# 6,7     real, imag Ey
# 8,9     real, imag Ez
# 10,11   real, imag Hx
# 12,13   real, imag Hy
# 14,15   real, imag Hz
+0.00000000e+00 +0.00000000e+00 +8.00000000e-03 -nan -nan  -nan -nan  -nan -nan    -nan -nan  -nan -nan  -nan -nan 
+6.73176788e-03 +0.00000000e+00 +4.32241845e-03 -2.11648860e+05 +1.08378435e+04  -6.55377505e+02 +1.46996274e+01  -4.76449775e+05 -1.62838517e+04    -2.57597033e-03 +9.52189654e-03  +6.76044046e+00 -1.90936762e+02  -3.08198496e-04 +5.19057322e-02 
+7.27437941e-03 +0.00000000e+00 -3.32917469e-03 -3.22466475e+05 -1.63726713e+04  +4.39350046e+02 +3.54547108e+01  +8.36554238e+04 +2.67694305e+02    +2.86483589e-03 -3.67639900e-02  +3.54470088e+00 -6.54162573e+01  +2.68447331e-03 -2.89487590e-02 
+1.12896006e-03 +0.00000000e+00 -7.91993997e-03 -5.43689871e+04 -3.71439282e+03  -3.46631253e+02 -3.02674752e+01  +3.38839839e+05 +2.06862920e+04    -1.83188738e-03 +2.18684815e-02  +4.54326628e-01 -7.40142230e+00  -4.91193562e-05 -3.25366550e-04 
-6.05441996e-03 +0.00000000e+00 -5.22914897e-03 +2.79326496e+05 +1.65319475e+04  +9.29946153e+02 +7.60664803e+01  +1.87964318e+05 +7.96375185e+03    +1.13756335e-03 -1.83432427e-02  -2.68961271e+00 +4.69653359e+01  +1.05656837e-04 -4.18392133e-03 
-7.67139420e-03 +0.00000000e+00 +2.26929748e-03 +2.96158997e+05 +1.34337669e+03  +7.02933187e+02 +6.77346483e+00  -2.54220928e+05 -1.44469428e+04    +3.66540587e-03 -7.07382792e-02  -5.70438662e+00 +1.36013987e+02  +5.86155935e-03 -5.95761931e-02 
-2.23532399e-03 +0.00000000e+00 +7.68136229e-03 -4.28742203e+06 -2.08379101e+05  +4.89843850e+04 -3.22320127e+02  -5.16021191e+06 +6.91101379e+04    +8.52084151e-02 -1.55521283e+00  -1.27058096e+01 +1.00935926e+03  -7.66100556e-02 +5.85851659e+00 
+5.25589279e-03 +0.00000000e+00 +6.03121803e-03 +6.43418038e+04 +3.18934432e+04  -1.34923270e+03 -6.21438264e+01  -9.73438487e+05 -1.63671073e+04    -4.19609594e-03 +2.21289859e-01  +8.28652086e+00 -2.97360478e+02  -1.60762311e-02 +5.00376401e-01 
+7.91486597e-03 +0.00000000e+00 -1.16400027e-03 -3.37782465e+05 -1.29934859e+04  +7.60329641e+02 +5.31879310e+01  -3.47608777e+04 -6.85489301e+03    +2.99530896e-03 -4.37121243e-02  +4.37796328e+00 -8.73954970e+01  +4.31603473e-03 -4.73060295e-02 
+3.29694788e-03 +0.00000000e+00 -7.28904210e-03 -1.57901167e+05 -1.04982698e+04  -1.07741358e+03 -9.40535147e+01  +3.01166070e+05 +1.73576930e+04    -2.36229683e-03 +2.77926767e-02  +1.35835262e+00 -2.24586647e+01  -7.82057253e-04 +8.14327871e-03 
-4.35216889e-03 +0.00000000e+00 -6.71257223e-03 +2.05336057e+05 +1.32470096e+04  +7.89930588e+02 +6.16873329e+01  +2.69076220e+05 +1.45921321e+04    +3.17191819e-04 -6.67341292e-03  -1.82127786e+00 +3.06007385e+01  +8.13741145e-04 -1.25537889e-02 
-7.99992165e-03 +0.00000000e+00 +3.54055839e-05 +3.32219339e+05 +9.80134694e+03  -3.53854570e+01 -9.07911668e+00  -1.03913814e+05 -1.00786901e+04    -4.48446360e-04 +1.34825248e-03  -4.81960259e+00 +1.01470251e+02  +3.80400127e-03 -3.90513464e-02 
-4.29258334e-03 +0.00000000e+00 +6.75083167e-03 -5.18509441e+05 -5.49538636e+04  -1.84592575e+03 -2.37849920e+02  -1.55511556e+06 -1.43485218e+04    +4.12403420e-03 +7.58128103e-01  -9.51244467e+00 +4.07094389e+02  +1.51926567e-02 -2.01095560e-01 
+3.36133629e-03 +0.00000000e+00 +7.25957425e-03 +1.55099412e+06 +9.83103632e+04  -2.82222797e+03 -1.73569976e+02  -2.51814014e+06 -4.27504333e+03    +1.35637120e-02 -1.21860018e-01  +1.09905464e+01 -5.79373011e+02  -7.72071301e-03 +1.33753040e-01 
+7.92485885e-03 +0.00000000e+00 +1.09389775e-03 -3.20212258e+05 -6.23732613e+03  +3.36760780e+02 +3.03529207e+01  -1.69921537e+05 -1.24149275e+04    +1.63703675e-04 -4.05798680e-03  +5.23127356e+00 -1.16132978e+02  +3.02417553e-03 -1.91852435e-02 
+5.20230272e-03 +0.00000000e+00 -6.07750330e-03 -2.42586144e+05 -1.51033853e+04  +6.21021604e+02 +4.86792063e+01  +2.34392134e+05 +1.16824044e+04    +3.07952723e-03 -3.61224158e-02  +2.23693201e+00 -3.81472835e+01  +2.00163007e-03 -2.55309095e-02 
-2.30322653e-03 +0.00000000e+00 -7.66127584e-03 +1.11028136e+05 +7.50702333e+03  +2.05892172e+02 +1.61278286e+01  +3.23962824e+05 +1.93651424e+04    -9.84248298e-04 +1.16187084e-02  -9.31268528e-01 +1.53036921e+01  +3.09378182e-04 -4.05511961e-03 
-7.69117994e-03 +0.00000000e+00 -2.20130670e-03 +3.34511748e+05 +1.50097414e+04  -6.13594922e+02 -4.55938657e+01  +2.34248296e+04 -3.57221277e+03    -2.22611777e-03 +2.86381167e-02  -3.97863217e+00 +7.63995869e+01  +3.80448239e-03 -4.84559247e-02 
-6.00789797e-03 +0.00000000e+00 +5.28253367e-03 +1.12465235e+05 -1.98171286e+04  +8.53442361e+02 -4.83403188e-01  -6.82726530e+05 -1.66682180e+04    +7.93979722e-03 -1.38533416e-01  -7.47268135e+00 +2.37302328e+02  +2.17031919e-03 +9.67639200e-02 
+1.19901768e-03 +0.00000000e+00 +7.90963695e-03 +3.09514131e+05 +2.93978701e+05  -1.00108616e+04 -7.16590384e+01  -3.36224761e+07 +3.29760610e+05    +3.24453888e-02 -8.80659486e-01  +1.10068042e+01 -2.46824922e+03  +1.06965941e-03 +2.29434185e-01 
+7.30356201e-03 +0.00000000e+00 +3.26465649e-03 -2.63430211e+05 +3.92354475e+03  -2.59215499e+02 +1.84216882e+01  -3.43942587e+05 -1.56868201e+04    -1.58044165e-03 -6.04294989e-04  +6.17863479e+00 -1.58343911e+02  +1.74163666e-03 +4.37062054e-03 
+6.69324511e-03 +0.00000000e+00 -4.38183408e-03 -3.03174661e+05 -1.68764431e+04  +9.15926598e+02 +7.56380115e+01  +1.39963077e+05 +4.27535850e+03    +4.21772004e-03 -5.18404479e-02  +3.09966293e+00 -5.53681729e+01  +3.00904847e-03 -2.99648922e-02 
-7.08104743e-05 +0.00000000e+00 -7.99968661e-03 +4.12368227e+03 +2.93503300e+02  +4.71780436e+02 +3.91039112e+01  +3.42537746e+05 +2.10125959e+04    -5.78591493e-04 +6.73234861e-03  -2.86431510e-02 +4.73313200e-01  +7.71213560e-05 -1.24867377e-03 
-6.76976323e-03 +0.00000000e+00 -4.26266416e-03 +3.07006832e+05 +1.69619698e+04  -9.65874279e+01 -7.94060185e-01  +1.34023680e+05 +3.85525144e+03    -9.63119939e-04 +9.54568258e-03  -3.14444236e+00 +5.64264583e+01  +1.08133845e-03 -1.75043736e-02 
-7.24462690e-03 +0.00000000e+00 +3.39343206e-03 +2.61539202e+05 -4.46304855e+03  +4.16004864e+02 -1.19402994e+01  -3.56935521e+05 -1.57074670e+04    +5.39680929e-03 -9.07526778e-02  -6.22884300e+00 +1.61496686e+02  +4.82713243e-03 -2.25685941e-02 
-1.05881400e-03 +0.00000000e+00 +7.92962249e-03 +3.25922117e+06 -2.82243928e+05  +3.93911587e+03 -8.79000894e+02  -5.26442258e+07 +3.79567290e+05    +3.32940895e-02 +2.00883179e+00  -1.01814818e+01 +3.03165162e+03  -2.93139405e-03 -2.00083982e-01 
+6.10046760e-03 +0.00000000e+00 +5.17535458e-03 -1.30370466e+05 +1.86054429e+04  -1.21464074e+03 -1.65302978e+01  -6.53276466e+05 -1.65549511e+04    -3.80444107e-03 +5.21174730e-02  +7.38571067e+00 -2.30932491e+02  -1.62165455e-03 +2.06582863e-02 
+7.65100743e-03 +0.00000000e+00 -2.33711047e-03 -3.33272338e+05 -1.51889106e+04  +4.26457516e+02 +2.76915677e+01  +3.04912753e+04 -3.15530921e+03    +2.60385175e-03 -3.09598281e-02  +3.93449323e+00 -7.51128214e+01  +2.06357623e-03 -1.82720248e-02 
+2.16724631e-03 +0.00000000e+00 -7.70084693e-03 -1.05075369e+05 -7.13148447e+03  -9.50721841e+02 -8.11124216e+01  +3.25328006e+05 +1.94880663e+04    -2.70288467e-03 +3.17850793e-02  +8.80976049e-01 -1.44196873e+01  -4.47902110e-04 +4.82569848e-03 
-5.30907107e-03 +0.00000000e+00 -5.98446024e-03 +2.47032220e+05 +1.52994323e+04  +1.10844154e+03 +8.63924379e+01  +2.29461996e+05 +1.12856032e+04    +9.83223115e-04 -1.46733404e-02  -2.28364163e+00 +3.90884651e+01  +6.71466947e-04 -1.15217274e-02 
