# scuff-scatter run on pekka-pc (09/25/15::22:37:40)
# columns: 
# 1,2,3   x,y,z (evaluation point coordinates)
# 4,5     real, imag Ex
# 6,7     real, imag Ey
# 8,9     real, imag Ez
# 10,11   real, imag Hx
# 12,13   real, imag Hy
# 14,15   real, imag Hz
+0.00000000e+00 +0.00000000e+00 +8.00000000e-03 -7.49165990e+04 -3.56253605e+02  -3.47176494e+04 -5.97294761e+02  -5.77894834e+06 +1.06650314e+06    -8.84930683e-02 -2.11841629e+00  +2.33313454e-01 +2.90272027e+00  -5.84596566e-04 +3.07038826e-02 
+6.73176788e-03 +0.00000000e+00 +4.32241845e-03 +3.58805766e+04 -9.43984718e+03  -1.23729539e+02 -1.05738535e+01  +5.02622793e+04 -1.12949432e+04    -3.07206673e-04 -4.64681121e-03  +5.60706972e+00 +2.54726764e+01  +2.28275617e-03 +1.97121919e-02 
+7.27437941e-03 +0.00000000e+00 -3.32917469e-03 +2.06461511e+04 -4.21777506e+03  -1.41223803e+01 +1.57391403e+00  -1.08934217e+04 +2.41260934e+03    +9.90641996e-04 +4.68535257e-03  +1.24906405e+00 +6.33392165e+00  +7.90772499e-04 +5.26709329e-03 
+1.12896006e-03 +0.00000000e+00 -7.91993997e-03 +2.38837592e+03 -4.30262686e+02  -2.20849087e+00 +3.07058903e-02  -1.85212178e+04 +3.45691881e+03    +8.69085937e-04 +3.63671877e-03  +1.15874069e-01 +6.23382466e-01  +1.64454026e-04 -1.46709960e-04 
-6.05441996e-03 +0.00000000e+00 -5.22914897e-03 -1.50687660e+04 +2.92565165e+03  -9.93148761e+00 +2.62108635e+00  -1.46334393e+04 +2.99395640e+03    +1.29725225e-03 +1.36512908e-03  -8.32978177e-01 -4.32117067e+00  -6.87189537e-04 -1.34382611e-03 
-7.67139420e-03 +0.00000000e+00 +2.26929748e-03 -3.62999885e+04 +8.67565747e+03  +8.54721924e+00 +1.63102606e+01  +1.65577648e+04 -3.34618063e+03    +1.56951255e-03 +1.84541755e-04  -3.48397177e+00 -1.63527381e+01  -3.29574020e-03 +1.37008334e-03 
-2.23532399e-03 +0.00000000e+00 +7.68136229e-03 +1.20269966e+06 -3.14405918e+05  +2.03918812e+04 +2.68273763e+03  -1.23829302e+05 +1.36901542e+04    -8.22600579e-03 +3.00581288e-01  -2.87203475e+01 -1.16275833e+02  -3.25654214e-01 +2.41382101e+00 
+5.25589279e-03 +0.00000000e+00 +6.03121803e-03 -1.16884016e+04 +4.73669095e+02  -2.30922731e+02 +3.63349813e+01  +1.27164648e+05 -3.08085850e+04    -1.61377263e-02 +8.61939624e-02  +9.94678644e+00 +4.37100926e+01  -9.77951365e-03 +1.13612535e-01 
+7.91486597e-03 +0.00000000e+00 -1.16400027e-03 +2.68559137e+04 -5.81083228e+03  -2.96765522e+01 +2.17885496e+00  -4.56389286e+03 +1.24663098e+03    +1.19984896e-03 +3.15978052e-03  +1.84571840e+00 +9.10880611e+00  +1.14434246e-03 +8.16208389e-03 
+3.29694788e-03 +0.00000000e+00 -7.28904210e-03 +7.24057167e+03 -1.32735540e+03  -5.40603716e+00 -1.54674778e+00  -1.77014357e+04 +3.37633061e+03    +7.28549287e-04 +4.83812263e-03  +3.63505795e-01 +1.93648178e+00  +2.82195378e-04 +9.50328043e-04 
-4.35216889e-03 +0.00000000e+00 -6.71257223e-03 -9.88750628e+03 +1.84117806e+03  -6.65468784e+00 +3.19440337e+00  -1.69113480e+04 +3.28970431e+03    +1.17057789e-03 +2.20386686e-03  -5.12608579e-01 -2.70715792e+00  -2.91843072e-04 -1.70436652e-03 
-7.99992165e-03 +0.00000000e+00 +3.54055839e-05 -3.02680872e+04 +6.78169154e+03  -2.42429941e-01 +4.16733364e+00  +6.43977899e+02 +1.91446801e+02    +7.89131922e-04 +3.69840690e-03  -2.28721070e+00 -1.10842561e+01  -2.48146840e-03 +3.64043252e-03 
-4.29258334e-03 +0.00000000e+00 +6.75083167e-03 +1.27385089e+05 -2.71469144e+04  +9.42700571e+02 +1.91853877e+02  +2.03043242e+05 -4.99586476e+04    -6.64999334e-02 +5.16020753e-01  -1.42718716e+01 -6.11844332e+01  -1.42103098e-02 +1.37597340e-02 
+3.36133629e-03 +0.00000000e+00 +7.25957425e-03 -4.05094184e+05 +9.50824463e+04  -6.34009187e+02 +8.89813252e+01  +2.66916544e+05 -6.52743594e+04    -1.77774989e-02 +6.96911673e-02  +2.00785626e+01 +8.47946986e+01  +1.16486299e-02 +9.88079881e-02 
+7.92485885e-03 +0.00000000e+00 +1.09389775e-03 +3.34158193e+04 -7.68689389e+03  -3.87338612e+01 +8.39595037e-02  +6.71897919e+03 -1.11776760e+03    +5.33649087e-04 +4.77557281e-03  +2.76377332e+00 +1.32147987e+01  +1.18989687e-03 +1.24825560e-02 
+5.20230272e-03 +0.00000000e+00 -6.07750330e-03 +1.22614414e+04 -2.32382354e+03  -2.82403570e+01 +8.10892099e-01  -1.60147319e+04 +3.18177934e+03    +8.48438201e-04 +6.22715327e-03  +6.49436514e-01 +3.40682504e+00  +5.99106923e-04 +2.18016691e-03 
-2.30322653e-03 +0.00000000e+00 -7.66127584e-03 -4.97566688e+03 +9.01345215e+02  -2.99811584e+00 +1.46926321e+00  -1.81944098e+04 +3.42459061e+03    +9.77269505e-04 +2.98715476e-03  -2.48238006e-01 -1.32575358e+00  -2.08834812e-04 -4.69178738e-04 
-7.69117994e-03 +0.00000000e+00 -2.20130670e-03 -2.38790465e+04 +5.02523265e+03  -6.53784266e+00 +5.81619296e-02  -7.94193680e+03 +1.88374140e+03    +7.38929233e-04 +3.34816499e-03  -1.54283271e+00 -7.70645826e+00  -1.33645417e-03 -1.02477246e-04 
-6.00789797e-03 +0.00000000e+00 +5.28253367e-03 -2.20096494e+04 +6.89038033e+03  +1.85282421e+02 +3.80556078e+01  +8.32702088e+04 -1.95176911e+04    -3.86888136e-04 +2.64083151e-02  -7.51614612e+00 -3.34402858e+01  -1.39095812e-02 +5.37996356e-02 
+1.19901768e-03 +0.00000000e+00 +7.90963695e-03 -2.50626759e+06 +5.39445857e+05  -1.04158637e+04 +1.67244219e+01  -1.73217543e+06 +4.91425034e+05    -3.47844312e-02 -7.68543771e-01  +2.87269750e+01 +1.31047016e+02  +2.67061094e-02 +7.45164840e-01 
+7.30356201e-03 +0.00000000e+00 +3.26465649e-03 +3.76321231e+04 -9.39930661e+03  -1.03096977e+01 -7.64394500e+00  +2.87510196e+04 -6.21467522e+03    +6.97863810e-04 -2.56567978e-03  +4.31279890e+00 +1.98901510e+01  +2.06439856e-03 +1.27420117e-02 
+6.69324511e-03 +0.00000000e+00 -4.38183408e-03 +1.75888765e+04 -3.49835367e+03  -1.59140970e+01 +2.01793252e+00  -1.30977559e+04 +2.77135489e+03    +1.01214607e-03 +5.15135515e-03  +1.01000840e+00 +5.18501726e+00  +5.05086662e-04 +5.46883613e-03 
-7.08104743e-05 +0.00000000e+00 -7.99968661e-03 -1.64615059e+02 +2.95075786e+01  -5.50907335e+00 +1.81249831e+00  -1.85913567e+04 +3.46719207e+03    +9.83088547e-04 +3.21182757e-03  -9.29922419e-03 -4.82942376e-02  +1.50442450e-05 -1.36648295e-04 
-6.76976323e-03 +0.00000000e+00 -4.26266416e-03 -1.79611916e+04 +3.58262237e+03  +1.06600508e+00 +5.50967930e-02  -1.28346447e+04 +2.72911861e+03    +1.08801868e-03 +1.56005123e-03  -1.04050251e+00 -5.33271514e+00  -8.62593718e-04 -9.43044088e-04 
-7.24462690e-03 +0.00000000e+00 +3.39343206e-03 -3.76499636e+04 +9.42359058e+03  +1.07374532e+01 +1.78966483e+01  +3.11884245e+04 -6.75573895e+03    +1.16399936e-03 +3.69396539e-03  -4.45281961e+00 -2.05063520e+01  -5.34946814e-03 +1.25473781e-02 
-1.05881400e-03 +0.00000000e+00 +7.92962249e-03 +2.70512356e+06 -5.24787014e+05  -4.30049495e+04 +5.37446659e+03  -2.40278129e+06 +5.94085272e+05    -2.97890182e-01 +5.77919608e-01  -2.66461796e+01 -1.26323620e+02  -7.14376493e-02 -1.31608063e+00 
+6.10046760e-03 +0.00000000e+00 +5.17535458e-03 +2.52506641e+04 -7.53782728e+03  -5.75709287e+01 -8.13745022e+00  +7.86227334e+04 -1.83121964e+04    -4.16580242e-03 +4.19147397e-03  +7.23639608e+00 +3.23164362e+01  +5.91759784e-03 -1.13344703e-02 
+7.65100743e-03 +0.00000000e+00 -2.33711047e-03 +2.34872523e+04 -4.92462873e+03  -2.50364391e+01 +2.14411638e+00  -8.38921917e+03 +1.96328369e+03    +8.46970504e-04 +5.80494470e-03  +1.50022996e+00 +7.51436872e+00  +6.54690373e-04 +8.14458584e-03 
+2.16724631e-03 +0.00000000e+00 -7.70084693e-03 +4.66111660e+03 -8.42893560e+02  -4.04508016e-01 -1.33654702e+00  -1.82457496e+04 +3.42879954e+03    +8.03285091e-04 +3.91066787e-03  +2.28975675e-01 +1.22718558e+00  +2.11333744e-04 +3.59536420e-04 
-5.30907107e-03 +0.00000000e+00 -5.98446024e-03 -1.25979593e+04 +2.39318347e+03  -8.58028900e+00 +4.07112997e+00  -1.58667804e+04 +3.15957331e+03    +1.19804008e-03 +2.21957170e-03  -6.73328189e-01 -3.52581423e+00  -4.12404229e-04 -2.06415628e-03 
