# scuff-scatter run on pekka-pc (09/25/15::22:33:58)
# columns: 
# 1,2,3   x,y,z (evaluation point coordinates)
# 4,5     real, imag Ex
# 6,7     real, imag Ey
# 8,9     real, imag Ez
# 10,11   real, imag Hx
# 12,13   real, imag Hy
# 14,15   real, imag Hz
+0.00000000e+00 +0.00000000e+00 +8.00000000e-03 -nan -nan  -nan -nan  -nan -nan    -nan -nan  -nan -nan  -nan -nan 
+6.73176788e-03 +0.00000000e+00 +4.32241845e-03 +7.37515674e+05 +7.07289943e+05  +3.31451358e+03 +4.35533251e+03  -1.12281914e+06 -2.27869762e+05    -4.04730297e-01 +3.87411305e-01  +2.07016107e+02 -6.19980397e+02  +4.82469768e-01 -2.43762894e-01 
+7.27437941e-03 +0.00000000e+00 -3.32917469e-03 -1.30170897e+06 -6.21810958e+05  +3.35690761e+03 +2.58486956e+03  -6.65748132e+04 -1.72713411e+05    +2.86465462e-01 -3.38114407e-01  +1.73917599e+02 -3.38668868e+02  +4.11021570e-01 -3.85550539e-01 
+1.12896006e-03 +0.00000000e+00 -7.91993997e-03 -3.18099872e+05 -1.95753613e+05  -2.75460704e+03 -1.61145049e+03  +1.69208125e+06 +9.62854028e+05    +6.65576942e-02 +1.27560528e-01  +2.52616382e+01 -4.44827894e+01  +2.01365145e-02 -1.26625355e-03 
-6.05441996e-03 +0.00000000e+00 -5.22914897e-03 +1.36311080e+06 +7.49224302e+05  +7.01328810e+03 +5.02695150e+03  +5.74323224e+05 +2.10624122e+05    +2.32459854e-01 -1.82697119e-01  -1.40180854e+02 +2.59789491e+02  -1.88680171e-01 +6.87018179e-02 
-7.67139420e-03 +0.00000000e+00 +2.26929748e-03 +5.11211606e+04 -3.12046019e+05  -6.56629816e+02 -1.47370283e+03  -1.08361103e+06 -4.74371218e+05    +8.99332628e-02 -3.15173544e-01  -2.11725451e+02 +5.26424252e+02  +8.43077477e-02 -4.56917401e-01 
-2.23532399e-03 +0.00000000e+00 +7.68136229e-03 -1.06902161e+07 -1.83867151e+06  +1.92825346e+04 -1.37688168e+04  -2.00534151e+06 +1.47509983e+06    +9.58394865e-01 -5.60892650e+00  -1.55657434e+02 +1.69732565e+03  -4.16846791e-01 +9.17018050e+00 
+5.25589279e-03 +0.00000000e+00 +6.03121803e-03 +1.82947262e+06 +9.86758214e+05  -1.79963015e+03 +2.15371277e+03  -1.19348249e+06 +1.77727594e+05    -5.00566231e-01 +7.00249853e-01  +1.92182895e+02 -7.75709602e+02  +1.10467437e-01 +1.07728879e+00 
+7.91486597e-03 +0.00000000e+00 -1.16400027e-03 -9.74892426e+05 -3.23535116e+05  +4.32328087e+03 +2.59430500e+03  -6.12278132e+05 -4.36297010e+05    +2.04299475e-01 -3.05290626e-01  +1.97335565e+02 -4.12599451e+02  +5.27990888e-01 -5.53160934e-01 
+3.29694788e-03 +0.00000000e+00 -7.28904210e-03 -8.92866527e+05 -5.39016607e+05  -8.86225243e+03 -6.02048114e+03  +1.39361868e+06 +7.54865065e+05    -7.98926066e-03 +2.00855030e-01  +7.47635219e+01 -1.32694785e+02  +1.54139135e-02 +5.93719233e-02 
-4.35216889e-03 +0.00000000e+00 -6.71257223e-03 +1.11742596e+06 +6.59444972e+05  +5.52497792e+03 +3.91920323e+03  +1.14843731e+06 +5.86483386e+05    +2.03959493e-01 -1.01064499e-01  -9.89570813e+01 +1.77376741e+02  -7.12206388e-02 -3.74139539e-02 
-7.99992165e-03 +0.00000000e+00 +3.54055839e-05 +7.02168045e+05 +1.15109035e+05  -7.30672656e+02 -1.36260918e+02  -8.35881708e+05 -5.07181970e+05    -2.50171458e-02 +3.83643934e-02  -2.05260127e+02 +4.50818033e+02  -3.76252210e-02 -2.64104049e-01 
-4.29258334e-03 +0.00000000e+00 +6.75083167e-03 -2.96727216e+06 -1.13232345e+06  -1.06254010e+04 -1.53760886e+03  -1.41105636e+06 +4.45370214e+05    -3.20889697e-02 +5.25253072e-01  -1.81895034e+02 +9.28464627e+02  +1.29401595e-01 -9.58937967e-01 
+3.36133629e-03 +0.00000000e+00 +7.25957425e-03 +5.16705778e+06 +1.34572139e+06  -9.58895388e+03 -1.05938323e+03  -1.75836018e+06 +7.61977323e+05    -2.23581044e-01 -5.59431374e-01  +1.71654630e+02 -1.16033709e+03  +4.57809092e-02 +4.59402392e-01 
+7.92485885e-03 +0.00000000e+00 +1.09389775e-03 -4.14216927e+05 +8.52986623e+04  +2.90490991e+03 +2.28988892e+03  -9.78143833e+05 -5.16410388e+05    -3.20630745e-02 +6.48971979e-03  +2.09848604e+02 -4.85866781e+02  +5.37748742e-01 -4.81575159e-01 
+5.20230272e-03 +0.00000000e+00 -6.07750330e-03 -1.26138799e+06 -7.23171743e+05  +4.11119046e+03 +2.73115054e+03  +8.93697250e+05 +4.17007305e+05    +3.65201659e-01 -3.80954835e-01  +1.19258957e+02 -2.17059021e+02  +2.58071792e-01 -2.54575178e-01 
-2.30322653e-03 +0.00000000e+00 -7.66127584e-03 +6.41297552e+05 +3.92371352e+05  +1.53591783e+03 +1.37852430e+03  +1.57351263e+06 +8.79429415e+05    +1.38406516e-01 +2.85400823e-02  -5.18706814e+01 +9.11512967e+01  -3.88554552e-02 -1.19185592e-02 
-7.69117994e-03 +0.00000000e+00 -2.20130670e-03 +1.16171512e+06 +4.82035607e+05  -3.70901544e+03 -1.71429248e+03  -3.67892295e+05 -3.29398701e+05    -5.58686031e-02 +1.89905959e-01  -1.87325949e+02 +3.77515974e+02  -1.73551103e-02 -2.82946982e-01 
-6.00789797e-03 +0.00000000e+00 +5.28253367e-03 -1.21701340e+06 -8.55096220e+05  -6.61481661e+01 -7.16816971e+02  -1.14015976e+06 -3.19988014e+04    +3.03379480e-02 -5.25750346e-01  -1.99896683e+02 +6.89177435e+02  -8.34083505e-02 +4.70715438e-05 
+1.19901768e-03 +0.00000000e+00 +7.90963695e-03 +8.59917368e+06 +2.06217101e+06  -1.51987372e+04 -1.68843693e+03  -2.31974944e+07 +3.21590314e+06    +1.92675609e-01 -2.51302563e+00  +1.12668172e+02 -3.34898794e+03  +6.89636497e-03 +3.08818010e-01 
+7.30356201e-03 +0.00000000e+00 +3.26465649e-03 +3.08484043e+05 +5.07205094e+05  +3.11767866e+03 +3.56671257e+03  -1.12814000e+06 -3.87585117e+05    -2.74824011e-01 +2.49514311e-01  +2.11224460e+02 -5.67466844e+02  +5.27040050e-01 -4.06179632e-01 
+6.69324511e-03 +0.00000000e+00 -4.38183408e-03 -1.37120345e+06 -7.15337657e+05  +7.01149509e+03 +5.00768222e+03  +2.62200690e+05 +1.79018911e+04    +4.14890264e-01 -4.97027318e-01  +1.57421420e+02 -2.97989946e+02  +4.24250474e-01 -4.15997811e-01 
-7.08104743e-05 +0.00000000e+00 -7.99968661e-03 +2.55672777e+04 +1.64886602e+04  +3.64926614e+03 +2.84405539e+03  +1.72096608e+06 +9.82901985e+05    +1.67366967e-01 -1.19014945e-02  -1.77257923e+00 +2.85668275e+00  +2.94030239e-03 -7.22870993e-03 
-6.76976323e-03 +0.00000000e+00 -4.26266416e-03 +1.37597052e+06 +7.12423273e+05  +5.70436570e+02 +1.22800871e+03  +2.28112747e+05 -2.51835276e+03    +7.93657800e-02 +3.75621709e-02  -1.59198819e+02 +3.02099302e+02  -1.67465471e-01 -1.16047497e-02 
-7.24462690e-03 +0.00000000e+00 +3.39343206e-03 -3.44305079e+05 -5.29491393e+05  -1.89552169e+03 -1.87115380e+03  -1.12163614e+06 -3.65901742e+05    +1.29631910e-01 -4.45492111e-01  -2.10405450e+02 +5.71998150e+02  +5.73868296e-02 -3.54026874e-01 
-1.05881400e-03 +0.00000000e+00 +7.92962249e-03 -4.66321668e+06 -1.95593199e+06  -5.50092066e+04 -2.42479223e+04  -4.08971996e+07 +3.50717782e+06    +7.85100465e-01 -8.64039172e-02  -1.03785032e+02 +3.99319225e+03  +7.36110183e-02 -3.66168532e-01 
+6.10046760e-03 +0.00000000e+00 +5.17535458e-03 +1.16029388e+06 +8.47415268e+05  +1.63679572e+03 +4.11982113e+03  -1.12386106e+06 -4.73380793e+04    -5.06623768e-01 +5.30555594e-01  +2.00922030e+02 -6.80022736e+02  +4.12616523e-01 -1.82274421e-01 
+7.65100743e-03 +0.00000000e+00 -2.33711047e-03 -1.17897379e+06 -4.99264656e+05  +2.18127731e+03 +1.39860751e+03  -3.36108593e+05 -3.13716257e+05    +2.36493831e-01 -2.90198349e-01  +1.86151754e+02 -3.73605383e+02  +3.80839321e-01 -3.25896268e-01 
+2.16724631e-03 +0.00000000e+00 -7.70084693e-03 -6.09994297e+05 -3.73832936e+05  -7.44136247e+03 -4.85595221e+03  +1.58439386e+06 +8.87525808e+05    -1.23709619e-02 +2.28573951e-01  +4.89363319e+01 -8.62358166e+01  +1.72566508e-02 +3.22000312e-02 
-5.30907107e-03 +0.00000000e+00 -5.98446024e-03 +1.27622782e+06 +7.28671500e+05  +7.70031107e+03 +5.28835195e+03  +8.59386039e+05 +3.93794370e+05    +2.38449741e-01 -1.69533662e-01  -1.21605676e+02 +2.21498982e+02  -1.16288390e-01 -6.28839239e-03 
