# scuff-scatter run on pekka-pc (09/25/15::22:27:22)
# columns: 
# 1,2,3   x,y,z (evaluation point coordinates)
# 4,5     real, imag Ex
# 6,7     real, imag Ey
# 8,9     real, imag Ez
# 10,11   real, imag Hx
# 12,13   real, imag Hy
# 14,15   real, imag Hz
+0.00000000e+00 +0.00000000e+00 +8.00000000e-03 -nan -nan  -nan -nan  -nan -nan    -nan -nan  -nan -nan  -nan -nan 
+6.73176788e-03 +0.00000000e+00 +4.32241845e-03 -2.72938286e+05 +5.14335191e+02  -6.34258267e+02 -2.08804879e+00  -3.29003187e+05 -2.21824040e+03    -1.01421231e-04 -2.00543376e-03  +4.83527280e-01 -7.95356710e+01  -1.24780286e-04 +2.30270286e-02 
+7.27437941e-03 +0.00000000e+00 -3.32917469e-03 -1.97441734e+05 -1.68747512e+03  +1.95286815e+02 +2.90481354e+00  +7.56692748e+04 +2.42758563e+02    +1.38195322e-04 -1.03464958e-02  +2.09685165e-01 -2.31403048e+01  +1.02979172e-04 -6.82910960e-03 
+1.12896006e-03 +0.00000000e+00 -7.91993997e-03 -2.84811796e+04 -3.29282137e+02  -1.45333487e+02 -2.36030346e+00  +1.92114378e+05 +1.96549875e+03    -1.00274899e-04 +5.06193315e-03  +2.53671353e-02 -2.46421330e+00  -4.22572147e-07 -4.52563120e-04 
-6.05441996e-03 +0.00000000e+00 -5.22914897e-03 +1.58747413e+05 +1.57699123e+03  +4.12940121e+02 +6.15871364e+00  +1.25944920e+05 +9.24947373e+02    +4.76857723e-05 -6.73959259e-03  -1.55074407e-01 +1.61909059e+01  +2.79178520e-05 -1.04552588e-03 
-7.67139420e-03 +0.00000000e+00 +2.26929748e-03 +2.64901783e+05 +6.79366927e+02  +5.62631338e+02 +3.01732021e+00  -1.38944425e+05 -1.53161467e+03    +2.37221638e-04 -2.46029884e-02  -3.79187212e-01 +5.34725051e+01  +3.26642023e-04 -1.00124160e-02 
-2.23532399e-03 +0.00000000e+00 +7.68136229e-03 -2.27909684e+06 -3.36964129e+04  +4.97637465e+04 +2.59553454e+01  -5.73754615e+06 +8.30481623e+03    +6.52702100e-03 -4.84698517e-01  -1.18578476e+00 +5.23373838e+02  -8.35181978e-03 +2.96983176e+00 
+5.25589279e-03 +0.00000000e+00 +6.03121803e-03 -1.82505535e+05 +3.30298460e+03  -7.65109614e+02 -8.81570729e+00  -7.95333593e+05 -3.13848627e+03    -4.45485096e-04 +1.12536226e-01  +6.51330407e-01 -1.32659299e+02  -1.53156751e-03 +2.10064198e-01 
+7.91486597e-03 +0.00000000e+00 -1.16400027e-03 -2.30011695e+05 -1.54233003e+03  +3.64978693e+02 +5.01016341e+00  +1.10903224e+04 -4.72257479e+02    +1.72071046e-04 -1.36039291e-02  +2.68562285e-01 -3.20107198e+01  +1.97025404e-04 -1.13729907e-02 
+3.29694788e-03 +0.00000000e+00 -7.28904210e-03 -8.40758405e+04 -9.43567038e+02  -4.56920105e+02 -7.22871423e+00  +1.76197008e+05 +1.70107026e+03    -1.19666861e-04 +6.81939764e-03  +7.63559827e-02 -7.53517704e+00  -4.37367562e-05 +1.72886001e-03 
-4.35216889e-03 +0.00000000e+00 -6.71257223e-03 +1.11297257e+05 +1.20909879e+03  +3.67306020e+02 +5.17450163e+00  +1.62359156e+05 +1.47782836e+03    +6.14105768e-06 -3.23898636e-03  -1.03140662e-01 +1.03536816e+01  +5.33745776e-05 -3.58313345e-03 
-7.99992165e-03 +0.00000000e+00 +3.54055839e-05 +2.43956615e+05 +1.33661942e+03  +2.24562365e+01 -5.54095962e-01  -3.14151596e+04 -8.49283115e+02    -1.90810294e-05 -7.33631650e-04  -3.02905421e-01 +3.80084168e+01  +2.11774852e-04 -5.95272265e-03 
-4.29258334e-03 +0.00000000e+00 +6.75083167e-03 -5.08148456e+04 -6.93267862e+03  +1.25431332e+02 -2.72287013e+01  -1.37226309e+06 -3.60310468e+03    -4.29594900e-04 +4.55535147e-01  -7.92924175e-01 +1.89481174e+02  +8.96630214e-04 -4.33505328e-02 
+3.36133629e-03 +0.00000000e+00 +7.25957425e-03 +6.55316538e+05 +1.42216117e+04  -1.40995780e+03 -1.90432591e+01  -2.40528563e+06 -2.89731806e+03    +1.04442524e-03 -4.02046630e-03  +9.67402712e-01 -2.81479722e+02  -5.07212225e-04 +4.17311353e-02 
+7.92485885e-03 +0.00000000e+00 +1.09389775e-03 -2.55051580e+05 -1.08014717e+03  +1.26513090e+02 +2.44407828e+00  -7.60646977e+04 -1.17380296e+03    +2.29104690e-05 -1.56513804e-03  +3.36860395e-01 -4.44292243e+01  +8.65574389e-05 -1.19316749e-03 
+5.20230272e-03 +0.00000000e+00 -6.07750330e-03 -1.34149751e+05 -1.40421009e+03  +2.76301872e+02 +4.28214945e+00  +1.47099006e+05 +1.23907252e+03    +1.43124607e-04 -9.29043618e-03  +1.27571102e-01 -1.29983200e+01  +9.90144680e-05 -7.12719064e-03 
-2.30322653e-03 +0.00000000e+00 -7.66127584e-03 +5.85250339e+04 +6.69037087e+02  +9.78901333e+01 +1.32600319e+00  +1.85843485e+05 +1.86075821e+03    -6.28473336e-05 +2.21873457e-03  -5.22009473e-02 +5.12129213e+00  +1.92266680e-05 -9.14177495e-04 
-7.69117994e-03 +0.00000000e+00 -2.20130670e-03 +2.15619302e+05 +1.64664767e+03  -2.84682108e+02 -4.02796366e+00  +4.38523129e+04 -1.29351061e+02    -1.15837863e-04 +7.27912925e-03  -2.39702825e-01 +2.75177004e+01  +2.18638609e-04 -1.15326342e-02 
-6.00789797e-03 +0.00000000e+00 +5.28253367e-03 +2.50466721e+05 -1.62825395e+03  +7.91354817e+02 +1.73878971e+00  -5.18128807e+05 -2.67698113e+03    +6.31795825e-04 -4.23390109e-02  -5.60633386e-01 +1.02406902e+02  -1.14712462e-05 +6.55240282e-02 
+1.19901768e-03 +0.00000000e+00 +7.90963695e-03 -2.59799404e+06 +5.00262828e+04  -9.61531199e+03 -1.95747438e+00  -3.67849640e+07 +5.27753149e+04    +2.19096838e-03 -3.62465396e-01  +1.06910580e+00 -1.39131208e+03  +2.42339026e-04 +1.48360262e-01 
+7.30356201e-03 +0.00000000e+00 +3.26465649e-03 -2.70823770e+05 -1.98326831e+02  -3.05944400e+02 -6.76942519e-01  -2.11992469e+05 -1.85001494e+03    -2.62705376e-05 -5.04821768e-03  +4.23981099e-01 -6.38686624e+01  -6.31950149e-06 +5.91704306e-03 
+6.69324511e-03 +0.00000000e+00 -4.38183408e-03 -1.77790756e+05 -1.66025190e+03  +3.99320307e+02 +6.11432509e+00  +1.03469573e+05 +6.05937940e+02    +1.96555214e-04 -1.39348586e-02  +1.80613843e-01 -1.92908427e+01  +1.16093133e-04 -6.25904312e-03 
-7.08104743e-05 +0.00000000e+00 -7.99968661e-03 +2.09726332e+03 +2.54757907e+01  +2.11070515e+02 +3.13907968e+00  +1.93696493e+05 +1.99155471e+03    -3.94798696e-05 +9.60562899e-04  -1.60504050e-03 +1.59697885e-01  +5.30367433e-06 -4.13488419e-04 
-6.76976323e-03 +0.00000000e+00 -4.26266416e-03 +1.80694108e+05 +1.67480012e+03  -6.91745053e+01 -6.08919472e-01  +1.00513716e+05 +5.67453586e+02    -5.84391247e-05 +1.14618484e-03  -1.83597773e-01 +1.97052936e+01  +8.70049442e-05 -4.53333025e-03 
-7.24462690e-03 +0.00000000e+00 +3.39343206e-03 +2.72913564e+05 +1.48000460e+02  +4.23866510e+02 +1.07001722e+00  -2.23560736e+05 -1.88735065e+03    +3.57643684e-04 -2.90553528e-02  -4.29554562e-01 +6.54060962e+01  +2.50112899e-04 +6.94840629e-03 
-1.05881400e-03 +0.00000000e+00 +7.92962249e-03 +6.05488679e+06 -4.81756414e+04  +8.24964737e+03 -1.31674638e-01  -5.63084227e+07 +6.15333092e+04    +2.08402041e-04 +1.28229099e+00  -9.89426194e-01 +1.72803721e+03  -7.76348742e-04 -1.50893232e-01 
+6.10046760e-03 +0.00000000e+00 +5.17535458e-03 -2.57270114e+05 +1.45639282e+03  -9.22368364e+02 -6.04257584e+00  -4.91083856e+05 -2.61847815e+03    -3.31306898e-04 +1.93883958e-02  +5.50833793e-01 -9.92087220e+01  -2.45821918e-04 +5.37257552e-04 
+7.65100743e-03 +0.00000000e+00 -2.33711047e-03 -2.13504544e+05 -1.65365392e+03  +2.15556838e+02 +2.78301048e+00  +4.77534470e+04 -8.69285339e+01    +1.36712746e-04 -8.21987541e-03  +2.36425904e-01 -2.69806249e+01  +6.32453768e-05 -3.00117336e-03 
+2.16724631e-03 +0.00000000e+00 -7.70084693e-03 -5.52496653e+04 -6.34248006e+02  -4.09809131e+02 -6.40359817e+00  +1.86417452e+05 +1.87058316e+03    -1.39751055e-04 +7.63543329e-03  +4.92900583e-02 -4.81292160e+00  -2.36829556e-05 +9.55530967e-04 
-5.30907107e-03 +0.00000000e+00 -5.98446024e-03 +1.37016440e+05 +1.42608544e+03  +5.13624367e+02 +7.25989221e+00  +1.44848618e+05 +1.20567835e+03    +3.83378485e-05 -5.30888223e-03  -1.30451326e-01 +1.33466255e+01  +5.20509612e-05 -3.37680622e-03 
