# scuff-scatter run on pekka-pc (09/25/15::22:38:44)
# columns: 
# 1,2,3   x,y,z (evaluation point coordinates)
# 4,5     real, imag Ex
# 6,7     real, imag Ey
# 8,9     real, imag Ez
# 10,11   real, imag Hx
# 12,13   real, imag Hy
# 14,15   real, imag Hz
+0.00000000e+00 +0.00000000e+00 +8.00000000e-03 -nan -nan  -nan -nan  -nan -nan    -nan -nan  -nan -nan  -nan -nan 
+6.73176788e-03 +0.00000000e+00 +4.32241845e-03 -2.24356736e+05 -3.85633016e+03  -1.90796613e+02 -1.02839581e+01  -5.18743706e+04 -5.64116373e+03    +1.17689474e-04 -4.36258479e-03  +3.63102542e+00 -7.75093137e+01  +1.52482533e-04 +1.59487674e-02 
+7.27437941e-03 +0.00000000e+00 -3.32917469e-03 -4.56082513e+04 -2.80576918e+03  -3.08500354e+00 +1.82440248e+00  +3.96466179e+04 +2.05712448e+03    +6.04981290e-04 +3.59144430e-04  +1.09388439e+00 -1.60272024e+01  +3.58295945e-04 +2.17776406e-03 
+1.12896006e-03 +0.00000000e+00 -7.91993997e-03 -4.29126648e+03 -3.50451058e+02  -5.94332722e+00 -8.56624345e-01  +4.18990101e+04 +3.31587650e+03    +2.34004308e-04 +8.72894240e-04  +1.19848072e-01 -1.52246371e+00  +7.85625717e-05 -8.19623056e-04 
-6.05441996e-03 +0.00000000e+00 -5.22914897e-03 +3.02035317e+04 +2.11826850e+03  +1.01590778e+01 +3.52592486e+00  +4.12794948e+04 +2.64992865e+03    +6.13991683e-04 -4.01969674e-03  -7.77418395e-01 +1.06532130e+01  -2.10012636e-04 +9.62195240e-04 
-7.67139420e-03 +0.00000000e+00 +2.26929748e-03 +1.32152012e+05 +4.33686487e+03  +9.20686652e+01 +1.09160417e+01  +9.56865759e+03 -1.61717938e+03    +1.13999616e-03 -8.11102734e-03  -2.46346653e+00 +4.58535871e+01  -8.07055326e-04 +1.28955826e-02 
-2.23532399e-03 +0.00000000e+00 +7.68136229e-03 +2.77289888e+06 -1.54952411e+05  +3.05540142e+04 +1.07469385e+03  -6.52746289e+06 +1.37480961e+04    +1.49639962e-02 +2.67613991e-01  -1.52226624e+01 +9.93961559e+02  -1.57872147e-01 +3.99505169e+00 
+5.25589279e-03 +0.00000000e+00 +6.03121803e-03 -4.44264380e+05 +2.59005795e+03  -1.33528232e+02 +5.13626644e+00  -2.83033394e+05 -1.46249376e+04    -7.17484796e-03 +1.59592448e-01  +5.91268933e+00 -1.53125869e+02  -8.03218478e-03 +1.78798639e-01 
+7.91486597e-03 +0.00000000e+00 -1.16400027e-03 -6.79451369e+04 -3.50507203e+03  -1.04002471e+01 +3.70053989e+00  +3.51505676e+04 +1.13778375e+03    +8.46275521e-04 -2.27058456e-03  +1.49406944e+00 -2.37434212e+01  +6.59222824e-04 +3.72723707e-03 
+3.29694788e-03 +0.00000000e+00 -7.28904210e-03 -1.32948795e+04 -1.05224884e+03  -2.21089006e+01 -3.17500671e+00  +4.18627850e+04 +3.16847334e+03    +1.50746915e-04 +2.76557813e-03  +3.65853173e-01 -4.71111040e+00  +6.13241618e-05 +1.28812852e-05 
-4.35216889e-03 +0.00000000e+00 -6.71257223e-03 +1.85488166e+04 +1.42001262e+03  +1.55958730e+01 +3.65712540e+00  +4.17931862e+04 +3.03317283e+03    +5.08441659e-04 -2.41490940e-03  -5.02905624e-01 +6.56897112e+00  -1.29051699e-05 -1.00833934e-03 
-7.99992165e-03 +0.00000000e+00 +3.54055839e-05 +8.46021943e+04 +3.85347457e+03  +1.62175111e+01 +1.77311472e+00  +3.02656543e+04 +4.32884728e+02    +2.96633982e-04 +7.55690669e-04  -1.76635957e+00 +2.94784146e+01  -7.29656603e-04 +1.23604862e-02 
-4.29258334e-03 +0.00000000e+00 +6.75083167e-03 +7.16435217e+05 -1.66392793e+04  +1.52890284e+03 +4.69757842e+01  -6.79721678e+05 -2.28161022e+04    -2.85766679e-02 +8.18516916e-01  -8.11720938e+00 +2.46856657e+02  -3.18688941e-03 +5.81005286e-02 
+3.36133629e-03 +0.00000000e+00 +7.25957425e-03 -1.21875965e+06 +5.04404988e+04  -3.57709466e+02 +1.98312572e+01  -1.66835087e+06 -2.82383259e+04    -4.82612752e-03 +1.32010597e-01  +1.10275854e+01 -4.22120729e+02  +3.28925910e-03 +6.46605321e-02 
+7.92485885e-03 +0.00000000e+00 +1.09389775e-03 -1.03448021e+05 -4.13254012e+03  -3.45239069e+01 +8.68857855e-01  +2.31079740e+04 -3.72158902e+02    +2.97326275e-04 +2.77146953e-03  +2.05229343e+00 -3.59913417e+01  +3.86789328e-04 +9.20715414e-03 
+5.20230272e-03 +0.00000000e+00 -6.07750330e-03 -2.36680514e+04 -1.74481145e+03  -1.63396043e+01 +2.43967940e+00  +4.16329230e+04 +2.87928273e+03    +5.16954032e-04 +2.58060135e-03  +6.26257483e-01 -8.37150809e+00  +3.75646947e-04 -4.62283790e-04 
-2.30322653e-03 +0.00000000e+00 -7.66127584e-03 +8.95557223e+03 +7.25503258e+02  +4.96648357e+00 +1.23030154e+00  +4.18887469e+04 +3.25718156e+03    +3.19418989e-04 -4.21080461e-04  -2.50914304e-01 +3.17677977e+00  -6.16804912e-05 +2.16953989e-04 
-7.69117994e-03 +0.00000000e+00 -2.20130670e-03 +5.63143590e+04 +3.17863549e+03  -1.40785971e+01 -1.80683451e+00  +3.77966633e+04 +1.62014400e+03    +1.18439886e-04 +1.36321878e-03  -1.29442011e+00 +1.97343089e+01  -2.22602417e-04 +3.81906714e-03 
-6.00789797e-03 +0.00000000e+00 +5.28253367e-03 +3.14457993e+05 +1.87751376e+03  +3.39382496e+02 +1.72646672e+01  -1.33897467e+05 -9.51934461e+03    +1.25154565e-03 +2.23511636e-02  -4.64230397e+00 +1.08466943e+02  -5.68830054e-03 +1.12585408e-01 
+1.19901768e-03 +0.00000000e+00 +7.90963695e-03 -1.05544679e+07 +2.57930413e+05  -1.02621359e+04 +2.71886774e+01  -4.46367183e+07 +2.42574408e+05    -8.40447137e-03 -7.07357634e-01  +1.48863788e+01 -3.49502762e+03  +1.19957432e-02 +6.85486086e-01 
+7.30356201e-03 +0.00000000e+00 +3.26465649e-03 -1.67289337e+05 -4.34365633e+03  -5.63744461e+01 -6.81188716e+00  -1.09017424e+04 -3.12651374e+03    +4.88202929e-04 -6.10559156e-03  +2.92814977e+00 -5.79087792e+01  +4.11371664e-04 +7.34591877e-03 
+6.69324511e-03 +0.00000000e+00 -4.38183408e-03 -3.68291933e+04 -2.43885648e+03  +1.58528253e+00 +3.18669727e+00  +4.07252750e+04 +2.39970180e+03    +6.68541279e-04 +5.02751638e-04  +9.18145837e-01 -1.29692849e+01  +2.43232310e-04 +3.55587054e-03 
-7.08104743e-05 +0.00000000e+00 -7.99968661e-03 +2.69731409e+02 +2.49152932e+01  +6.87108447e+00 +2.04575466e+00  +4.19235937e+04 +3.33192164e+03    +3.58191362e-04 -3.11173932e-04  -8.44834204e-03 +9.38815346e-02  +1.06229675e-05 -2.43946451e-04 
-6.76976323e-03 +0.00000000e+00 -4.26266416e-03 +3.77841473e+04 +2.48584219e+03  -2.89446628e+00 -8.52539310e-01  +4.06350959e+04 +2.36076620e+03    +3.57573675e-04 -2.34914937e-03  -9.39305284e-01 +1.32961552e+01  -1.94819940e-04 +1.71664546e-03 
-7.24462690e-03 +0.00000000e+00 +3.39343206e-03 +1.72816306e+05 +4.32025354e+03  +9.48040536e+01 +1.04055936e+01  -1.43565707e+04 -3.39715114e+03    +1.25578980e-03 -3.31264351e-03  -3.00232132e+00 +5.98002340e+01  -1.92816341e-03 +3.32500401e-02 
-1.05881400e-03 +0.00000000e+00 +7.92962249e-03 +1.37475699e+07 -2.50347937e+05  -2.31592362e+04 +2.01935869e+03  -6.56013234e+07 +2.90878279e+05    -1.20408960e-01 +1.79479327e+00  -1.37976947e+01 +4.48889314e+03  -3.08637385e-02 -1.11007037e+00 
+6.10046760e-03 +0.00000000e+00 +5.17535458e-03 -3.01336106e+05 -2.30124168e+03  -1.31813239e+02 -1.28937598e+01  -1.20809441e+05 -8.98016517e+03    -1.72247172e-03 +2.13373416e-02  +4.49874636e+00 -1.03950102e+02  +1.60660673e-03 -3.11500610e-02 
+7.65100743e-03 +0.00000000e+00 -2.33711047e-03 -5.49353523e+04 -3.13456856e+03  -9.20894306e+00 +2.70127869e+00  +3.80390351e+04 +1.67950611e+03    +5.78656207e-04 +2.31646076e-03  +1.26772583e+00 -1.92573152e+01  +2.13604383e-04 +5.99662225e-03 
+2.16724631e-03 +0.00000000e+00 -7.70084693e-03 -8.40273401e+03 -6.81870715e+02  -1.62495173e+01 -3.01253519e+00  +4.18769966e+04 +3.26353023e+03    +1.61521349e-04 +1.59084891e-03  +2.34117083e-01 -2.98065319e+00  +6.41773876e-05 -3.63601126e-04 
-5.30907107e-03 +0.00000000e+00 -5.98446024e-03 +2.43800348e+04 +1.78821952e+03  +2.08573404e+01 +4.92639911e+00  +4.15941796e+04 +2.85377277e+03    +5.57652085e-04 -2.64543819e-03  -6.44684984e-01 +8.62068685e+00  -5.20763283e-05 -9.55423817e-04 
