# scuff-scatter run on pekka-pc (09/25/15::22:24:24)
# columns: 
# 1,2,3   x,y,z (evaluation point coordinates)
# 4,5     real, imag Ex
# 6,7     real, imag Ey
# 8,9     real, imag Ez
# 10,11   real, imag Hx
# 12,13   real, imag Hy
# 14,15   real, imag Hz
+0.00000000e+00 +0.00000000e+00 +8.00000000e-03 -9.90962737e+04 -8.09604222e+01  -6.75814191e+04 -1.06665636e+02  +1.35941853e+07 +3.76146520e+04    +8.42381577e-04 -4.49030414e-01  +4.47875584e-04 +1.47056497e-02  -7.07539268e-06 +9.65889830e-03 
+6.73176788e-03 +0.00000000e+00 +4.32241845e-03 -5.48605533e+04 +1.10220222e+02  -6.10604145e+02 -9.51644842e-01  -2.51538906e+05 -8.09597204e+02    -4.48832964e-05 -1.28360737e-03  +8.49896856e-02 -2.47034239e+01  -7.15195769e-06 +1.09518868e-02 
+7.27437941e-03 +0.00000000e+00 -3.32917469e-03 -1.35846938e+05 -5.56298639e+02  +1.66809293e+02 +9.23267327e-01  +3.63651661e+04 +7.90872828e+01    +2.05698766e-05 -4.64271974e-03  +3.43130522e-02 -8.09941981e+00  +1.69989680e-05 -2.97202071e-03 
+1.12896006e-03 +0.00000000e+00 -7.91993997e-03 -2.10929507e+04 -1.02696739e+02  -1.22576708e+02 -7.23433852e-01  +1.33865280e+05 +6.06465871e+02    -1.72225186e-05 +2.11932879e-03  +4.03242769e-03 -8.85308548e-01  +7.30176131e-07 -2.44850365e-04 
-6.05441996e-03 +0.00000000e+00 -5.22914897e-03 +1.13624096e+05 +5.06364771e+02  +3.52874868e+02 +1.92658148e+00  +7.83294499e+04 +2.92719490e+02    +7.19916342e-06 -3.22413054e-03  -2.50493800e-02 +5.73871783e+00  +6.72924687e-06 -3.99601230e-04 
-7.67139420e-03 +0.00000000e+00 +2.26929748e-03 +1.26942168e+05 +2.78648736e+02  +5.30108340e+02 +1.18465501e+00  -1.30227938e+05 -5.33547881e+02    +4.39168613e-05 -1.14511893e-02  -6.50662009e-02 +1.75212784e+01  +5.41775043e-05 -3.60426974e-03 
-2.23532399e-03 +0.00000000e+00 +7.68136229e-03 -4.82769890e+06 -1.23387913e+04  +4.94257955e+04 +1.46592134e+01  +6.76385575e+05 +2.82910955e+03    +1.22335232e-03 -2.16618159e-01  -2.22520142e-01 +8.47881015e+01  -1.56028575e-03 +1.48269851e+00 
+5.25589279e-03 +0.00000000e+00 +6.03121803e-03 +2.27920759e+05 +1.09156841e+03  -6.76511003e+02 -3.09157649e+00  -4.78929046e+05 -1.20342553e+03    -1.78972543e-04 +5.64668902e-02  +1.17561339e-01 -3.75458544e+01  -3.88358681e-04 +1.01213251e-01 
+7.91486597e-03 +0.00000000e+00 -1.16400027e-03 -1.47551889e+05 -5.29627505e+02  +3.15183072e+02 +1.65059081e+00  -1.65714869e+04 -1.55095371e+02    +2.67392692e-05 -6.21057761e-03  +4.46673487e-02 -1.09971812e+01  +3.54005465e-05 -4.93403792e-03 
+3.29694788e-03 +0.00000000e+00 -7.28904210e-03 -6.18889386e+04 -2.96085781e+02  -3.87157742e+02 -2.21214128e+00  +1.20507961e+05 +5.27774203e+02    -1.92074211e-05 +2.93251268e-03  +1.21822170e-02 -2.70101378e+00  -7.73504166e-06 +7.06340064e-04 
-4.35216889e-03 +0.00000000e+00 -6.71257223e-03 +8.13211334e+04 +3.81713043e+02  +3.16813031e+02 +1.61587886e+00  +1.08892791e+05 +4.60911392e+02    +1.48697481e-07 -1.63211464e-03  -1.65057529e-02 +3.69997196e+00  +9.50133742e-06 -1.57983903e-03 
-7.99992165e-03 +0.00000000e+00 +3.54055839e-05 +1.46963039e+05 +4.74392425e+02  +2.75167739e+01 -1.59440804e-01  -5.03263711e+04 -2.84387118e+02    -9.84295195e-07 -4.48498480e-04  -5.08810255e-02 +1.28877959e+01  +3.74440974e-05 -1.99152949e-03 
-4.29258334e-03 +0.00000000e+00 +6.75083167e-03 -6.96883497e+05 -2.41317760e+03  +3.94326902e+02 -9.18214954e+00  -6.52873523e+05 -1.42404205e+03    -1.87659979e-04 +2.33345807e-01  -1.45191771e-01 +4.92227442e+01  +6.56585279e-05 -1.69981675e-02 
+3.36133629e-03 +0.00000000e+00 +7.25957425e-03 +1.73897798e+06 +5.09859079e+03  -1.22189093e+03 -6.38785629e+00  -6.94436857e+05 -1.22562970e+03    +2.54142731e-04 +2.79743943e-03  +1.79416968e-01 -6.40637160e+01  -7.50215308e-05 +1.89655682e-02 
+7.92485885e-03 +0.00000000e+00 +1.09389775e-03 -1.41704802e+05 -4.00754546e+02  +1.02565190e+02 +7.87401990e-01  -8.45352726e+04 -4.00176088e+02    +4.21356097e-06 -7.16030246e-04  +5.71331662e-02 -1.48522571e+01  +1.07910279e-05 -1.86831248e-04 
+5.20230272e-03 +0.00000000e+00 -6.07750330e-03 -9.72012662e+04 -4.46464183e+02  +2.34377848e+02 +1.36360942e+00  +9.60898469e+04 +3.88803687e+02    +2.33668292e-05 -4.08171943e-03  +2.05016133e-02 -4.62949738e+00  +1.94877820e-05 -3.20313206e-03 
-2.30322653e-03 +0.00000000e+00 -7.66127584e-03 +4.32597424e+04 +2.09175989e+02  +8.49972099e+01 +4.09159340e-01  +1.28601036e+05 +5.75408579e+02    -1.16298022e-05 +8.41128469e-04  -8.30640107e-03 +1.83905774e+00  +3.56251003e-06 -3.72965230e-04 
-7.69117994e-03 +0.00000000e+00 -2.20130670e-03 +1.43729603e+05 +5.53340881e+02  -2.44927794e+02 -1.30084663e+00  +1.00915767e+04 -4.12585953e+01    -1.57381918e-05 +3.14259019e-03  -3.95448949e-02 +9.54431211e+00  +3.86102522e-05 -4.84001859e-03 
-6.00789797e-03 +0.00000000e+00 +5.28253367e-03 -4.63129747e+04 -4.96295264e+02  +7.71981651e+02 +7.61582700e-01  -3.54414002e+05 -1.00255685e+03    +1.67181700e-04 -1.88593612e-02  -9.99356515e-02 +3.05148905e+01  -4.98826060e-05 +3.39739141e-02 
+1.19901768e-03 +0.00000000e+00 +7.90963695e-03 +7.17362791e+06 +1.84857124e+04  -9.60157925e+03 -2.11322107e-01  +7.66499761e+06 +1.92677559e+04    +3.91924419e-04 -1.75800270e-01  +2.02199167e-01 -7.70979412e+01  +6.08502781e-06 +7.82490210e-02 
+7.30356201e-03 +0.00000000e+00 +3.26465649e-03 -1.02809668e+05 -1.25547744e+02  -2.97043770e+02 -3.95638762e-01  -1.79642958e+05 -6.57855411e+02    -5.73193082e-06 -2.71390618e-03  +7.35563325e-02 -2.04854890e+01  -3.56668412e-07 +2.95833188e-03 
+6.69324511e-03 +0.00000000e+00 -4.38183408e-03 -1.25258948e+05 -5.38972506e+02  +3.39615139e+02 +1.92421641e+00  +5.95180340e+04 +1.93749591e+02    +2.92282716e-05 -6.18680348e-03  +2.93448191e-02 -6.80304456e+00  +1.91628036e-05 -2.62262905e-03 
-7.08104743e-05 +0.00000000e+00 -7.99968661e-03 +1.58916288e+03 +7.92164339e+00  +1.80693002e+02 +9.64311949e-01  +1.35198859e+05 +6.14117185e+02    -6.86063133e-06 +2.93115091e-04  -2.53786324e-04 +5.82166483e-02  +1.80773017e-06 -1.91578140e-04 
-6.76976323e-03 +0.00000000e+00 -4.26266416e-03 +1.27065530e+05 +5.44492671e+02  -6.27304815e+01 -2.26386875e-01  +5.70379518e+04 +1.81663204e+02    -9.48732560e-06 +3.02608774e-04  -2.98467502e-02 +6.94287444e+00  +1.85118313e-05 -1.91322482e-03 
-7.24462690e-03 +0.00000000e+00 +3.39343206e-03 +9.98226264e+04 +1.09513879e+02  +4.10874991e+02 +5.31318401e-01  -1.87200254e+05 -6.73523524e+02    +6.84261980e-05 -1.32569975e-02  -7.46354358e-02 +2.09027972e+01  +5.08941937e-05 +4.74085563e-03 
-1.05881400e-03 +0.00000000e+00 +7.92962249e-03 -6.66652079e+06 -1.78118024e+04  +8.12195694e+03 +9.74977363e+00  +8.77007004e+06 +2.25220133e+04    -2.75206816e-05 +6.59659234e-01  -1.87151306e-01 +7.04673806e+01  -1.65781711e-04 -8.23353129e-02 
+6.10046760e-03 +0.00000000e+00 +5.17535458e-03 +2.82059187e+04 +4.35151585e+02  -8.58959135e+02 -2.33275876e+00  -3.40918276e+05 -9.78275673e+02    -1.72276810e-04 +9.41590841e-03  +9.80173850e-02 -2.97264107e+01  -7.63262154e-05 -7.82846223e-04 
+7.65100743e-03 +0.00000000e+00 -2.33711047e-03 -1.42923909e+05 -5.54387624e+02  +1.87764140e+02 +9.22997789e-01  +1.32974432e+04 -2.73482025e+01    +2.20265240e-05 -3.62228978e-03  +3.89673571e-02 -9.36921563e+00  +9.50457147e-06 -1.16611481e-03 
+2.16724631e-03 +0.00000000e+00 -7.70084693e-03 -4.08724756e+04 -1.98192784e+02  -3.47926807e+02 -1.96728200e+00  +1.29080149e+05 +5.78262657e+02    -2.32561499e-05 +3.25624950e-03  +7.84521210e-03 -1.72850315e+00  -3.81787891e-06 +3.78001973e-04 
-5.30907107e-03 +0.00000000e+00 -5.98446024e-03 +9.91365972e+04 +4.53875562e+02  +4.42653160e+02 +2.27688113e+00  +9.41925468e+04 +3.78645626e+02    +5.31240658e-06 -2.53953084e-03  -2.09705422e-02 +4.75046757e+00  +1.02838156e-05 -1.48486688e-03 
