# scuff-scatter run on pekka-pc (09/25/15::22:33:58)
# columns: 
# 1,2,3   x,y,z (evaluation point coordinates)
# 4,5     real, imag Ex
# 6,7     real, imag Ey
# 8,9     real, imag Ez
# 10,11   real, imag Hx
# 12,13   real, imag Hy
# 14,15   real, imag Hz
+0.00000000e+00 +0.00000000e+00 +8.00000000e-03 -1.80754025e+05 -2.11328913e+04  -1.70073085e+05 -2.38169975e+04  +3.86027305e+07 +4.90369368e+06    +7.82885731e-01 -5.69720850e+00  -8.41184955e-01 +1.37407590e+00  +4.80679204e-03 +4.10649994e-02 
+6.73176788e-03 +0.00000000e+00 +4.32241845e-03 +9.60694576e+05 +7.07290138e+05  +3.31451358e+03 +4.35533251e+03  -1.06994207e+06 -2.28136471e+05    -4.04730297e-01 +3.87411305e-01  +2.06975190e+02 -5.65490809e+02  +4.82469768e-01 -2.43762894e-01 
+7.27437941e-03 +0.00000000e+00 -3.32917469e-03 -1.25683425e+06 -6.21810312e+05  +3.35690761e+03 +2.58486956e+03  -1.04690389e+05 -1.72979100e+05    +2.86465462e-01 -3.38114407e-01  +1.73873543e+02 -3.27587973e+02  +4.11021570e-01 -3.85550539e-01 
+1.12896006e-03 +0.00000000e+00 -7.91993997e-03 -3.13903586e+05 -1.95753472e+05  -2.75460704e+03 -1.61145049e+03  +1.65179027e+06 +9.62588510e+05    +6.65576942e-02 +1.27560528e-01  +2.52548156e+01 -4.34398842e+01  +2.01365145e-02 -1.26625355e-03 
-6.05441996e-03 +0.00000000e+00 -5.22914897e-03 +1.33346679e+06 +7.49223675e+05  +7.01328810e+03 +5.02695150e+03  +5.34624156e+05 +2.10358543e+05    +2.32459854e-01 -1.82697119e-01  -1.40144219e+02 +2.52449692e+02  -1.88680171e-01 +6.87018179e-02 
-7.67139420e-03 +0.00000000e+00 +2.26929748e-03 -7.98375157e+04 -3.12046364e+05  -6.56629816e+02 -1.47370283e+03  -1.09200185e+06 -4.74637563e+05    +8.99332628e-02 -3.15173544e-01  -2.11678867e+02 +4.94351053e+02  +8.43077477e-02 -4.56917401e-01 
-2.23532399e-03 +0.00000000e+00 +7.68136229e-03 -1.35883250e+07 -1.83867151e+06  +1.92825346e+04 -1.37688168e+04  +4.48933273e+06 +1.47483238e+06    +9.58394865e-01 -5.60892650e+00  -1.55643826e+02 +9.93406488e+02  -4.16846791e-01 +9.17018050e+00 
+5.25589279e-03 +0.00000000e+00 +6.03121803e-03 +2.27372834e+06 +9.86758296e+05  -1.79963015e+03 +2.15371277e+03  -9.11859665e+05 +1.77460532e+05    -5.00566231e-01 +7.00249853e-01  +1.92150923e+02 -6.67527595e+02  +1.10467437e-01 +1.07728879e+00 
+7.91486597e-03 +0.00000000e+00 -1.16400027e-03 -9.07893122e+05 -3.23534548e+05  +4.32328087e+03 +2.59430500e+03  -6.45965410e+05 -4.36562895e+05    +2.04299475e-01 -3.05290626e-01  +1.97287581e+02 -3.96107068e+02  +5.27990888e-01 -5.53160934e-01 
+3.29694788e-03 +0.00000000e+00 -7.28904210e-03 -8.79852237e+05 -5.39016213e+05  -8.86225243e+03 -6.02048114e+03  +1.35335796e+06 +7.54599542e+05    -7.98926066e-03 +2.00855030e-01  +7.47435915e+01 -1.29463163e+02  +1.54139135e-02 +5.93719233e-02 
-4.35216889e-03 +0.00000000e+00 -6.71257223e-03 +1.09923520e+06 +6.59444471e+05  +5.52497792e+03 +3.91920323e+03  +1.10825308e+06 +5.86217854e+05    +2.03959493e-01 -1.01064499e-01  -9.89307649e+01 +1.72863354e+02  -7.12206388e-02 -3.74139539e-02 
-7.99992165e-03 +0.00000000e+00 +3.54055839e-05 +6.18669139e+05 +1.15108535e+05  -7.30672656e+02 -1.36260918e+02  -8.64701577e+05 -5.07447994e+05    -2.50171458e-02 +3.83643934e-02  -2.05211599e+02 +4.30300252e+02  -3.76252210e-02 -2.64104049e-01 
-4.29258334e-03 +0.00000000e+00 +6.75083167e-03 -3.68477655e+06 -1.13232349e+06  -1.06254010e+04 -1.53760886e+03  -7.31868396e+05 +4.45102988e+05    -3.20889697e-02 +5.25253072e-01  -1.81868913e+02 +7.53937648e+02  +1.29401595e-01 -9.58937967e-01 
+3.36133629e-03 +0.00000000e+00 +7.25957425e-03 +6.39776128e+06 +1.34572141e+06  -9.58895388e+03 -1.05938323e+03  -8.12597582e+04 +7.61709978e+05    -2.23581044e-01 -5.59431374e-01  +1.71634170e+02 -8.61215597e+02  +4.57809092e-02 +4.59402392e-01 
+7.92485885e-03 +0.00000000e+00 +1.09389775e-03 -3.11859823e+05 +8.52990918e+04  +2.90490991e+03 +2.28988892e+03  -9.99917714e+05 -5.16676554e+05    -3.20630745e-02 +6.48971979e-03  +2.09800508e+02 -4.60754411e+02  +5.37748742e-01 -4.81575159e-01 
+5.20230272e-03 +0.00000000e+00 -6.07750330e-03 -1.23816788e+06 -7.23171170e+05  +4.11119046e+03 +2.73115054e+03  +8.53663007e+05 +4.16741758e+05    +3.65201659e-01 -3.80954835e-01  +1.19227491e+02 -2.11302899e+02  +2.58071792e-01 -2.54575178e-01 
-2.30322653e-03 +0.00000000e+00 -7.66127584e-03 +6.32525434e+05 +3.92371070e+05  +1.53591783e+03 +1.37852430e+03  +1.53322797e+06 +8.79163895e+05    +1.38406516e-01 +2.85400823e-02  -5.18567606e+01 +8.89719377e+01  -3.88554552e-02 -1.19185592e-02 
-7.69117994e-03 +0.00000000e+00 -2.20130670e-03 +1.10623695e+06 +4.82034992e+05  -3.70901544e+03 -1.71429248e+03  -4.04197982e+05 -3.29664483e+05    -5.58686031e-02 +1.89905959e-01  -1.87279344e+02 +3.63839010e+02  -1.73551103e-02 -2.82946982e-01 
-6.00789797e-03 +0.00000000e+00 +5.28253367e-03 -1.53035291e+06 -8.55096348e+05  -6.61481661e+01 -7.16816971e+02  -1.00608109e+06 -3.22657032e+04    +3.03379480e-02 -5.25750346e-01  -1.99860149e+02 +6.12787206e+02  -8.34083505e-02 +4.70715438e-05 
+1.19901768e-03 +0.00000000e+00 +7.90963695e-03 +1.88907392e+07 +2.06217101e+06  -1.51987372e+04 -1.68843693e+03  +2.17916828e+07 +3.21563564e+06    +1.92675609e-01 -2.51302563e+00  +1.12660871e+02 -8.50171858e+02  +6.89636497e-03 +3.08818010e-01 
+7.30356201e-03 +0.00000000e+00 +3.26465649e-03 +4.74342469e+05 +5.07205366e+05  +3.11767866e+03 +3.56671257e+03  -1.11633246e+06 -3.87851630e+05    -2.74824011e-01 +2.49514311e-01  +2.11180089e+02 -5.26907125e+02  +5.27040050e-01 -4.06179632e-01 
+6.69324511e-03 +0.00000000e+00 -4.38183408e-03 -1.33503521e+06 -7.15337008e+05  +7.01149509e+03 +5.00768222e+03  +2.23036495e+05 +1.76362699e+04    +4.14890264e-01 -4.97027318e-01  +1.57380904e+02 -2.89045504e+02  +4.24250474e-01 -4.15997811e-01 
-7.08104743e-05 +0.00000000e+00 -7.99968661e-03 +2.53060274e+04 +1.64886514e+04  +3.64926614e+03 +2.84405539e+03  +1.68067474e+06 +9.82636466e+05    +1.67366967e-01 -1.19014945e-02  -1.77215131e+00 +2.79174693e+00  +2.94030239e-03 -7.22870993e-03 
-6.76976323e-03 +0.00000000e+00 -4.26266416e-03 +1.33885778e+06 +7.12422622e+05  +5.70436570e+02 +1.22800871e+03  +1.89043449e+05 -2.78398078e+03    +7.93657800e-02 +3.75621709e-02  -1.59157837e+02 +2.92922841e+02  -1.67465471e-01 -1.16047497e-02 
-7.24462690e-03 +0.00000000e+00 +3.39343206e-03 -5.15754366e+05 -5.29491655e+05  -1.89552169e+03 -1.87115380e+03  -1.10623424e+06 -3.66168278e+05    +1.29631910e-01 -4.45492111e-01  -2.10361434e+02 +5.30079379e+02  +5.73868296e-02 -3.54026874e-01 
-1.05881400e-03 +0.00000000e+00 +7.92962249e-03 -1.78854336e+07 -1.95593199e+06  -5.50092066e+04 -2.42479223e+04  +2.48106394e+07 +3.50691031e+06    +7.85100465e-01 -8.64039172e-02  -1.03778586e+02 +7.82907739e+02  +7.36110183e-02 -3.66168532e-01 
+6.10046760e-03 +0.00000000e+00 +5.17535458e-03 +1.46055061e+06 +8.47415403e+05  +1.63679572e+03 +4.11982113e+03  -1.00269207e+06 -4.76049589e+04    -5.06623768e-01 +5.30555594e-01  +2.00884935e+02 -6.06809968e+02  +4.12616523e-01 -1.82274421e-01 
+7.65100743e-03 +0.00000000e+00 -2.33711047e-03 -1.12486352e+06 -4.99264036e+05  +2.18127731e+03 +1.39860751e+03  -3.72680528e+05 -3.13982027e+05    +2.36493831e-01 -2.90198349e-01  +1.86105395e+02 -3.60263025e+02  +3.80839321e-01 -3.25896268e-01 
+2.16724631e-03 +0.00000000e+00 -7.70084693e-03 -6.01771001e+05 -3.73832670e+05  -7.44136247e+03 -4.85595221e+03  +1.54410771e+06 +8.87260288e+05    -1.23709619e-02 +2.28573951e-01  +4.89232333e+01 -8.41926957e+01  +1.72566508e-02 +3.22000312e-02 
-5.30907107e-03 +0.00000000e+00 -5.98446024e-03 +1.25229605e+06 +7.28670919e+05  +7.70031107e+03 +5.28835195e+03  +8.19380424e+05 +3.93528819e+05    +2.38449741e-01 -1.69533662e-01  -1.21573563e+02 +2.15567219e+02  -1.16288390e-01 -6.28839239e-03 
