# scuff-scatter run on pekka-pc (09/25/15::22:38:33)
# columns: 
# 1,2,3   x,y,z (evaluation point coordinates)
# 4,5     real, imag Ex
# 6,7     real, imag Ey
# 8,9     real, imag Ez
# 10,11   real, imag Hx
# 12,13   real, imag Hy
# 14,15   real, imag Hz
+0.00000000e+00 +0.00000000e+00 +8.00000000e-03 -7.69996273e+04 -3.96465208e+02  -3.78376200e+04 -5.73559405e+02  -1.87309043e+06 +5.69537508e+05    -2.76196087e-02 -1.97636936e+00  +1.14770246e-01 +2.22311465e+00  -5.34407390e-05 +3.62313511e-02 
+6.73176788e-03 +0.00000000e+00 +4.32241845e-03 +3.57974595e+03 -4.40759148e+03  -1.80375628e+02 -1.07594781e+01  +5.93632909e+03 -6.96099582e+03    +9.97097261e-05 -4.27434826e-03  +3.72264308e+00 +3.17402739e+00  +2.91281670e-04 +1.58964671e-02 
+7.27437941e-03 +0.00000000e+00 -3.32917469e-03 +2.58288188e+03 -2.98315247e+03  -4.98808956e+00 +1.85148332e+00  -1.23046124e+03 +1.44281712e+03    +6.40612027e-04 +9.44764813e-04  +9.64818085e-01 +8.46651297e-01  +3.98561131e-04 +2.56226320e-03 
+1.12896006e-03 +0.00000000e+00 -7.91993997e-03 +3.18702231e+02 -3.61908550e+02  -5.09114492e+00 -7.87808501e-01  -2.41277395e+03 +2.69805746e+03    +2.88008239e-04 +1.12167681e-03  +9.64439618e-02 +8.51386544e-02  +8.60339806e-05 -7.37801972e-04 
-6.05441996e-03 +0.00000000e+00 -5.22914897e-03 -1.94248017e+03 +2.22478079e+03  +6.58112391e+00 +3.52128683e+00  -1.77215057e+03 +2.04498341e+03    +6.75830306e-04 -3.35073057e-03  -6.61024637e-01 -5.86353056e-01  -2.49362080e-04 +7.33021354e-04 
-7.67139420e-03 +0.00000000e+00 +2.26929748e-03 -3.97048093e+03 +4.80627717e+03  +8.03848406e+01 +1.17498356e+01  +2.07512017e+03 -2.50508217e+03    +1.19802028e-03 -6.87610484e-03  -2.42784808e+00 -2.07883036e+00  -1.02690767e-03 +1.17543661e-02 
-2.23532399e-03 +0.00000000e+00 +7.68136229e-03 +3.79615393e+04 -1.71622301e+05  +2.94153392e+04 +1.22380430e+03  -5.13135212e+04 +1.35103724e+04    +1.38261053e-02 +2.79990686e-01  -1.66133166e+01 -1.02711537e+01  -1.74960458e-01 +3.78519874e+00 
+5.25589279e-03 +0.00000000e+00 +6.03121803e-03 -1.94607421e+03 +2.51228950e+03  -1.39708132e+02 +7.46158362e+00  +1.26049007e+04 -1.70215041e+04    -8.02029047e-03 +1.50285629e-01  +6.25918195e+00 +5.35824500e+00  -8.39079723e-03 +1.68655550e-01 
+7.91486597e-03 +0.00000000e+00 -1.16400027e-03 +3.19786985e+03 -3.78024475e+03  -1.40011505e+01 +3.68626756e+00  -3.83390750e+02 +4.80337152e+02    +8.78427396e-04 -1.50835722e-03  +1.37552583e+00 +1.20412313e+00  +7.00364220e-04 +4.30290296e-03 
+3.29694788e-03 +0.00000000e+00 -7.28904210e-03 +9.61419369e+02 -1.09088562e+03  -1.89056018e+01 -3.07396506e+00  -2.27062124e+03 +2.55620621e+03    +2.00510222e-04 +2.91991465e-03  +2.98577161e-01 +2.64210465e-01  +8.14815890e-05 +9.93028889e-05 
-4.35216889e-03 +0.00000000e+00 -6.71257223e-03 -1.31899107e+03 +1.47782720e+03  +1.18586720e+01 +3.68754428e+00  -2.12765475e+03 +2.42449373e+03    +5.66999471e-04 -1.86810906e-03  -4.15559714e-01 -3.70766302e-01  -3.60011030e-05 -1.03672135e-03 
-7.99992165e-03 +0.00000000e+00 +3.54055839e-05 -3.45619234e+03 +4.19199140e+03  +1.43050648e+01 +2.02056096e+00  +2.99706389e+02 -2.73166850e+02    +3.43515338e-04 +1.09052297e-03  -1.66598905e+00 -1.43841922e+00  -8.78849789e-04 +1.14771029e-02 
-4.29258334e-03 +0.00000000e+00 +6.75083167e-03 +1.56690804e+04 -1.79545308e+04  +1.47853140e+03 +5.84162090e+01  +2.17430177e+04 -2.62788651e+04    -3.21111193e-02 +7.80357560e-01  -8.70850224e+00 -7.06668667e+00  -4.04585168e-03 +5.42209730e-02 
+3.36133629e-03 +0.00000000e+00 +7.25957425e-03 -4.05195964e+04 +5.53605216e+04  -3.80840943e+02 +2.54348150e+01  +3.61562253e+04 -3.25845636e+04    -5.88574227e-03 +1.25699620e-01  +1.19408644e+01 +9.70156031e+00  +4.00422950e-03 +6.77432665e-02 
+7.92485885e-03 +0.00000000e+00 +1.09389775e-03 +3.80652605e+03 -4.53188582e+03  -3.55152070e+01 +8.41997398e-01  +9.88645917e+02 -1.14328330e+03    +3.18786562e-04 +3.01987384e-03  +1.97595272e+00 +1.70458481e+00  +4.47409438e-04 +9.50054186e-03 
+5.20230272e-03 +0.00000000e+00 -6.07750330e-03 +1.61337865e+03 -1.82292358e+03  -1.87664994e+01 +2.36116664e+00  -1.98357760e+03 +2.27342992e+03    +5.47127603e-04 +3.07275901e-03  +5.23343207e-01 +4.62076636e-01  +3.97168046e-04 -9.84035653e-05 
-2.30322653e-03 +0.00000000e+00 -7.66127584e-03 -6.72609332e+02 +7.50510879e+02  +3.74024361e+00 +1.27248819e+00  -2.35758345e+03 +2.64162138e+03    +3.76002938e-04 -7.17683528e-05  -2.03728673e-01 -1.83107704e-01  -7.38619769e-05 +1.51965688e-04 
-7.69117994e-03 +0.00000000e+00 -2.20130670e-03 -2.92092952e+03 +3.40450288e+03  -1.22832147e+01 -1.70054998e+00  -8.35200269e+02 +9.88125191e+02    +1.70175031e-04 +1.49327173e-03  -1.16796852e+00 -1.02406286e+00  -3.13470531e-04 +3.52711317e-03 
-6.00789797e-03 +0.00000000e+00 +5.28253367e-03 -1.60759677e+03 +2.31965401e+03  +3.21007275e+02 +1.93785147e+01  +9.03077024e+03 -1.12915873e+04    +1.17771068e-03 +2.35152389e-02  -4.84744735e+00 -4.04602381e+00  -6.44008384e-03 +1.05440090e-01 
+1.19901768e-03 +0.00000000e+00 +7.90963695e-03 -5.35403357e+05 +2.86757722e+05  -1.02882891e+04 +2.82472047e+01  +8.72030210e+04 +2.67863067e+05    -1.05744383e-02 -7.09304941e-01  +1.63156732e+01 +2.69337344e+01  +1.34260228e-02 +6.90745375e-01 
+7.30356201e-03 +0.00000000e+00 +3.26465649e-03 +3.78663305e+03 -4.86983550e+03  -4.94343675e+01 -7.16920510e+00  +3.31195275e+03 -4.16861301e+03    +5.19686236e-04 -5.59537418e-03  +2.94175032e+00 +2.45349112e+00  +5.33703195e-04 +7.73214792e-03 
+6.69324511e-03 +0.00000000e+00 -4.38183408e-03 +2.22099878e+03 -2.57547153e+03  -1.66769600e+00 +3.15862691e+00  -1.54178482e+03 +1.79329486e+03    +7.00895179e-04 +1.15682821e-03  +7.93253423e-01 +6.93318593e-01  +2.67051859e-04 +3.79971609e-03 
-7.08104743e-05 +0.00000000e+00 -7.99968661e-03 -2.04411294e+01 +2.56499807e+01  +4.78490753e+00 +2.05911153e+00  -2.40477879e+03 +2.71356545e+03    +4.11686535e-04 +6.52812009e-05  -7.08307059e-03 -7.27560547e-03  +1.13667369e-05 -2.27031071e-04 
-6.76976323e-03 +0.00000000e+00 -4.26266416e-03 -2.26552395e+03 +2.62693035e+03  -2.05331572e+00 -8.04412989e-01  -1.49795940e+03 +1.75337624e+03    +4.21631909e-04 -1.93553493e-03  -8.13892743e-01 -7.17618616e-01  -2.48339489e-04 +1.49048036e-03 
-7.24462690e-03 +0.00000000e+00 +3.39343206e-03 -3.83155214e+03 +4.84965634e+03  +8.36953087e+01 +1.13737420e+01  +3.72487973e+03 -4.46882071e+03    +1.26710767e-03 -2.15072556e-03  -3.02435979e+00 -2.55111658e+00  -2.23478971e-03 +3.08981775e-02 
-1.05881400e-03 +0.00000000e+00 +7.92962249e-03 +7.89850242e+05 -2.78405413e+05  -2.53236718e+04 +2.31994535e+03  -2.11176702e+05 +3.21673365e+05    -1.36747733e-01 +1.64830609e+00  -1.51248983e+01 -3.00643322e+01  -3.47577587e-02 -1.13153986e+00 
+6.10046760e-03 +0.00000000e+00 +5.17535458e-03 +2.08736974e+03 -2.77453945e+03  -1.18720008e+02 -1.31340575e+01  +8.66330645e+03 -1.06857749e+04    -1.91671982e-03 +1.93361855e-02  +4.68737736e+00 +3.94863789e+00  +1.95363889e-03 -2.91928693e-02 
+7.65100743e-03 +0.00000000e+00 -2.33711047e-03 +2.88017859e+03 -3.35428977e+03  -1.19245450e+01 +2.73757199e+00  -9.18597910e+02 +1.05061799e+03    +5.99737802e-04 +2.78861166e-03  +1.14029872e+00 +9.99623192e-01  +2.54074026e-04 +6.22817575e-03 
+2.16724631e-03 +0.00000000e+00 -7.70084693e-03 +6.24969463e+02 -7.04937596e+02  -1.32025344e+01 -2.90815002e+00  -2.37728282e+03 +2.64775954e+03    +2.16174501e-04 +1.76466151e-03  +1.89467705e-01 +1.67979705e-01  +7.67591768e-05 -2.92446991e-04 
-5.30907107e-03 +0.00000000e+00 -5.98446024e-03 -1.66423969e+03 +1.86951631e+03  +1.58326274e+01 +4.95196175e+00  -1.96810835e+03 +2.24793410e+03    +6.14542689e-04 -2.05064385e-03  -5.40177917e-01 -4.81592025e-01  -8.20992561e-05 -1.02721470e-03 
