# scuff-scatter run on pekka-pc (09/25/15::22:38:54)
# columns: 
# 1,2,3   x,y,z (evaluation point coordinates)
# 4,5     real, imag Ex
# 6,7     real, imag Ey
# 8,9     real, imag Ez
# 10,11   real, imag Hx
# 12,13   real, imag Hy
# 14,15   real, imag Hz
+0.00000000e+00 +0.00000000e+00 +8.00000000e-03 -nan -nan  -nan -nan  -nan -nan    -nan -nan  -nan -nan  -nan -nan 
+6.73176788e-03 +0.00000000e+00 +4.32241845e-03 -2.28019809e+05 -3.38759874e+03  -2.00705945e+02 -9.78308519e+00  -5.79635887e+04 -5.09559632e+03    +1.27520533e-04 -4.47132372e-03  +3.41638942e+00 -8.17571998e+01  +5.17635029e-05 +1.61310883e-02 
+7.27437941e-03 +0.00000000e+00 -3.32917469e-03 -4.83596630e+04 -2.64270808e+03  -1.20916450e+00 +1.78728770e+00  +4.09806345e+04 +1.98239064e+03    +5.75550808e-04 -1.91248205e-04  +1.06496102e+00 -1.71254920e+01  +3.24212834e-04 +1.82426810e-03 
+1.12896006e-03 +0.00000000e+00 -7.91993997e-03 -4.63785377e+03 -3.39244364e+02  -6.83109146e+00 -9.09829772e-01  +4.44891018e+04 +3.24158651e+03    +1.90485202e-04 +6.72809229e-04  +1.18491704e-01 -1.63335838e+00  +7.25669208e-05 -8.93990203e-04 
-6.05441996e-03 +0.00000000e+00 -5.22914897e-03 +3.22889924e+04 +2.01835253e+03  +1.37157367e+01 +3.50675561e+00  +4.32021895e+04 +2.56548376e+03    +5.63179211e-04 -4.63255814e-03  -7.61654650e-01 +1.14074619e+01  -1.78648726e-04 +1.15640752e-03 
-7.67139420e-03 +0.00000000e+00 +2.26929748e-03 +1.36332408e+05 +3.92663829e+03  +1.02965035e+02 +1.01394360e+01  +7.33035422e+03 -1.44672197e+03    +1.08687160e-03 -9.29713704e-03  -2.34269485e+00 +4.86061539e+01  -6.26569667e-04 +1.38581832e-02 
-2.23532399e-03 +0.00000000e+00 +7.68136229e-03 +2.62454703e+06 -1.40582032e+05  +3.15570070e+04 +9.50298918e+02  -6.51438048e+06 +1.32488098e+04    +1.56602883e-02 +2.54232982e-01  -1.39730280e+01 +1.01925168e+03  -1.43213465e-01 +4.19097245e+00 
+5.25589279e-03 +0.00000000e+00 +6.03121803e-03 -4.41652624e+05 +2.62522666e+03  -1.29374038e+02 +3.34516245e+00  -2.97661433e+05 -1.31590511e+04    -6.46655940e-03 +1.68175615e-01  +5.50427446e+00 -1.60423892e+02  -7.68428559e-03 +1.88630813e-01 
+7.91486597e-03 +0.00000000e+00 -1.16400027e-03 -7.13644228e+04 -3.25690773e+03  -6.80908919e+00 +3.67677862e+00  +3.55803602e+04 +1.10314143e+03    +8.20444110e-04 -2.99333506e-03  +1.44266509e+00 -2.53048607e+01  +6.25826436e-04 +3.19111721e-03 
+3.29694788e-03 +0.00000000e+00 -7.28904210e-03 -1.43345756e+04 -1.01490750e+03  -2.53499108e+01 -3.24413195e+00  +4.43046216e+04 +3.08951361e+03    +1.10301516e-04 +2.65491612e-03  +3.60896768e-01 -5.05343690e+00  +4.45555971e-05 -5.73059007e-05 
-4.35216889e-03 +0.00000000e+00 -6.71257223e-03 +1.99504559e+04 +1.36471803e+03  +1.92620098e+01 +3.61266038e+00  +4.40990651e+04 +2.95126202e+03    +4.60743842e-04 -2.90786469e-03  -4.95016270e-01 +7.04429766e+00  +5.66537030e-06 -9.98937418e-04 
-7.99992165e-03 +0.00000000e+00 +3.54055839e-05 +8.83477275e+04 +3.55140373e+03  +1.79101956e+01 +1.56214885e+00  +3.00087061e+04 +4.42184960e+02    +2.57101155e-04 +4.58625833e-04  -1.69689446e+00 +3.13667621e+01  -6.09384085e-04 +1.31132931e-02 
-4.29258334e-03 +0.00000000e+00 +6.75083167e-03 +7.00310462e+05 -1.54576610e+04  +1.56919461e+03 +3.79194998e+01  -7.02088893e+05 -2.04499495e+04    -2.56254638e-02 +8.53680188e-01  -7.51536661e+00 +2.57303905e+02  -2.51247140e-03 +6.12297714e-02 
+3.36133629e-03 +0.00000000e+00 +7.25957425e-03 -1.17025007e+06 +4.61440517e+04  -3.39540581e+02 +1.53815944e+01  -1.69573965e+06 -2.51443165e+04    -3.97923588e-03 +1.37425202e-01  +1.01658378e+01 -4.37264225e+02  +2.70748013e-03 +6.21650686e-02 
+7.92485885e-03 +0.00000000e+00 +1.09389775e-03 -1.07450892e+05 -3.77947365e+03  -3.34947989e+01 +8.76726585e-01  +2.20702118e+04 -3.04647729e+02    +2.79835017e-04 +2.54505050e-03  +1.96274043e+00 -3.82312732e+01  +3.39464915e-04 +8.96684051e-03 
+5.20230272e-03 +0.00000000e+00 -6.07750330e-03 -2.53886247e+04 -1.67076117e+03  -1.38764831e+01 +2.48539034e+00  +4.37845038e+04 +2.79516030e+03    +4.92053993e-04 +2.11822202e-03  +6.15394763e-01 -8.97007382e+00  +3.57501313e-04 -8.06001212e-04 
-2.30322653e-03 +0.00000000e+00 -7.66127584e-03 +9.67284361e+03 +7.01177406e+02  +6.14598759e+00 +1.19043533e+00  +4.44197596e+04 +3.18096965e+03    +2.73666875e-04 -7.19466662e-04  -2.47652559e-01 +3.41008488e+00  -5.20045183e-05 +2.70639251e-04 
-7.69117994e-03 +0.00000000e+00 -2.20130670e-03 +5.94232751e+04 +2.97311719e+03  -1.59477076e+01 -1.87479950e+00  +3.86999967e+04 +1.56199755e+03    +7.69131715e-05 +1.27771705e-03  -1.25472277e+00 +2.10610468e+01  -1.50572929e-04 +4.03115042e-03 
-6.00789797e-03 +0.00000000e+00 +5.28253367e-03 +3.16178425e+05 +1.51432565e+03  +3.55848748e+02 +1.54545340e+01  -1.43679646e+05 -8.58545488e+03    +1.29297527e-03 +2.11192732e-02  -4.34245605e+00 +1.14042104e+02  -5.06426851e-03 +1.19091954e-01 
+1.19901768e-03 +0.00000000e+00 +7.90963695e-03 -1.03079869e+07 +2.33207778e+05  -1.02372253e+04 +2.59276945e+01  -4.44047215e+07 +2.20175352e+05    -6.66387920e-03 -7.07219346e-01  +1.36275948e+01 -3.54660445e+03  +1.07850546e-02 +6.81401297e-01 
+7.30356201e-03 +0.00000000e+00 +3.26465649e-03 -1.71452727e+05 -3.88915784e+03  -6.29282193e+01 -6.45046797e+00  -1.45883219e+04 -2.82129569e+03    +4.59292112e-04 -6.58812556e-03  +2.77099151e+00 -6.12513359e+01  +3.16751904e-04 +7.06436471e-03 
+6.69324511e-03 +0.00000000e+00 -4.38183408e-03 -3.92261905e+04 -2.31193272e+03  +4.84562501e+00 +3.18589493e+00  +4.23987088e+04 +2.31718503e+03    +6.41622353e-04 -1.19035112e-04  +8.97182047e-01 -1.38737470e+01  +2.22995444e-04 +3.32924329e-03 
-7.08104743e-05 +0.00000000e+00 -7.99968661e-03 +2.94414754e+02 +2.41843901e+01  +8.92136143e+00 +2.02581982e+00  +4.45297475e+04 +3.25810868e+03    +3.15088865e-04 -6.38148902e-04  -8.27851126e-03 +1.01738660e-01  +9.90062015e-06 -2.60467346e-04 
-6.76976323e-03 +0.00000000e+00 -4.26266416e-03 +4.02268113e+04 +2.35490565e+03  -3.74512499e+00 -8.84171010e-01  +4.22699679e+04 +2.27918781e+03    +3.05290027e-04 -2.70727075e-03  -9.17291524e-01 +1.42233956e+01  -1.52708825e-04 +1.89500443e-03 
-7.24462690e-03 +0.00000000e+00 +3.39343206e-03 +1.76955438e+05 +3.86342099e+03  +1.05009388e+02 +9.53446378e+00  -1.83022407e+04 -3.06630292e+03    +1.24175288e-03 -4.45533219e-03  -2.83892026e+00 +6.32362247e+01  -1.67581667e-03 +3.53422038e-02 
-1.05881400e-03 +0.00000000e+00 +7.92962249e-03 +1.35083725e+07 -2.26295015e+05  -2.12668839e+04 +1.77076856e+03  -6.53231748e+07 +2.63769671e+05    -1.06788454e-01 +1.92773197e+00  -1.26300363e+01 +4.54999141e+03  -2.75753633e-02 -1.09178667e+00 
+6.10046760e-03 +0.00000000e+00 +5.17535458e-03 -3.03469402e+05 -1.90944982e+03  -1.44583200e+02 -1.25291604e+01  -1.30079780e+05 -8.10294123e+03    -1.56971277e-03 +2.31415954e-02  +4.21146023e+00 -1.09335916e+02  +1.33030177e-03 -3.28154121e-02 
+7.65100743e-03 +0.00000000e+00 -2.33711047e-03 -5.80023751e+04 -2.93439467e+03  -6.54884812e+00 +2.64818478e+00  +3.90007994e+04 +1.61849767e+03    +5.62686050e-04 +1.87268687e-03  +1.22969585e+00 -2.05535500e+01  +1.79259822e-04 +5.79357001e-03 
+2.16724631e-03 +0.00000000e+00 -7.70084693e-03 -9.07696985e+03 -6.59378914e+02  -1.93290104e+01 -3.08519277e+00  +4.44144021e+04 +3.18751177e+03    +1.17376844e-04 +1.46546442e-03  +2.31257840e-01 -3.19814984e+00  +5.40515170e-05 -4.23268352e-04 
-5.30907107e-03 +0.00000000e+00 -5.98446024e-03 +2.61428931e+04 +1.71126911e+03  +2.58034059e+01 +4.87683293e+00  +4.37204411e+04 +2.76967696e+03    +5.11258898e-04 -3.18759081e-03  -6.33142023e-01 +9.23782923e+00  -2.78695309e-05 -9.08312584e-04 
