# scuff-scatter run on pekka-pc (09/25/15::22:28:42)
# columns: 
# 1,2,3   x,y,z (evaluation point coordinates)
# 4,5     real, imag Ex
# 6,7     real, imag Ey
# 8,9     real, imag Ez
# 10,11   real, imag Hx
# 12,13   real, imag Hy
# 14,15   real, imag Hz
+0.00000000e+00 +0.00000000e+00 +8.00000000e-03 -1.03506944e+05 -3.70375843e+02  -7.33679779e+04 -4.85495268e+02  +1.55593713e+07 +1.58647941e+05    +9.16965110e-03 -1.15964263e+00  +3.18903666e-03 -1.44677439e-02  -2.23696357e-05 +2.34091344e-02 
+6.73176788e-03 +0.00000000e+00 +4.32241845e-03 -4.50694726e+04 +1.06553194e+03  -6.51196475e+02 -2.53693473e+00  -2.95216893e+05 -3.58926413e+03    -1.94297570e-04 -1.74606128e-03  +9.54220801e-01 -6.93959200e+01  -2.45938754e-04 +2.97003044e-02 
+7.27437941e-03 +0.00000000e+00 -3.32917469e-03 -1.68407289e+05 -2.83939765e+03  +2.22417253e+02 +5.05813464e+00  +4.04155297e+04 +3.05640270e+02    +2.92952074e-04 -1.40702947e-02  +4.26615478e-01 -2.38510909e+01  +2.24835416e-04 -9.53593400e-03 
+1.12896006e-03 +0.00000000e+00 -7.91993997e-03 -2.73402914e+04 -5.71580308e+02  -1.67225068e+02 -4.18031056e+00  +1.70453417e+05 +3.32858532e+03    -2.09684594e-04 +7.23282187e-03  +5.21115419e-02 -2.65562592e+00  -2.72833836e-06 -5.17542308e-04 
-6.05441996e-03 +0.00000000e+00 -5.22914897e-03 +1.43839779e+05 +2.69474042e+03  +4.70242228e+02 +1.07933980e+01  +9.53791554e+04 +1.48928484e+03    +1.03085488e-04 -8.70643820e-03  -3.16854659e-01 +1.70291677e+01  +5.08763574e-05 -1.55808345e-03 
-7.67139420e-03 +0.00000000e+00 +2.26929748e-03 +1.40403626e+05 +9.65814984e+02  +5.89265119e+02 +4.40901093e+00  -1.60622811e+05 -2.59653464e+03    +4.76124869e-04 -3.24416354e-02  -7.56986903e-01 +5.00257521e+01  +6.76242668e-04 -1.56307176e-02 
-2.23532399e-03 +0.00000000e+00 +7.68136229e-03 -5.47602023e+06 -5.25924224e+04  +4.99406106e+04 +2.19215531e+01  +8.37118248e+05 +1.35840101e+04    +1.27765065e-02 -6.57521901e-01  -2.24888170e+00 +2.27171004e+02  -1.55858183e-02 +3.69285787e+00 
+5.25589279e-03 +0.00000000e+00 +6.03121803e-03 +2.91842200e+05 +5.56181806e+03  -8.45154289e+02 -1.42594872e+01  -5.39983265e+05 -4.83190893e+03    -7.30909383e-04 +1.39414461e-01  +1.26691299e+00 -1.03558442e+02  -2.82157806e-03 +2.69137166e-01 
+7.91486597e-03 +0.00000000e+00 -1.16400027e-03 -1.77552708e+05 -2.52897473e+03  +4.11581187e+02 +8.51738351e+00  -2.63122396e+04 -9.03869178e+02    +3.52693066e-04 -1.82268046e-02  +5.43152158e-01 -3.20525327e+01  +4.12724913e-04 -1.58910255e-02 
+3.29694788e-03 +0.00000000e+00 -7.28904210e-03 -7.98320763e+04 -1.63278169e+03  -5.24063587e+02 -1.28224422e+01  +1.52160096e+05 +2.85811156e+03    -2.54349071e-04 +9.57349270e-03  +1.56679062e-01 -8.08160643e+00  -8.99339728e-05 +2.51330547e-03 
-4.35216889e-03 +0.00000000e+00 -6.71257223e-03 +1.04362659e+05 +2.08540942e+03  +4.15065100e+02 +9.03519437e+00  +1.36364261e+05 +2.46226634e+03    +1.55221794e-05 -3.99504321e-03  -2.11375058e-01 +1.10413926e+01  +1.08915654e-04 -4.92317474e-03 
-7.99992165e-03 +0.00000000e+00 +3.54055839e-05 +1.73086659e+05 +2.14243267e+03  +1.70780372e+01 -1.03873822e+00  -6.74005755e+04 -1.52375309e+03    -4.30374337e-05 -7.16062512e-04  -6.10194461e-01 +3.73138924e+01  +4.40360398e-04 -9.62787451e-03 
-4.29258334e-03 +0.00000000e+00 +6.75083167e-03 -8.30866813e+05 -1.12565774e+04  -1.23780155e+02 -4.53496831e+01  -7.22412992e+05 -5.38051231e+03    -4.82645688e-04 +5.53603889e-01  -1.52879214e+00 +1.34342741e+02  +1.93367111e-03 -6.41083410e-02 
+3.36133629e-03 +0.00000000e+00 +7.25957425e-03 +2.01319151e+06 +2.25783700e+04  -1.58525793e+03 -3.18966761e+01  -7.49809142e+05 -4.06679553e+03    +2.01096234e-03 -1.54481677e-02  +1.85031374e+00 -1.73330225e+02  -1.03839472e-03 +5.61663579e-02 
+7.92485885e-03 +0.00000000e+00 +1.09389775e-03 -1.62918446e+05 -1.67468715e+03  +1.49531108e+02 +4.24921190e+00  -1.07942867e+05 -2.04283664e+03    +4.23504606e-05 -2.07198522e-03  +6.75939313e-01 -4.27410653e+01  +2.03137283e-04 -2.50305403e-03 
+5.20230272e-03 +0.00000000e+00 -6.07750330e-03 -1.24023467e+05 -2.41253163e+03  +3.15857645e+02 +7.40278943e+00  +1.19073339e+05 +2.04054706e+03    +3.02981345e-04 -1.28422320e-02  +2.61133994e-01 -1.37869453e+01  +2.03019234e-04 -9.68847216e-03 
-2.30322653e-03 +0.00000000e+00 -7.66127584e-03 +5.59651475e+04 +1.15991108e+03  +1.10051831e+02 +2.32460857e+00  +1.63237414e+05 +3.14202831e+03    -1.28372068e-04 +3.36700620e-03  -1.07165437e-01 +5.50610704e+00  +3.94597808e-05 -1.32568675e-03 
-7.69117994e-03 +0.00000000e+00 -2.20130670e-03 +1.75634954e+05 +2.73819381e+03  -3.22341607e+02 -6.94206909e+00  +6.98453788e+03 -3.28330274e+02    -2.47241374e-04 +1.01752656e-02  -4.86216807e-01 +2.79544335e+01  +4.50642876e-04 -1.64210267e-02 
-6.00789797e-03 +0.00000000e+00 +5.28253367e-03 -7.77843651e+04 -2.88191901e+03  +8.06277098e+02 +2.31461624e+00  -4.06815002e+05 -4.22151623e+03    +1.19134578e-03 -5.75948985e-02  -1.09822383e+00 +8.48870103e+01  +7.91053234e-05 +7.86558850e-02 
+1.19901768e-03 +0.00000000e+00 +7.90963695e-03 +8.13530206e+06 +7.74908819e+04  -9.63899099e+03 -5.03827294e+00  +8.68084781e+06 +8.24498030e+04    +4.40328421e-03 -4.63196271e-01  +2.01599912e+00 -2.06339806e+02  +4.55038714e-04 +1.76506924e-01 
+7.30356201e-03 +0.00000000e+00 +3.26465649e-03 -1.06915136e+05 -1.35300354e+02  -3.10592046e+02 -4.64953436e-01  -2.16226841e+05 -3.07008723e+03    -7.33349092e-05 -5.75587183e-03  +8.42161079e-01 -5.80624064e+01  +1.37137103e-05 +7.21628603e-03 
+6.69324511e-03 +0.00000000e+00 -4.38183408e-03 -1.57169735e+05 -2.81925245e+03  +4.56392175e+02 +1.06998667e+01  +7.05078091e+04 +9.32915700e+02    +4.20254598e-04 -1.91093580e-02  +3.68388460e-01 -2.01239792e+01  +2.53707441e-04 -8.98129514e-03 
-7.08104743e-05 +0.00000000e+00 -7.99968661e-03 +2.07212111e+03 +4.43593936e+01  +2.39973131e+02 +5.53032881e+00  +1.72270448e+05 +3.37506595e+03    -8.14630396e-05 +1.61842016e-03  -3.29636808e-03 +1.73185159e-01  +9.81637894e-06 -5.47921642e-04 
-6.76976323e-03 +0.00000000e+00 -4.26266416e-03 +1.59269224e+05 +2.84170762e+03  -7.45308464e+01 -9.11705580e-01  +6.72944622e+04 +8.66436909e+02    -1.21369045e-04 +2.03739615e-03  -3.74349642e-01 +2.05225587e+01  +1.69397538e-04 -6.41350796e-03 
-7.24462690e-03 +0.00000000e+00 +3.39343206e-03 +1.02941493e+05 +4.87250560e+01  +4.32362394e+02 +1.14058820e+00  -2.24509694e+05 -3.12161493e+03    +7.09919456e-04 -3.89097892e-02  -8.52550248e-01 +5.91763670e+01  +5.19952245e-04 +5.73537616e-03 
-1.05881400e-03 +0.00000000e+00 +7.92962249e-03 -7.59256974e+06 -7.45896414e+04  +8.14507236e+03 -3.51708107e+01  +9.95424598e+06 +9.59523676e+04    +1.24562145e-03 +1.55053265e+00  -1.86557675e+00 +1.88875539e+02  -1.32805131e-03 -1.74536138e-01 
+6.10046760e-03 +0.00000000e+00 +5.17535458e-03 +5.63377048e+04 +2.60731241e+03  -9.75255708e+02 -8.97163833e+00  -3.92212088e+05 -4.13947334e+03    -5.19977515e-04 +2.48207417e-02  +1.08003188e+00 -8.28006287e+01  -4.34191803e-04 +2.85814523e-03 
+7.65100743e-03 +0.00000000e+00 -2.33711047e-03 -1.74949310e+05 -2.75382026e+03  +2.41223560e+02 +4.68782370e+00  +1.10091093e+04 -2.56703191e+02    +2.82914999e-04 -1.13228516e-02  +4.79778297e-01 -2.74652443e+01  +1.46033260e-04 -4.53760707e-03 
+2.16724631e-03 +0.00000000e+00 -7.70084693e-03 -5.29150411e+04 -1.10000337e+03  -4.69088920e+02 -1.13129863e+01  +1.63898140e+05 +3.15959427e+03    -2.94624112e-04 +1.07790400e-02  +1.01221883e-01 -5.18019137e+00  -4.97895497e-05 +1.41753611e-03 
-5.30907107e-03 +0.00000000e+00 -5.98446024e-03 +1.26385825e+05 +2.44877332e+03  +5.80813162e+02 +1.26615649e+01  +1.16546708e+05 +1.98184653e+03    +8.40836297e-05 -6.86040347e-03  -2.66955687e-01 +1.41376092e+01  +1.03690635e-04 -4.64116060e-03 
