# scuff-scatter run on pekka-pc (09/25/15::22:34:42)
# columns: 
# 1,2,3   x,y,z (evaluation point coordinates)
# 4,5     real, imag Ex
# 6,7     real, imag Ey
# 8,9     real, imag Ez
# 10,11   real, imag Hx
# 12,13   real, imag Hy
# 14,15   real, imag Hz
+0.00000000e+00 +0.00000000e+00 +8.00000000e-03 -2.97637573e+05 -1.55330790e+05  -3.61230015e+05 -1.97947296e+05  +6.26069082e+07 +2.18581186e+07    +1.26233828e+01 -1.64901485e+01  -8.90101899e+00 +7.85183959e-01  +3.71376419e-02 +7.83794918e-02 
+6.73176788e-03 +0.00000000e+00 +4.32241845e-03 -3.68333554e+06 +7.68564515e+05  -3.40568841e+04 -7.19371185e+03  -2.24486140e+06 -2.27961775e+06    +5.66771532e-01 -1.63527674e+00  +6.35851881e+02 +4.19280483e+01  -1.68892843e+00 +2.69670038e+00 
+7.27437941e-03 +0.00000000e+00 -3.32917469e-03 +2.12649363e+06 -6.06219856e+05  -8.69896778e+03 -3.93530897e+03  +2.02815133e+06 +1.29538656e+06    -3.21123103e-01 +6.35220872e-01  -5.98351857e+01 +8.04070707e+02  -2.95263216e-01 +3.30430258e-02 
+1.12896006e-03 +0.00000000e+00 -7.91993997e-03 +1.21638692e+06 +5.50873875e+05  +2.24680036e+04 +1.33327379e+04  -5.22015758e+06 -1.73866835e+06    +9.26381695e-01 -3.06914640e+00  -4.97340152e+01 +1.48992112e+02  +1.17462614e-01 -3.82446321e-01 
-6.05441996e-03 +0.00000000e+00 -5.22914897e-03 -3.72721904e+06 -6.82071836e+05  -2.35029693e+04 -1.24230254e+04  -8.81230263e+04 +9.15560929e+05    -7.79785549e-01 -5.43981997e-01  +1.45100115e+02 -7.20816486e+02  +7.38655382e-01 +1.11173768e+00 
-7.67139420e-03 +0.00000000e+00 +2.26929748e-03 +3.55349839e+06 +1.29185391e+06  +3.23226116e+04 +8.62621904e+03  +6.24010274e+05 -1.63001216e+06    +6.07763337e-01 +9.63231394e-01  -4.26169780e+02 -4.33712231e+02  +1.54885858e+00 +2.92353042e+00 
-2.23532399e-03 +0.00000000e+00 +7.68136229e-03 -2.25920141e+07 -9.21411893e+06  -7.29328800e+04 -1.57179862e+05  +3.78644148e+06 +6.61845819e+06    +1.25122575e+01 -1.62823761e+01  -7.60786225e+02 +1.58527523e+03  +5.69816462e-01 +1.27676322e+01 
+5.25589279e-03 +0.00000000e+00 +6.03121803e-03 -5.46067404e+05 +3.64304650e+06  -4.18239746e+04 -2.37107666e+04  -5.02377910e+06 -1.29732222e+06    +1.59831542e+00 -2.28087837e+00  +7.83019646e+02 -4.96241095e+02  -3.39233289e+00 +4.60256321e+00 
+7.91486597e-03 +0.00000000e+00 -1.16400027e-03 -3.54240412e+05 -1.74628981e+06  -3.11960330e+02 +1.11875870e+04  +2.71825320e+06 +5.48782207e+05    -9.94074994e-02 +7.59061360e-01  +1.01059696e+02 +7.57990082e+02  -4.73941076e-02 +4.75828369e-01 
+3.29694788e-03 +0.00000000e+00 -7.28904210e-03 +3.21634589e+06 +1.31011011e+06  +5.65241678e+04 +3.76716453e+04  -3.70185435e+06 -8.13048978e+05    +1.68861586e+00 -3.47688873e+00  -1.31822636e+02 +4.25565570e+02  +7.03788069e-01 -1.45453413e+00 
-4.35216889e-03 +0.00000000e+00 -6.71257223e-03 -3.77020542e+06 -1.34253642e+06  -1.49133084e+04 -7.71331960e+03  -2.54037676e+06 -1.63187114e+05    -3.58295535e-01 -1.47531320e+00  +1.53973341e+02 -5.43790924e+02  +5.35503351e-02 +1.34893909e+00 
-7.99992165e-03 +0.00000000e+00 +3.54055839e-05 +1.65590484e+06 +1.93612950e+06  +1.08527838e+04 -2.45175041e+03  +2.42661517e+06 -1.66555460e+05    -6.19330425e-02 -6.20546144e-02  -2.05939086e+02 -6.81766047e+02  +1.45819185e+00 +2.49085720e+00 
-4.29258334e-03 +0.00000000e+00 +6.75083167e-03 -3.04178727e+06 -5.21279621e+06  -5.20759325e+04 -3.44723570e+04  -5.66104916e+06 +2.18292768e+05    +3.54217448e+00 -1.08351906e+00  -8.16449625e+02 +8.37507308e+02  +3.02503523e+00 -2.62576359e+00 
+3.36133629e-03 +0.00000000e+00 +7.25957425e-03 +9.11152453e+06 +6.89811004e+06  -5.04426825e+04 -4.50578297e+04  -4.85993954e+06 +2.36078056e+06    +4.89995048e+00 -5.50986153e+00  +8.19210254e+02 -1.20569442e+03  -2.63898096e+00 +2.74204447e+00 
+7.92485885e-03 +0.00000000e+00 +1.09389775e-03 -2.76678961e+06 -1.85322457e+06  -6.73209820e+03 -7.29829284e+02  +1.72207288e+06 -9.00995831e+05    +1.62230005e-02 +1.63504216e-01  +3.12492169e+02 +5.78230903e+02  -8.94839100e-01 +1.28279805e+00 
+5.20230272e-03 +0.00000000e+00 -6.07750330e-03 +3.90875958e+06 +1.11921778e+06  -4.04696469e+03 +7.71923194e+03  -1.36463289e+06 +4.15423393e+05    +1.17690642e-01 -1.22668980e-01  -1.58951268e+02 +6.42440773e+02  +3.78035292e-01 -5.74034489e-01 
-2.30322653e-03 +0.00000000e+00 -7.66127584e-03 -2.38264554e+06 -1.03862105e+06  +8.08228158e+02 -1.72856547e+03  -4.62198735e+06 -1.36240021e+06    +8.15184639e-02 -2.34254014e+00  +9.67196926e+01 -2.94090559e+02  -6.50885867e-02 +7.43435135e-01 
-7.69117994e-03 +0.00000000e+00 -2.20130670e-03 -9.08325727e+05 +1.26929434e+06  +1.71751242e+04 -4.72401968e+03  +2.57743720e+06 +1.03842174e+06    -3.95190099e-01 -1.01492411e+00  -1.53647802e+01 -7.93884930e+02  +1.15131354e+00 +2.65065188e+00 
-6.00789797e-03 +0.00000000e+00 +5.28253367e-03 +2.46100536e+06 -2.18174033e+06  +2.09201426e+04 +8.60360471e+03  -3.80691573e+06 -2.04576723e+06    +1.24862351e+00 +4.25384776e-01  -7.21651770e+02 +2.18209937e+02  +8.90753616e-01 +1.11182397e+00 
+1.19901768e-03 +0.00000000e+00 +7.90963695e-03 +3.18510957e+07 +9.38917923e+06  -4.37639878e+04 -5.14226774e+04  +3.33649810e+07 +1.48379770e+07    +8.22744281e+00 -9.07137619e+00  +5.36579767e+02 -1.43406690e+03  -1.10747060e+00 +9.43607800e-01 
+7.30356201e-03 +0.00000000e+00 +3.26465649e-03 -3.87738533e+06 -4.37850814e+05  -2.42580216e+04 -5.40837906e+03  -6.52813251e+05 -2.13265298e+06    +3.79508942e-01 -9.43249809e-01  +5.33628130e+02 +2.64146122e+02  -1.30245127e+00 +2.05094215e+00 
+6.69324511e-03 +0.00000000e+00 -4.38183408e-03 +3.13955907e+06 +1.18127516e+05  -2.45205252e+04 -8.67616029e+03  +1.06935651e+06 +1.23347345e+06    -5.61483205e-01 +1.11399486e+00  -1.15183615e+02 +7.77514924e+02  -4.13161654e-01 +3.67061140e-01 
-7.08104743e-05 +0.00000000e+00 -7.99968661e-03 -9.69248326e+04 -4.94488262e+04  -1.00189288e+04 -7.42707375e+03  -5.37049836e+06 -1.83263663e+06    +2.79474457e-01 -2.31182373e+00  +3.44763842e+00 -7.44159115e+00  -1.97598760e-02 +5.10007020e-02 
-6.76976323e-03 +0.00000000e+00 -4.26266416e-03 -3.09723282e+06 -5.98121810e+04  -3.90802828e+03 -1.26133791e+04  +1.14627777e+06 +1.23354163e+06    -6.54197437e-01 -1.03925006e+00  +1.10149048e+02 -7.77980464e+02  +1.15602371e+00 +1.34828087e+00 
-7.24462690e-03 +0.00000000e+00 +3.39343206e-03 +3.91957280e+06 +3.83055232e+05  +2.89647871e+04 +1.89782366e+03  -8.34193867e+05 -2.13963754e+06    +9.25206219e-01 +1.39290110e+00  -5.40163020e+02 -2.45308830e+02  +1.35067105e+00 +2.70751565e+00 
-1.05881400e-03 +0.00000000e+00 +7.92962249e-03 -3.02775669e+07 -8.86027268e+06  -2.41645429e+05 -2.47766010e+05  +3.85827701e+07 +1.60093776e+07    +1.36356600e+01 -9.64342706e+00  -4.99185663e+02 +1.32151579e+03  +1.74982970e+00 -1.27274057e+00 
+6.10046760e-03 +0.00000000e+00 +5.17535458e-03 -2.73859639e+06 +2.01113481e+06  -4.18983460e+04 -1.19400904e+04  -3.71796449e+06 -2.06779251e+06    +8.77770159e-01 -2.28395417e+00  +7.14224185e+02 -1.92033362e+02  -1.93628681e+00 +2.81631062e+00 
+7.65100743e-03 +0.00000000e+00 -2.33711047e-03 +1.01534315e+06 -1.21956510e+06  +4.36743860e+03 +6.77140117e+03  +2.54966494e+06 +1.08237648e+06    -2.42446902e-01 +6.74908184e-01  +7.15196783e+00 +7.98464997e+02  +1.80458045e-03 -3.49147864e-01 
+2.16724631e-03 +0.00000000e+00 -7.70084693e-03 +2.29440944e+06 +1.01222927e+06  +4.59059538e+04 +2.78632710e+04  -4.66554254e+06 -1.39305478e+06    +1.46432031e+00 -3.61600537e+00  -9.32253118e+01 +2.84031700e+02  +3.32615273e-01 -8.76629607e-01 
-5.30907107e-03 +0.00000000e+00 -5.98446024e-03 -3.91598326e+06 -1.09056350e+06  -2.31354027e+04 -9.95820972e+03  -1.24246573e+06 +4.70774799e+05    -6.48703456e-01 -8.65236768e-01  +1.58299214e+02 -6.47867764e+02  +2.73197079e-01 +1.39809830e+00 
