# scuff-scatter run on pekka-pc (09/25/15::22:28:42)
# columns: 
# 1,2,3   x,y,z (evaluation point coordinates)
# 4,5     real, imag Ex
# 6,7     real, imag Ey
# 8,9     real, imag Ez
# 10,11   real, imag Hx
# 12,13   real, imag Hy
# 14,15   real, imag Hz
+0.00000000e+00 +0.00000000e+00 +8.00000000e-03 -nan -nan  -nan -nan  -nan -nan    -nan -nan  -nan -nan  -nan -nan 
+6.73176788e-03 +0.00000000e+00 +4.32241845e-03 -2.67832937e+05 +1.06551718e+03  -6.51196475e+02 -2.53693473e+00  -3.49285339e+05 -3.53239852e+03    -1.94297570e-04 -1.74606128e-03  +9.59424750e-01 -1.01748485e+02  -2.45938754e-04 +2.97003044e-02 
+7.27437941e-03 +0.00000000e+00 -3.32917469e-03 -2.13023173e+05 -2.83944675e+03  +2.22417253e+02 +5.05813464e+00  +7.75988566e+04 +3.62428392e+02    +2.92952074e-04 -1.40702947e-02  +4.32231675e-01 -3.03579775e+01  +2.24835416e-04 -9.53593400e-03 
+1.12896006e-03 +0.00000000e+00 -7.91993997e-03 -3.15024521e+04 -5.71591012e+02  -1.67225068e+02 -4.18031056e+00  +2.09827046e+05 +3.38536045e+03    -2.09684594e-04 +7.23282187e-03  +5.29824861e-02 -3.26414652e+00  -2.72833836e-06 -5.17542308e-04 
-6.05441996e-03 +0.00000000e+00 -5.22914897e-03 +1.73283848e+05 +2.69478814e+03  +4.70242228e+02 +1.07933980e+01  +1.34156333e+05 +1.54606455e+03    +1.03085488e-04 -8.70643820e-03  -3.21527494e-01 +2.13277696e+01  +5.08763574e-05 -1.55808345e-03 
-7.67139420e-03 +0.00000000e+00 +2.26929748e-03 +2.70981825e+05 +9.65841198e+02  +5.89265119e+02 +4.40901093e+00  -1.53281103e+05 -2.53969668e+03    +4.76124869e-04 -3.24416354e-02  -7.62915182e-01 +6.90114842e+01  +6.76242668e-04 -1.56307176e-02 
-2.23532399e-03 +0.00000000e+00 +7.68136229e-03 -2.57837747e+06 -5.25924220e+04  +4.99406106e+04 +2.19215531e+01  -5.66095236e+06 +1.36409319e+04    +1.27765065e-02 -6.57521901e-01  -2.25061068e+00 +6.47218766e+02  -1.55858183e-02 +3.69285787e+00 
+5.25589279e-03 +0.00000000e+00 +6.03121803e-03 -1.51971407e+05 +5.56181189e+03  -8.45154289e+02 -1.42594872e+01  -8.23100737e+05 -4.77501647e+03    -7.30909383e-04 +1.39414461e-01  +1.27097719e+00 -1.67953684e+02  -2.82157806e-03 +2.69137166e-01 
+7.91486597e-03 +0.00000000e+00 -1.16400027e-03 -2.44239922e+05 -2.52901796e+03  +4.11581187e+02 +8.51738351e+00  +6.41897947e+03 -8.47066218e+02    +3.52693066e-04 -1.82268046e-02  +5.49265064e-01 -4.17669231e+01  +4.12724913e-04 -1.58910255e-02 
+3.29694788e-03 +0.00000000e+00 -7.28904210e-03 -9.27447692e+04 -1.63281171e+03  -5.24063587e+02 -1.28224422e+01  +1.91503196e+05 +2.91488700e+03    -2.54349071e-04 +9.57349270e-03  +1.59222785e-01 -9.96884446e+00  -8.99339728e-05 +2.51330547e-03 
-4.35216889e-03 +0.00000000e+00 -6.71257223e-03 +1.22416825e+05 +2.08544756e+03  +4.15065100e+02 +9.03519437e+00  +1.75630253e+05 +2.51904246e+03    +1.55221794e-05 -3.99504321e-03  -2.14733250e-01 +1.36792609e+01  +1.08915654e-04 -4.92317474e-03 
-7.99992165e-03 +0.00000000e+00 +3.54055839e-05 +2.56247832e+05 +2.14247065e+03  +1.70780372e+01 -1.03873822e+00  -3.95586725e+04 -1.46693950e+03    -4.30374337e-05 -7.16062512e-04  -6.16374301e-01 +4.94201331e+01  +4.40360398e-04 -9.62787451e-03 
-4.29258334e-03 +0.00000000e+00 +6.75083167e-03 -1.13815216e+05 -1.12565742e+04  -1.23780155e+02 -4.53496831e+01  -1.40340701e+06 -5.32360749e+03    -4.82645688e-04 +5.53603889e-01  -1.53211184e+00 +2.38341859e+02  +1.93367111e-03 -6.41083410e-02 
+3.36133629e-03 +0.00000000e+00 +7.25957425e-03 +7.82948158e+05 +2.25783685e+04  -1.58525793e+03 -3.18966761e+01  -2.42919095e+06 -4.00988160e+03    +2.01096234e-03 -1.54481677e-02  +1.85291348e+00 -3.51710614e+02  -1.03839472e-03 +5.61663579e-02 
+7.92485885e-03 +0.00000000e+00 +1.09389775e-03 -2.64916851e+05 -1.67471978e+03  +1.49531108e+02 +4.24921190e+00  -8.71743260e+04 -1.98601225e+03    +4.23504606e-05 -2.07198522e-03  +6.82062256e-01 -5.75809458e+01  +2.03137283e-04 -2.50305403e-03 
+5.20230272e-03 +0.00000000e+00 -6.07750330e-03 -1.47076818e+05 -2.41257526e+03  +3.15857645e+02 +7.40278943e+00  +1.58188169e+05 +2.09732439e+03    +3.02981345e-04 -1.28422320e-02  +2.65148589e-01 -1.71540892e+01  +2.03019234e-04 -9.68847216e-03 
-2.30322653e-03 +0.00000000e+00 -7.66127584e-03 +6.46670993e+04 +1.15993257e+03  +1.10051831e+02 +2.32460857e+00  +2.02604672e+05 +3.19880352e+03    -1.28372068e-04 +3.36700620e-03  -1.08942355e-01 +6.77818302e+00  +3.94597808e-05 -1.32568675e-03 
-7.69117994e-03 +0.00000000e+00 -2.20130670e-03 +2.30825222e+05 +2.73824057e+03  -3.22341607e+02 -6.94206909e+00  +4.23475984e+04 -2.71535120e+02    -2.47241374e-04 +1.01752656e-02  -4.92155919e-01 +3.59985911e+01  +4.50642876e-04 -1.64210267e-02 
-6.00789797e-03 +0.00000000e+00 +5.28253367e-03 +2.35124478e+05 -2.88190927e+03  +8.06277098e+02 +2.31461624e+00  -5.42215620e+05 -4.16463597e+03    +1.19134578e-03 -5.75948985e-02  -1.10286895e+00 +1.30307475e+02  +7.91053234e-05 +7.86558850e-02 
+1.19901768e-03 +0.00000000e+00 +7.90963695e-03 -2.15579407e+06 +7.74908819e+04  -9.63899099e+03 -5.03827294e+00  -3.63146246e+07 +8.25067291e+04    +4.40328421e-03 -4.63196271e-01  +2.01692657e+00 -1.69796627e+03  +4.55038714e-04 +1.76506924e-01 
+7.30356201e-03 +0.00000000e+00 +3.26465649e-03 -2.72375695e+05 -1.35320978e+02  -3.10592046e+02 -4.64953436e-01  -2.29137880e+05 -3.01323650e+03    -7.33349092e-05 -5.75587183e-03  +8.47806047e-01 -8.21067557e+01  +1.37137103e-05 +7.21628603e-03 
+6.69324511e-03 +0.00000000e+00 -4.38183408e-03 -1.93109798e+05 -2.81930182e+03  +4.56392175e+02 +1.06998667e+01  +1.08746419e+05 +9.89698627e+02    +4.20254598e-04 -1.91093580e-02  +3.73555079e-01 -2.53685478e+01  +2.53707441e-04 -8.98129514e-03 
-7.08104743e-05 +0.00000000e+00 -7.99968661e-03 +2.33123604e+03 +4.43600683e+01  +2.39973131e+02 +5.53032881e+00  +2.11644442e+05 +3.43184108e+03    -8.14630396e-05 +1.61842016e-03  -3.35099459e-03 +2.11070169e-01  +9.81637894e-06 -5.47921642e-04 
-6.76976323e-03 +0.00000000e+00 -4.26266416e-03 +1.96150101e+05 +2.84175708e+03  -7.45308464e+01 -9.11705580e-01  +1.05437545e+05 +9.23220358e+02    -1.21369045e-04 +2.03739615e-03  -3.79575430e-01 +2.59040697e+01  +1.69397538e-04 -6.41350796e-03 
-7.24462690e-03 +0.00000000e+00 +3.39343206e-03 +2.73990725e+05 +4.87449579e+01  +4.32362394e+02 +1.14058820e+00  -2.41023796e+05 -3.06476246e+03    +7.09919456e-04 -3.89097892e-02  -8.58149786e-01 +8.40310834e+01  +5.19952245e-04 +5.73537616e-03 
-1.05881400e-03 +0.00000000e+00 +7.92962249e-03 +5.62917755e+06 -7.45896414e+04  +8.14507236e+03 -3.51708107e+01  -5.57607181e+07 +9.60092940e+04    +1.24562145e-03 +1.55053265e+00  -1.86639576e+00 +2.10525915e+03  -1.32805131e-03 -1.74536138e-01 
+6.10046760e-03 +0.00000000e+00 +5.17535458e-03 -2.43490024e+05 +2.60730214e+03  -9.75255708e+02 -8.97163833e+00  -5.14684711e+05 -4.08259476e+03    -5.19977515e-04 +2.48207417e-02  +1.08474848e+00 -1.26324884e+02  -4.34191803e-04 +2.85814523e-03 
+7.65100743e-03 +0.00000000e+00 -2.33711047e-03 -2.28775012e+05 -2.75386739e+03  +2.41223560e+02 +4.68782370e+00  +4.66398752e+04 -1.99908964e+02    +2.82914999e-04 -1.13228516e-02  +4.85686253e-01 -3.53110908e+01  +1.46033260e-04 -4.53760707e-03 
+2.16724631e-03 +0.00000000e+00 -7.70084693e-03 -6.10723934e+04 -1.10002363e+03  -4.69088920e+02 -1.13129863e+01  +2.03266901e+05 +3.21636945e+03    -2.94624112e-04 +1.07790400e-02  +1.02893882e-01 -6.37268151e+00  -4.97895497e-05 +1.41753611e-03 
-5.30907107e-03 +0.00000000e+00 -5.98446024e-03 +1.50146868e+05 +2.44881755e+03  +5.80813162e+02 +1.26615649e+01  +1.55632692e+05 +2.03862408e+03    +8.40836297e-05 -6.86040347e-03  -2.71052738e-01 +1.76079441e+01  +1.03690635e-04 -4.64116060e-03 
