# scuff-scatter run on pekka-pc (09/25/15::22:28:54)
# columns: 
# 1,2,3   x,y,z (evaluation point coordinates)
# 4,5     real, imag Ex
# 6,7     real, imag Ey
# 8,9     real, imag Ez
# 10,11   real, imag Hx
# 12,13   real, imag Hy
# 14,15   real, imag Hz
+0.00000000e+00 +0.00000000e+00 +8.00000000e-03 -nan -nan  -nan -nan  -nan -nan    -nan -nan  -nan -nan  -nan -nan 
+6.73176788e-03 +0.00000000e+00 +4.32241845e-03 -2.66762108e+05 +1.19143403e+03  -6.53919228e+02 -2.56506827e+00  -3.53075659e+05 -3.79674218e+03    -2.17034025e-04 -1.64023878e-03  +1.06114145e+00 -1.05318402e+02  -2.69241188e-04 +3.07713164e-02 
+7.27437941e-03 +0.00000000e+00 -3.32917469e-03 -2.15983847e+05 -3.07869867e+03  +2.27691863e+02 +5.51947385e+00  +7.79277669e+04 +3.82463767e+02    +3.27622468e-04 -1.47258971e-02  +4.80949590e-01 -3.15669372e+01  +2.53117125e-04 -1.00290202e-02 
+1.12896006e-03 +0.00000000e+00 -7.91993997e-03 -3.20836916e+04 -6.22807852e+02  -1.71502688e+02 -4.57243148e+00  +2.13209187e+05 +3.68193518e+03    -2.34122772e-04 +7.63193075e-03  +5.90696185e-02 -3.40002603e+00  -3.31633226e-06 -5.23908784e-04 
-6.05441996e-03 +0.00000000e+00 -5.22914897e-03 +1.76063345e+05 +2.92909604e+03  +4.81391357e+02 +1.17873024e+01  +1.35695661e+05 +1.67219863e+03    +1.15634080e-04 -9.03015003e-03  -3.58077025e-01 +2.21933906e+01  +5.54863791e-05 -1.65222562e-03 
-7.67139420e-03 +0.00000000e+00 +2.26929748e-03 +2.72054456e+05 +1.01551499e+03  +5.94003945e+02 +4.65615957e+00  -1.56013578e+05 -2.74957373e+03    +5.28055644e-04 -3.37620845e-02  -8.45708368e-01 +7.15473394e+01  +7.53806614e-04 -1.67171585e-02 
-2.23532399e-03 +0.00000000e+00 +7.68136229e-03 -2.63333475e+06 -5.62854196e+04  +4.99617837e+04 +1.98288101e+01  -5.64655842e+06 +1.47283682e+04    +1.41067045e-02 -6.87463275e-01  -2.47023790e+00 +6.65815391e+02  -1.70460961e-02 +3.80246383e+00 
+5.25589279e-03 +0.00000000e+00 +6.03121803e-03 -1.46147931e+05 +6.03164293e+03  -8.60221156e+02 -1.53550489e+01  -8.28169611e+05 -5.08885502e+03    -7.89716947e-04 +1.43465736e-01  +1.40178484e+00 -1.73517513e+02  -3.09067238e-03 +2.78634291e-01 
+7.91486597e-03 +0.00000000e+00 -1.16400027e-03 -2.46914535e+05 -2.73039947e+03  +4.20550341e+02 +9.25652964e+00  +5.48846911e+03 -9.30156286e+02    +3.92209232e-04 -1.90240587e-02  +6.10442434e-01 -4.33875158e+01  +4.61646613e-04 -1.67117148e-02 
+3.29694788e-03 +0.00000000e+00 -7.28904210e-03 -9.44105983e+04 -1.77827837e+03  -5.37189547e+02 -1.40294103e+01  +1.94417354e+05 +3.16735561e+03    -2.84615690e-04 +1.00736468e-02  +1.77473905e-01 -1.03815101e+01  -1.00191543e-04 +2.65966611e-03 
-4.35216889e-03 +0.00000000e+00 -6.71257223e-03 +1.24550749e+05 +2.27007763e+03  +4.24318444e+02 +9.85833933e+00  +1.78149266e+05 +2.73463096e+03    +1.77431735e-05 -4.10813674e-03  -2.39288451e-01 +1.42420765e+01  +1.21051569e-04 -5.15985612e-03 
-7.99992165e-03 +0.00000000e+00 +3.54055839e-05 +2.58535867e+05 +2.30407575e+03  +1.59807963e+01 -1.14744239e+00  -4.11443156e+04 -1.59974969e+03    -4.84563302e-05 -6.97697320e-04  -6.84487425e-01 +5.13053270e+01  +4.91342640e-04 -1.03479751e-02 
-4.29258334e-03 +0.00000000e+00 +6.75083167e-03 -1.25620943e+05 -1.21320750e+04  -1.71356002e+02 -4.90883148e+01  -1.40900262e+06 -5.64148404e+03    -4.72959360e-04 +5.67590650e-01  -1.68693062e+00 +2.45946929e+02  +2.15948355e-03 -6.79692058e-02 
+3.36133629e-03 +0.00000000e+00 +7.25957425e-03 +8.06596602e+05 +2.42381850e+04  -1.61883420e+03 -3.45643136e+01  -2.43334198e+06 -4.19410860e+03    +2.21966249e-03 -1.78989715e-02  +2.03702517e+00 -3.62494362e+02  -1.15371481e-03 +5.86685774e-02 
+7.92485885e-03 +0.00000000e+00 +1.09389775e-03 -2.66726515e+05 -1.79039164e+03  +1.54023764e+02 +4.63762649e+00  -8.93133275e+04 -2.15780932e+03    +4.61845548e-05 -2.15588542e-03  +7.56844099e-01 -5.97421809e+01  +2.31153360e-04 -2.78708986e-03 
+5.20230272e-03 +0.00000000e+00 -6.07750330e-03 -1.49553804e+05 -2.62456919e+03  +3.23506670e+02 +8.06499129e+00  +1.60284090e+05 +2.27388288e+03    +3.39056844e-04 -1.34790152e-02  +2.95397686e-01 -1.78562782e+01  +2.26394626e-04 -1.01399714e-02 
-2.30322653e-03 +0.00000000e+00 -7.66127584e-03 +6.58481954e+04 +1.26363394e+03  +1.12406405e+02 +2.53761244e+00  +2.05801783e+05 +3.47786586e+03    -1.42830959e-04 +3.58555899e-03  -1.21442718e-01 +7.05929454e+00  +4.39368652e-05 -1.40182920e-03 
-7.69117994e-03 +0.00000000e+00 -2.20130670e-03 +2.33700550e+05 +2.96323157e+03  -3.29635321e+02 -7.56178697e+00  +4.20195684e+04 -3.06332625e+02    -2.76533691e-04 +1.06977235e-02  -5.47297122e-01 +3.74130449e+01  +5.02064469e-04 -1.73146354e-02 
-6.00789797e-03 +0.00000000e+00 +5.28253367e-03 +2.32130074e+05 -3.15059492e+03  +8.08832878e+02 +2.40085444e+00  -5.46664526e+05 -4.45709224e+03    +1.31144625e-03 -6.02484849e-02  -1.21804123e+00 +1.34747840e+02  +1.02598756e-04 +8.04457269e-02 
+1.19901768e-03 +0.00000000e+00 +7.90963695e-03 -2.07492739e+06 +8.28178574e+04  -9.64458505e+03 -5.79474654e+00  -3.62282485e+07 +8.83244028e+04    +4.88336413e-03 -4.79445347e-01  +2.21134634e+00 -1.74258013e+03  +4.93679800e-04 +1.80331793e-01 
+7.30356201e-03 +0.00000000e+00 +3.26465649e-03 -2.72575056e+05 -1.11081992e+02  -3.11107819e+02 -3.73784109e-01  -2.32377481e+05 -3.25190806e+03    -8.57676401e-05 -5.81654754e-03  +9.38880391e-01 -8.50632646e+01  +2.11784525e-05 +7.38787312e-03 
+6.69324511e-03 +0.00000000e+00 -4.38183408e-03 -1.96031537e+05 -3.06137470e+03  +4.67506162e+02 +1.16840698e+01  +1.09719092e+05 +1.06546885e+03    +4.70663675e-04 -2.00292581e-02  +4.15868811e-01 -2.63902004e+01  +2.85652692e-04 -9.48876985e-03 
-7.08104743e-05 +0.00000000e+00 -7.99968661e-03 +2.37634670e+03 +4.83633187e+01  +2.45591731e+02 +6.04260884e+00  +2.15072271e+05 +3.73277886e+03    -9.07241886e-05 +1.74888781e-03  -3.73535657e-03 +2.19767430e-01  +1.08166306e-05 -5.70798594e-04 
-6.76976323e-03 +0.00000000e+00 -4.26266416e-03 +1.99097132e+05 +3.08538049e+03  -7.54901126e+01 -9.65598857e-01  +1.06342446e+05 +9.93096317e+02    -1.35272268e-04 +2.21705681e-03  -4.22543562e-01 +2.69455015e+01  +1.87101059e-04 -6.75301977e-03 
-7.24462690e-03 +0.00000000e+00 +3.39343206e-03 +2.74098973e+05 +1.68715487e+01  +4.33628310e+02 +1.11220628e+00  -2.44318493e+05 -3.30572832e+03    +7.86253077e-04 -4.06028039e-02  -9.50188931e-01 +8.70470514e+01  +5.81008000e-04 +5.33695027e-03 
-1.05881400e-03 +0.00000000e+00 +7.92962249e-03 +5.55134634e+06 -7.97104624e+04  +8.10466054e+03 -4.44277639e+01  -5.56602349e+07 +1.02742719e+05    +1.54020735e-03 +1.58801901e+00  -2.04626831e+00 +2.15989394e+03  -1.42844113e-03 -1.77421246e-01 
+6.10046760e-03 +0.00000000e+00 +5.17535458e-03 -2.40786233e+05 +2.85547637e+03  -9.84760225e+02 -9.50390755e+00  -5.19048684e+05 -4.37105795e+03    -5.61335693e-04 +2.57094766e-02  +1.19824256e+00 -1.30645915e+02  -4.72641368e-04 +3.34873865e-03 
+7.65100743e-03 +0.00000000e+00 -2.33711047e-03 -2.31664219e+05 -2.98084577e+03  +2.46129990e+02 +5.08530267e+00  +4.63863428e+04 -2.28629030e+02    +3.15302225e-04 -1.18758710e-02  +5.40148314e-01 -3.67013709e+01  +1.65850020e-04 -4.83548362e-03 
+2.16724631e-03 +0.00000000e+00 -7.70084693e-03 -6.21923193e+04 -1.19844489e+03  -4.80649217e+02 -1.23684271e+01  +2.06481133e+05 +3.49708309e+03    -3.29361198e-04 +1.13523058e-02  +1.14706554e-01 -6.63747551e+00  -5.56388547e-05 +1.50481410e-03 
-5.30907107e-03 +0.00000000e+00 -5.98446024e-03 +1.52662267e+05 +2.66376868e+03  +5.93835294e+02 +1.38136542e+01  +1.57669620e+05 +2.20980236e+03    +9.44995765e-05 -7.11620373e-03  -3.01959576e-01 +1.83276178e+01  +1.14815909e-04 -4.86371906e-03 
