# scuff-scatter run on pekka-pc (09/25/15::22:24:01)
# columns: 
# 1,2,3   x,y,z (evaluation point coordinates)
# 4,5     real, imag Ex
# 6,7     real, imag Ey
# 8,9     real, imag Ez
# 10,11   real, imag Hx
# 12,13   real, imag Hy
# 14,15   real, imag Hz
+0.00000000e+00 +0.00000000e+00 +8.00000000e-03 -9.89437354e+04 -6.94877806e+01  -6.73809440e+04 -9.15694055e+01  +1.35232344e+07 +3.23827760e+04    +6.49781207e-04 -3.94925792e-01  +3.42484913e-04 +1.37536392e-02  -7.41420969e-06 +8.51173177e-03 
+6.73176788e-03 +0.00000000e+00 +4.32241845e-03 -5.51177037e+04 +8.99146475e+01  -6.08897355e+02 -8.29845538e-01  -2.50019569e+05 -6.96283862e+02    -4.27058449e-05 -1.14442874e-03  +6.42015921e-02 -2.16510819e+01  -5.26221824e-07 +9.60968704e-03 
+7.27437941e-03 +0.00000000e+00 -3.32917469e-03 -1.34749556e+05 -4.74828942e+02  +1.65021083e+02 +7.86363203e-01  +3.62038515e+04 +6.79357749e+01    +1.48515004e-05 -4.05835968e-03  +2.57746069e-02 -7.08605509e+00  +1.30203756e-05 -2.59252263e-03 
+1.12896006e-03 +0.00000000e+00 -7.91993997e-03 -2.08871689e+04 -8.72086838e+01  -1.21155851e+02 -6.13941140e-01  +1.32643782e+05 +5.15020245e+02    -1.31747514e-05 +1.84306816e-03  +3.02171960e-03 -7.73991687e-01  +7.65044360e-07 -2.16631640e-04 
-6.05441996e-03 +0.00000000e+00 -5.22914897e-03 +1.12617456e+05 +4.31186513e+02  +3.49105618e+02 +1.63819049e+00  +7.77414639e+04 +2.49451529e+02    +5.35571210e-06 -2.83058081e-03  -1.87945905e-02 +5.01923586e+00  +5.53398728e-06 -3.44689348e-04 
-7.67139420e-03 +0.00000000e+00 +2.26929748e-03 +1.26430330e+05 +2.41801295e+02  +5.27892253e+02 +1.02431234e+00  -1.29208155e+05 -4.57088049e+02    +3.40136788e-05 -1.00345698e-02  -4.90612305e-02 +1.53470617e+01  +4.04715734e-05 -3.09470170e-03 
-2.23532399e-03 +0.00000000e+00 +7.68136229e-03 -4.80441996e+06 -1.06186111e+04  +4.93981894e+04 +1.29148048e+01  +6.70872721e+05 +2.42218886e+03    +9.40173924e-04 -1.89244534e-01  -1.68897350e-01 +7.44411844e+01  -1.17426834e-03 +1.30544717e+00 
+5.25589279e-03 +0.00000000e+00 +6.03121803e-03 +2.25784886e+05 +9.32139558e+02  -6.70795924e+02 -2.65324067e+00  -4.76716279e+05 -1.03875866e+03    -1.63568620e-04 +4.97336356e-02  +8.89854720e-02 -3.29289588e+01  -3.25353764e-04 +8.89012114e-02 
+7.91486597e-03 +0.00000000e+00 -1.16400027e-03 -1.46520954e+05 -4.53639018e+02  +3.12025388e+02 +1.40998684e+00  -1.62716920e+04 -1.31862670e+02    +1.93097783e-05 -5.43466819e-03  +3.35968862e-02 -9.62504235e+00  +2.74893336e-05 -4.30276623e-03 
+3.29694788e-03 +0.00000000e+00 -7.28904210e-03 -6.12966509e+04 -2.51582663e+02  -3.82802348e+02 -1.87716515e+00  +1.19445681e+05 +4.48500080e+02    -1.44253168e-05 +2.55549780e-03  +9.13156858e-03 -2.36162643e+00  -5.92209829e-06 +6.13134727e-04 
-4.35216889e-03 +0.00000000e+00 -6.71257223e-03 +8.05586636e+04 +3.24525872e+02  +3.13626742e+02 +1.37318673e+00  +1.07965792e+05 +3.91943645e+02    -4.79924035e-08 -1.43777020e-03  -1.23742900e-02 +3.23539087e+00  +7.31868779e-06 -1.37907341e-03 
-7.99992165e-03 +0.00000000e+00 +3.54055839e-05 +1.46049827e+05 +4.07410500e+02  +2.78103829e+01 -1.34857744e-01  -4.97763407e+04 -2.42609473e+02    -9.40480967e-08 -4.00032902e-04  -3.83000577e-02 +1.12826104e+01  +2.88970951e-05 -1.69798654e-03 
-4.29258334e-03 +0.00000000e+00 +6.75083167e-03 -6.92249921e+05 -2.06912567e+03  +4.11418263e+02 -7.85685631e+00  -6.50285221e+05 -1.23167280e+03    -1.66264060e-04 +2.05794457e-01  -1.10010629e-01 +4.31866925e+01  +2.35268867e-05 -1.46955509e-02 
+3.36133629e-03 +0.00000000e+00 +7.25957425e-03 +1.72929279e+06 +4.38121827e+03  -1.20997412e+03 -5.46438922e+00  -6.92267153e+05 -1.06449844e+03    +2.13248446e-04 +2.74281797e-03  +1.36092174e-01 -5.62256249e+01  -5.26188519e-05 +1.65932880e-02 
+7.92485885e-03 +0.00000000e+00 +1.09389775e-03 -1.40944698e+05 -3.45334055e+02  +1.01070994e+02 +6.71823851e-01  -8.37647877e+04 -3.42105708e+02    +3.15597287e-06 -6.26467217e-04  +4.30401145e-02 -1.30053806e+01  +7.54496229e-06 -1.42422317e-04 
+5.20230272e-03 +0.00000000e+00 -6.07750330e-03 -9.63111491e+04 -3.79829026e+02  +2.31730563e+02 +1.16100373e+00  +9.53084292e+04 +3.30897937e+02    +1.75915388e-05 -3.56249403e-03  +1.53768067e-02 -4.04852471e+00  +1.55252719e-05 -2.80035829e-03 
-2.30322653e-03 +0.00000000e+00 -7.66127584e-03 +4.28408935e+04 +1.77672944e+02  +8.41816174e+01 +3.47226046e-01  +1.27442513e+05 +4.88778179e+02    -9.05103532e-06 +7.25646826e-04  -6.22405704e-03 +1.60793499e+00  +2.78248077e-06 -3.23612415e-04 
-7.69117994e-03 +0.00000000e+00 -2.20130670e-03 +1.42644769e+05 +4.73090589e+02  -2.42425298e+02 -1.10949074e+00  +1.01684570e+04 -3.46218192e+01    -1.08806558e-05 +2.73910259e-03  -2.97235649e-02 +8.35189292e+00  +2.96379544e-05 -4.20900313e-03 
-6.00789797e-03 +0.00000000e+00 +5.28253367e-03 -4.53110119e+04 -4.20877940e+02  +7.70619824e+02 +6.63619068e-01  -3.52552971e+05 -8.63927629e+02    +1.42855871e-04 -1.64720282e-02  -7.55745150e-02 +2.67541800e+01  -5.03457501e-05 +2.99837115e-02 
+1.19901768e-03 +0.00000000e+00 +7.90963695e-03 +7.13883472e+06 +1.59185394e+04  -9.60117115e+03 -1.54214034e-01  +7.62854071e+06 +1.65783413e+04    +2.98823395e-04 -1.54505501e-01  +1.53560083e-01 -6.76906512e+01  -8.62732425e-06 +6.91532746e-02 
+7.30356201e-03 +0.00000000e+00 +3.26465649e-03 -1.02603261e+05 -1.11461783e+02  -2.96331911e+02 -3.48727788e-01  -1.78395682e+05 -5.64600142e+02    -5.41079492e-06 -2.39860060e-03  +5.55106261e-02 -1.79483649e+01  +7.47413704e-07 +2.60333818e-03 
+6.69324511e-03 +0.00000000e+00 -4.38183408e-03 -1.24190844e+05 -4.59411453e+02  +3.35873899e+02 +1.63735241e+00  +5.91281250e+04 +1.65434100e+02    +2.12188704e-05 -5.40380705e-03  +2.20297423e-02 -5.95084939e+00  +1.46836777e-05 -2.28131916e-03 
-7.08104743e-05 +0.00000000e+00 -7.99968661e-03 +1.57332677e+03 +6.72597453e+00  +1.78782267e+02 +8.18211486e-01  +1.33961699e+05 +5.21476765e+02    -5.22438107e-06 +2.47556293e-04  -1.89806411e-04 +5.09128120e-02  +1.63345504e-06 -1.67832729e-04 
-6.76976323e-03 +0.00000000e+00 -4.26266416e-03 +1.25987080e+05 +4.64180604e+02  -6.22954740e+01 -1.94727242e-01  +5.66723024e+04 +1.55164596e+02    -7.04632704e-06 +2.51278544e-04  -2.24062763e-02 +6.07333173e+00  +1.48771811e-05 -1.66472363e-03 
-7.24462690e-03 +0.00000000e+00 +3.39343206e-03 +9.96488404e+04 +9.78144510e+01  +4.09901735e+02 +4.65368177e-01  -1.85924689e+05 -5.78210928e+02    +5.33206167e-05 -1.16006798e-02  -5.63303158e-02 +1.83147797e+01  +4.13791814e-05 +4.24600350e-03 
-1.05881400e-03 +0.00000000e+00 +7.92962249e-03 -6.63300061e+06 -1.53388054e+04  +8.10376890e+03 +8.96195232e+00  +8.72749392e+06 +1.93817268e+04    -1.48102501e-05 +5.81904692e-01  -1.42128501e-01 +6.18653211e+01  -1.27970833e-04 -7.29324305e-02 
+6.10046760e-03 +0.00000000e+00 +5.17535458e-03 +2.73208121e+04 +3.68361937e+02  -8.54684632e+02 -2.01489165e+00  -3.39100173e+05 -8.42847127e+02    -1.63518200e-04 +8.27731143e-03  +7.41123172e-02 -2.60616195e+01  -6.70508310e-05 -7.50858943e-04 
+7.65100743e-03 +0.00000000e+00 -2.33711047e-03 -1.41836127e+05 -4.73888552e+02  +1.85987055e+02 +7.88559921e-01  +1.33468442e+04 -2.27538425e+01    +1.62724254e-05 -3.16198806e-03  +2.92878653e-02 -8.19840359e+00  +7.21801801e-06 -1.00874913e-03 
+2.16724631e-03 +0.00000000e+00 -7.70084693e-03 -4.04756477e+04 -1.68336480e+02  -3.44052269e+02 -1.66969254e+00  +1.27915723e+05 +4.91183140e+02    -1.76380285e-05 +2.83582179e-03  +5.87947424e-03 -1.51121873e+00  -2.83539807e-06 +3.27277526e-04 
-5.30907107e-03 +0.00000000e+00 -5.98446024e-03 +9.82319371e+04 +3.86170799e+02  +4.38177893e+02 +1.93590441e+00  +9.34316671e+04 +3.22293098e+02    +3.83346967e-06 -2.22958991e-03  -1.57276962e-02 +4.15442022e+00  +8.17816539e-06 -1.29574596e-03 
