# scuff-scatter run on pekka-pc (09/25/15::22:37:41)
# columns: 
# 1,2,3   x,y,z (evaluation point coordinates)
# 4,5     real, imag Ex
# 6,7     real, imag Ey
# 8,9     real, imag Ez
# 10,11   real, imag Hx
# 12,13   real, imag Hy
# 14,15   real, imag Hz
+0.00000000e+00 +0.00000000e+00 +8.00000000e-03 -nan -nan  -nan -nan  -nan -nan    -nan -nan  -nan -nan  -nan -nan 
+6.73176788e-03 +0.00000000e+00 +4.32241845e-03 -1.87769124e+05 -9.44060684e+03  -1.23729539e+02 -1.05738535e+01  -1.29055308e+03 -1.06919747e+04    -3.07206673e-04 -4.64681121e-03  +5.72868682e+00 -4.65356401e+01  +2.28275617e-03 +1.97121919e-02 
+7.27437941e-03 +0.00000000e+00 -3.32917469e-03 -2.45252814e+04 -4.22029270e+03  -1.41223803e+01 +1.57391403e+00  +2.82464663e+04 +3.01160354e+03    +9.90641996e-04 +4.68535257e-03  +1.37966896e+00 -8.48425871e+00  +7.90772499e-04 +5.26709329e-03 
+1.12896006e-03 +0.00000000e+00 -7.91993997e-03 -1.84728366e+03 -4.30810283e+02  -2.20849087e+00 +3.07058903e-02  +2.27763693e+04 +4.05524982e+03    +8.69085937e-04 +3.63671877e-03  +1.36067901e-01 -7.80468684e-01  +1.64454026e-04 -1.46709960e-04 
-6.05441996e-03 +0.00000000e+00 -5.22914897e-03 +1.48050648e+04 +2.92809579e+03  -9.93148761e+00 +2.62108635e+00  +2.60776531e+04 +3.59252041e+03    +1.29725225e-03 +1.36512908e-03  -9.41511837e-01 +5.52136020e+00  -6.87189537e-04 -1.34382611e-03 
-7.67139420e-03 +0.00000000e+00 +2.26929748e-03 +9.50912316e+04 +8.67700485e+03  +8.54721924e+00 +1.63102606e+01  +2.61091483e+04 -2.74463264e+03    +1.56951255e-03 +1.84541755e-04  -3.62233328e+00 +2.61721804e+01  -3.29574020e-03 +1.37008334e-03 
-2.23532399e-03 +0.00000000e+00 +7.68136229e-03 +4.10133407e+06 -3.14405897e+05  +2.03918812e+04 +2.68273763e+03  -6.61468264e+06 +1.42960104e+04    -8.22600579e-03 +3.00581288e-01  -2.87608415e+01 +8.08776357e+02  -3.25654214e-01 +2.41382101e+00 
+5.25589279e-03 +0.00000000e+00 +6.03121803e-03 -4.56443808e+05 +4.73351260e+02  -2.30922731e+02 +3.63349813e+01  -1.52787928e+05 -3.02042351e+04    -1.61377263e-02 +8.61939624e-02  +1.00418720e+01 -9.88517158e+01  -9.77951365e-03 +1.13612535e-01 
+7.91486597e-03 +0.00000000e+00 -1.16400027e-03 -4.05000196e+04 -5.81305085e+03  -2.96765522e+01 +2.17885496e+00  +3.01757241e+04 +1.84638455e+03    +1.19984896e-03 +3.15978052e-03  +1.98807322e+00 -1.28746911e+01  +1.14434246e-03 +8.16208389e-03 
+3.29694788e-03 +0.00000000e+00 -7.28904210e-03 -5.89083528e+03 -1.32889176e+03  -5.40603716e+00 -1.54674778e+00  +2.35661897e+04 +3.97467676e+03    +7.28549287e-04 +4.83812263e-03  +4.22508980e-01 -2.40976347e+00  +2.82195378e-04 +9.50328043e-04 
-4.35216889e-03 +0.00000000e+00 -6.71257223e-03 +8.46059322e+03 +1.84313033e+03  -6.65468784e+00 +3.19440337e+00  +2.42805453e+04 +3.88808543e+03    +1.17057789e-03 +2.20386686e-03  -5.90532901e-01 +3.35802358e+00  -2.91843072e-04 -1.70436652e-03 
-7.99992165e-03 +0.00000000e+00 +3.54055839e-05 +5.36160665e+04 +6.78364182e+03  -2.42429941e-01 +4.16733364e+00  +3.05418106e+04 +7.91744800e+02    +7.89131922e-04 +3.69840690e-03  -2.43123574e+00 +1.62147952e+01  -2.48146840e-03 +3.64043252e-03 
-4.29258334e-03 +0.00000000e+00 +6.75083167e-03 +8.45400649e+05 -2.71467496e+04  +9.42700571e+02 +1.91853877e+02  -4.74120994e+05 -4.93536616e+04    -6.64999334e-02 +5.16020753e-01  -1.43495751e+01 +1.68530114e+02  -1.42103098e-02 +1.37597340e-02 
+3.36133629e-03 +0.00000000e+00 +7.25957425e-03 -1.63631676e+06 +9.50823698e+04  -6.34009187e+02 +8.89813252e+01  -1.40762213e+06 -6.46689044e+04    -1.77774989e-02 +6.96911673e-02  +2.01394340e+01 -3.08575480e+02  +1.16486299e-02 +9.88079881e-02 
+7.92485885e-03 +0.00000000e+00 +1.09389775e-03 -6.93497978e+04 -7.68857014e+03  -3.87338612e+01 +8.39595037e-02  +2.96027011e+04 -5.16915643e+02    +5.33649087e-04 +4.77557281e-03  +2.90656982e+00 -2.01425836e+01  +1.18989687e-03 +1.24825560e-02 
+5.20230272e-03 +0.00000000e+00 -6.07750330e-03 -1.11505789e+04 -2.32605726e+03  -2.82403570e+01 +8.10892099e-01  +2.50285795e+04 +3.78022237e+03    +8.48438201e-04 +6.22715327e-03  +7.42630422e-01 -4.32140739e+00  +5.99106923e-04 +2.18016691e-03 
-2.30322653e-03 +0.00000000e+00 -7.66127584e-03 +3.87737741e+03 +9.02444399e+02  -2.99811584e+00 +1.46926321e+00  +2.30969268e+04 +4.02292491e+03    +9.77269505e-04 +2.98715476e-03  -2.89444754e-01 +1.60681729e+00  -2.08834812e-04 -4.69178738e-04 
-7.69117994e-03 +0.00000000e+00 -2.20130670e-03 +3.19286072e+04 +5.02763111e+03  -6.53784266e+00 +5.81619296e-02  +2.94003075e+04 +2.48309533e+03    +7.38929233e-04 +3.34816499e-03  -1.68104770e+00 +1.05527465e+01  -1.33645417e-03 -1.02477246e-04 
-6.00789797e-03 +0.00000000e+00 +5.28253367e-03 +2.91817184e+05 +6.89088158e+03  +1.85282421e+02 +3.80556078e+01  -4.93349073e+04 -1.89139688e+04    -3.86888136e-04 +2.64083151e-02  -7.62477036e+00 +6.73512865e+01  -1.39095812e-02 +5.37996356e-02 
+1.19901768e-03 +0.00000000e+00 +7.90963695e-03 -1.27983620e+07 +5.39445854e+05  -1.04158637e+04 +1.67244219e+01  -4.67142630e+07 +4.92031112e+05    -3.47844312e-02 -7.68543771e-01  +2.87486998e+01 -3.15148573e+03  +2.67061094e-02 +7.45164840e-01 
+7.30356201e-03 +0.00000000e+00 +3.26465649e-03 -1.28677930e+05 -9.40036720e+03  -1.03096977e+01 -7.64394500e+00  +1.81668096e+04 -5.61247111e+03    +6.97863810e-04 -2.56567978e-03  +4.44463277e+00 -3.38014787e+01  +2.06439856e-03 +1.27420117e-02 
+6.69324511e-03 +0.00000000e+00 -4.38183408e-03 -1.88413285e+04 -3.50088387e+03  -1.59140970e+01 +2.01793252e+00  +2.70828556e+04 +3.37008352e+03    +1.01214607e-03 +5.15135515e-03  +1.13007665e+00 -6.79460544e+00  +5.05086662e-04 +5.46883613e-03 
-7.08104743e-05 +0.00000000e+00 -7.99968661e-03 +9.90991925e+01 +2.95420953e+01  -5.50907335e+00 +1.81249831e+00  +2.27065896e+04 +4.06552288e+03    +9.83088547e-04 +3.21182757e-03  -1.05657366e-02 +3.91253393e-02  +1.50442450e-05 -1.36648295e-04 
-6.76976323e-03 +0.00000000e+00 -4.26266416e-03 +1.94176976e+04 +3.58515704e+03  +1.06600508e+00 +5.50967930e-02  +2.72518187e+04 +3.32787392e+03    +1.08801868e-03 +1.56005123e-03  -1.16195519e+00 +6.95552719e+00  -8.62593718e-04 -9.43044088e-04 
-7.24462690e-03 +0.00000000e+00 +3.39343206e-03 +1.34253342e+05 +9.42461408e+03  +1.07374532e+01 +1.78966483e+01  +1.70198481e+04 -6.15344547e+03    +1.16399936e-03 +3.69396539e-03  -4.58360335e+00 +3.49728651e+01  -5.34946814e-03 +1.25473781e-02 
-1.05881400e-03 +0.00000000e+00 +7.92962249e-03 +1.59278697e+07 -5.24787012e+05  -4.30049495e+04 +5.37446659e+03  -6.81025953e+07 +5.94691370e+05    -2.97890182e-01 +5.77919608e-01  -2.66653644e+01 +4.09067548e+03  -7.14376493e-02 -1.31608063e+00 
+6.10046760e-03 +0.00000000e+00 +5.17535458e-03 -2.75491579e+05 -7.53835630e+03  -5.75709287e+01 -8.13745022e+00  -4.10936320e+04 -1.77085610e+04    -4.16580242e-03 +4.19147397e-03  +7.34668440e+00 -6.42997450e+01  +5.91759784e-03 -1.13344703e-02 
+7.65100743e-03 +0.00000000e+00 -2.33711047e-03 -3.09487555e+04 -4.92704624e+03  -2.50364391e+01 +2.14411638e+00  +2.92175536e+04 +2.56259019e+03    +8.46970504e-04 +5.80494470e-03  +1.63770782e+00 -1.03017434e+01  +6.54690373e-04 +8.14458584e-03 
+2.16724631e-03 +0.00000000e+00 -7.70084693e-03 -3.63824133e+03 -8.43930439e+02  -4.04508016e-01 -1.33654702e+00  +2.30470630e+04 +4.02713307e+03    +8.03285091e-04 +3.91066787e-03  +2.67748367e-01 -1.52221348e+00  +2.11333744e-04 +3.59536420e-04 
-5.30907107e-03 +0.00000000e+00 -5.98446024e-03 +1.15302516e+04 +2.39544809e+03  -8.58028900e+00 +4.07112997e+00  +2.51481641e+04 +3.75802747e+03    +1.19804008e-03 +2.21957170e-03  -7.68441950e-01 +4.43717926e+00  -4.12404229e-04 -2.06415628e-03 
