# scuff-scatter run on pekka-pc (09/25/15::22:36:27)
# columns: 
# 1,2,3   x,y,z (evaluation point coordinates)
# 4,5     real, imag Ex
# 6,7     real, imag Ey
# 8,9     real, imag Ez
# 10,11   real, imag Hx
# 12,13   real, imag Hy
# 14,15   real, imag Hz
+0.00000000e+00 +0.00000000e+00 +8.00000000e-03 -7.96759605e+04 +4.98907597e+03  -3.79251189e+04 +4.97586881e+03  -2.08867731e+07 +4.51062316e+06    -8.97449559e-01 -3.97125349e+00  +1.29882146e+00 +6.33810846e+00  -1.45875435e-03 +1.82651159e-02 
+6.73176788e-03 +0.00000000e+00 +4.32241845e-03 +1.81773330e+05 -4.49934332e+04  -2.28395416e+02 +1.18651201e+02  +1.69310784e+05 -2.44545949e+04    -1.03221742e-02 -2.31967573e-02  +1.25146220e+01 +8.06623267e+01  +3.54231457e-02 +9.05623947e-02 
+7.27437941e-03 +0.00000000e+00 -3.32917469e-03 +5.93233222e+04 -6.33219477e+03  -7.43511918e+00 -6.62995917e+00  -4.16079769e+04 +7.03999232e+03    +4.66447833e-03 +1.80205813e-02  +1.72584421e+00 +1.66710719e+01  +5.43658243e-03 +1.85847691e-02 
+1.12896006e-03 +0.00000000e+00 -7.91993997e-03 +5.51599181e+03 -2.59792458e+02  -1.50129737e+01 +6.39039467e+00  -4.98332793e+04 +4.27623482e+03    +6.85045380e-03 +2.11210775e-02  +1.22709710e-01 +1.52191583e+00  +8.87264881e-04 +2.43928352e-03 
-6.05441996e-03 +0.00000000e+00 -5.22914897e-03 -3.94011935e+04 +3.22037702e+03  +3.79247919e+00 -1.13406663e+01  -4.68859615e+04 +6.06512862e+03    +7.29043193e-03 +2.19141635e-02  -1.07040183e+00 -1.10879410e+01  -5.58767408e-03 -1.51953787e-02 
-7.67139420e-03 +0.00000000e+00 +2.26929748e-03 -1.46304434e+05 +2.82510433e+04  -7.17608547e+01 -2.44594133e+01  +3.72878086e+04 -3.15982624e+02    +1.93217594e-03 +1.28978891e-02  -6.66716177e+00 -4.85561145e+01  -2.61076326e-02 -6.54253854e-02 
-2.23532399e-03 +0.00000000e+00 +7.68136229e-03 +5.48435609e+06 -1.21903576e+06  -2.62452116e+04 +1.66242295e+04  -6.76520883e+04 -9.73589860e+04    -4.70042025e-01 -5.26566234e-01  -1.02493182e+02 -4.66690449e+02  -1.44275036e+00 -2.31125031e+00 
+5.25589279e-03 +0.00000000e+00 +6.03121803e-03 +5.84376963e+04 -4.16348654e+04  -1.19156299e+03 +4.01125828e+02  +5.25213926e+05 -1.05953430e+05    -8.96234119e-02 -1.78085373e-01  +2.65329414e+01 +1.49579910e+02  +2.28150103e-02 +7.42648879e-02 
+7.91486597e-03 +0.00000000e+00 -1.16400027e-03 +8.64008886e+04 -1.17295423e+04  +1.48917774e+01 -2.80177113e+01  -2.83795678e+04 +7.25638353e+03    +4.20521223e-03 +1.68624273e-02  +2.84634682e+00 +2.49019238e+01  +7.23447004e-03 +2.57431020e-02 
+3.29694788e-03 +0.00000000e+00 -7.28904210e-03 +1.71835573e+04 -9.46347223e+02  -2.33946426e+01 +1.12309455e+01  -4.95257905e+04 +4.74952106e+03    +6.16037585e-03 +2.01905680e-02  +4.12085522e-01 +4.80037604e+00  +2.18502758e-03 +6.59986298e-03 
-4.35216889e-03 +0.00000000e+00 -6.71257223e-03 -2.41440978e+04 +1.53420562e+03  -2.20171163e+00 -1.01852764e+01  -4.90186426e+04 +5.13302628e+03    +7.09809502e-03 +2.17497542e-02  -6.19505576e-01 -6.81243654e+00  -3.14235621e-03 -9.03128619e-03 
-7.99992165e-03 +0.00000000e+00 +3.54055839e-05 -1.04739744e+05 +1.61626370e+04  -5.39697001e+01 +1.34484714e+01  -1.45787288e+04 +6.32203046e+03    +4.86456241e-03 +1.69188415e-02  -3.80831591e+00 -3.11668856e+01  -1.89588674e-02 -4.53890352e-02 
-4.29258334e-03 +0.00000000e+00 +6.75083167e-03 +3.79958536e+05 -3.61528295e+04  -3.64503061e+03 +1.96444445e+03  +9.04354281e+05 -2.04392793e+05    -3.91616438e-01 -6.07882014e-01  -4.23190957e+01 -2.20650769e+02  -1.49177982e-01 -3.25328904e-01 
+3.36133629e-03 +0.00000000e+00 +7.25957425e-03 -1.56125801e+06 +2.84354719e+05  -2.64673859e+03 +7.67689124e+02  +1.25925961e+06 -3.13556053e+05    -1.60597819e-01 -3.16542909e-01  +6.49702611e+01 +3.18528386e+02  +9.85153158e-02 +3.31621806e-01 
+7.92485885e-03 +0.00000000e+00 +1.09389775e-03 +1.23232686e+05 -2.10344709e+04  -1.52407494e+01 -1.06545638e+01  +3.51198935e+03 +4.54066763e+03    +2.51687181e-03 +1.20002476e-02  +4.85174028e+00 +3.79465316e+01  +1.24069867e-02 +3.89233163e-02 
+5.20230272e-03 +0.00000000e+00 -6.07750330e-03 +3.08032638e+04 -2.18436304e+03  +1.19282021e+01 -2.16665132e+01  -4.83227032e+04 +5.54132562e+03    +4.33098405e-03 +1.80016092e-02  +7.85801192e-01 +8.60108589e+00  +2.71610131e-03 +9.92863858e-03 
-2.30322653e-03 +0.00000000e+00 -7.66127584e-03 -1.16016919e+04 +5.85402912e+02  -9.20848670e+00 -1.20263571e-01  -4.96927815e+04 +4.45823444e+03    +7.09944657e-03 +2.15226601e-02  -2.91118718e-01 -3.30243374e+00  -1.62152548e-03 -4.61336059e-03 
-7.69117994e-03 +0.00000000e+00 -2.20130670e-03 -7.26828049e+04 +8.84681110e+03  -4.68726193e+01 +1.93458709e+01  -3.57931712e+04 +7.25579601e+03    +6.83168307e-03 +1.99768536e-02  -2.28418784e+00 -2.07420117e+01  -1.22927034e-02 -3.04105311e-02 
-6.00789797e-03 +0.00000000e+00 +5.28253367e-03 -1.59460594e+05 +5.04335221e+04  -3.66762692e+02 +1.65930133e+02  +3.15708080e+05 -5.62568457e+04    -3.26680251e-02 -3.03296236e-02  -1.84961529e+01 -1.10606405e+02  -8.79723028e-02 -1.87463502e-01 
+1.19901768e-03 +0.00000000e+00 +7.90963695e-03 -1.01940925e+07 +2.30866843e+06  -9.01238993e+03 -1.23272788e+03  -8.46054605e+06 +1.93055363e+06    -3.27108650e-01 -1.47925697e+00  +1.09295601e+02 +4.91237872e+02  +1.39942163e-01 +1.09142779e+00 
+7.30356201e-03 +0.00000000e+00 +3.26465649e-03 +1.67150215e+05 -3.61387718e+04  -6.03898344e+01 +7.17566954e+01  +8.29942045e+04 -7.96483170e+03    -1.32412786e-03 +4.06644453e-04  +8.81312531e+00 +6.08174926e+01  +2.51523729e-02 +6.57858685e-02 
+6.69324511e-03 +0.00000000e+00 -4.38183408e-03 +4.79997755e+04 -4.46757083e+03  +5.52942350e+00 -1.33273845e+01  -4.50864355e+04 +6.58803507e+03    +4.47817251e-03 +1.80411059e-02  +1.32504396e+00 +1.34260775e+01  +3.90858863e-03 +1.42484737e-02 
-7.08104743e-05 +0.00000000e+00 -7.99968661e-03 -3.55986538e+02 +9.49267806e+00  -4.29390326e+00 -4.39152539e+00  -4.98962372e+04 +4.24146714e+03    +6.84734164e-03 +2.12391209e-02  -1.78070602e-02 -1.35270585e-01  +4.67476546e-06 -2.19669667e-05 
-6.76976323e-03 +0.00000000e+00 -4.26266416e-03 -4.92711901e+04 +4.66003809e+03  -2.35534140e+01 +1.51562112e+01  -4.46464308e+04 +6.63139904e+03    +7.75558533e-03 +2.19710734e-02  -1.39563319e+00 -1.38783343e+01  -7.79540892e-03 -1.99412367e-02 
-7.24462690e-03 +0.00000000e+00 +3.39343206e-03 -1.68506490e+05 +3.67859615e+04  -1.28925368e+02 +9.39816423e-01  +9.21669950e+04 -9.60212734e+03    -3.66325927e-03 +3.57322862e-03  -9.25099263e+00 -6.30410952e+01  -3.59761615e-02 -8.37070825e-02 
-1.05881400e-03 +0.00000000e+00 +7.92962249e-03 +1.02113363e+07 -2.26410904e+06  -1.44844868e+05 +3.94591747e+04  -1.06289649e+07 +2.39253410e+06    -1.95443079e+00 -4.59026206e+00  -1.01705147e+02 -4.60498216e+02  -4.12459063e-01 -2.35436773e+00 
+6.10046760e-03 +0.00000000e+00 +5.17535458e-03 +1.67340844e+05 -5.04213253e+04  -3.42561159e+02 +2.13376253e+02  +2.92882110e+05 -5.05792278e+04    -3.29083937e-02 -7.94523762e-02  +1.75113315e+01 +1.06079410e+02  +5.66778282e-02 +1.19985510e-01 
+7.65100743e-03 +0.00000000e+00 -2.33711047e-03 +7.09501540e+04 -8.48678493e+03  -2.22879697e+00 -1.90125357e+01  -3.67897439e+04 +7.27988834e+03    +3.94058433e-03 +1.67542754e-02  +2.17813754e+00 +2.01115729e+01  +5.73714095e-03 +2.09771341e-02 
+2.16724631e-03 +0.00000000e+00 -7.70084693e-03 +1.08158989e+04 -5.25666110e+02  -2.29243560e+01 +1.41838068e+01  -4.97436612e+04 +4.44488702e+03    +6.80295950e-03 +2.10075814e-02  +2.51612831e-01 +3.01829494e+00  +1.54391829e-03 +4.41697036e-03 
-5.30907107e-03 +0.00000000e+00 -5.98446024e-03 -3.18123989e+04 +2.31089321e+03  +2.46669984e+00 -1.54702050e+01  -4.81379061e+04 +5.58788509e+03    +6.97458865e-03 +2.15774832e-02  -8.38553756e-01 -8.95511160e+00  -4.12984844e-03 -1.17810754e-02 
