# scuff-scatter run on pekka-pc (09/25/15::22:35:56)
# columns: 
# 1,2,3   x,y,z (evaluation point coordinates)
# 4,5     real, imag Ex
# 6,7     real, imag Ey
# 8,9     real, imag Ez
# 10,11   real, imag Hx
# 12,13   real, imag Hy
# 14,15   real, imag Hz
+0.00000000e+00 +0.00000000e+00 +8.00000000e-03 -nan -nan  -nan -nan  -nan -nan    -nan -nan  -nan -nan  -nan -nan 
+6.73176788e-03 +0.00000000e+00 +4.32241845e-03 +1.79049012e+05 -1.26950281e+05  -1.18510015e+03 +9.87814772e+02  +1.95632782e+05 -1.43768047e+04    -6.92719129e-02 -9.34509350e-02  +1.79788807e+01 +5.99406825e+01  +2.03992775e-01 +3.11232772e-01 
+7.27437941e-03 +0.00000000e+00 -3.32917469e-03 +3.11838193e+04 -2.39364454e+03  +4.22975050e+01 -3.06860389e+01  -3.29427647e+04 +1.25339436e+04    +2.25322695e-02 +4.35054588e-02  +1.02559663e+00 +7.95120726e+00  +2.87876248e-02 +4.99070235e-02 
+1.12896006e-03 +0.00000000e+00 -7.91993997e-03 +1.15673549e+03 +5.56835756e+02  -3.94780758e+01 +1.36681386e+01  -2.07034616e+04 +1.68817657e+03    +3.00011770e-02 +5.83002535e-02  +1.35416058e-02 +5.30518974e-01  +3.54305193e-03 +6.98745752e-03 
-6.05441996e-03 +0.00000000e+00 -5.22914897e-03 -1.55171599e+04 -9.88203270e+02  +7.40703702e+01 -3.50153537e+01  -2.90808431e+04 +7.49912946e+03    +3.10348551e-02 +6.06268003e-02  -5.79744663e-01 -5.01606260e+00  -2.53673535e-02 -4.60404994e-02 
-7.67139420e-03 +0.00000000e+00 +2.26929748e-03 -1.35620680e+05 +5.59546485e+04  +2.54287573e+02 -3.78479409e+02  +2.74328177e+04 +2.26825194e+04    +6.68359758e-04 +1.71167590e-02  -7.56823205e+00 -3.18284241e+01  -1.13970558e-01 -2.07303341e-01 
-2.23532399e-03 +0.00000000e+00 +7.68136229e-03 +1.42232465e+07 -3.53445523e+06  -1.19565369e+05 +6.99693752e+04  -5.76646710e+06 -9.13028438e+05    -3.04768802e+00 -3.63581546e+00  -2.91148320e+02 -1.03736711e+02  -5.14784555e+00 -9.48596334e+00 
+5.25589279e-03 +0.00000000e+00 +6.03121803e-03 -1.10881604e+05 -2.28180510e+05  -3.58185064e+03 +1.45453810e+03  +7.13699109e+05 -2.35664065e+05    -3.57172833e-01 -6.54904973e-01  +4.98635199e+01 +1.24567173e+02  +2.57457655e-01 +2.92325175e-01 
+7.91486597e-03 +0.00000000e+00 -1.16400027e-03 +5.82703546e+04 -1.13827646e+04  +1.96063624e+02 -1.20529952e+02  -3.10683000e+04 +1.94651700e+04    +1.84147566e-02 +3.84002808e-02  +2.13266588e+00 +1.32077026e+01  +4.04569636e-02 +6.81831801e-02 
+3.29694788e-03 +0.00000000e+00 -7.28904210e-03 +4.33462312e+03 +1.44390123e+03  -6.89131536e+01 +2.13836539e+01  -2.30384716e+04 +2.98432229e+03    +2.77718605e-02 +5.38352724e-02  +1.28053417e-01 +1.87232893e+00  +9.55282650e-03 +1.82501537e-02 
-4.35216889e-03 +0.00000000e+00 -6.71257223e-03 -7.23163572e+03 -1.55819236e+03  +7.34103967e+01 -5.03286311e+01  -2.48379977e+04 +4.14084304e+03    +3.02557164e-02 +5.95133921e-02  -2.99217583e-01 -2.92549306e+00  -1.44896839e-02 -2.65478721e-02 
-7.99992165e-03 +0.00000000e+00 +3.54055839e-05 -8.04283845e+04 +2.13245109e+04  -9.36697646e+01 +3.31058283e+00  -2.24493088e+04 +2.26873577e+04    +2.08653690e-02 +4.30715805e-02  -3.40488133e+00 -1.79638302e+01  -8.11354090e-02 -1.47850715e-01 
-4.29258334e-03 +0.00000000e+00 +6.75083167e-03 +1.13490799e+06 +1.16027847e+05  -1.57452120e+04 +1.00857046e+04  +1.21071210e+06 -5.80335641e+05    -1.67209990e+00 -2.72723907e+00  -9.26664383e+01 -1.88489424e+02  -7.79397080e-01 -1.21325173e+00 
+3.36133629e-03 +0.00000000e+00 +7.25957425e-03 -3.97538974e+06 +5.04432358e+05  -6.96343725e+03 +2.32508905e+03  +1.19606891e+06 -1.07801434e+06    -7.60380427e-01 -1.23985071e+00  +1.60617516e+02 +2.45406467e+02  +4.64512929e-01 +8.88639526e-01 
+7.92485885e-03 +0.00000000e+00 +1.09389775e-03 +1.03466409e+05 -3.35229807e+04  +4.97456126e+01 -3.70648138e+01  -8.64354047e+03 +2.54112240e+04    +1.08821462e-02 +2.51144833e-02  +4.64815855e+00 +2.27835627e+01  +7.02058736e-02 +1.14228121e-01 
+5.20230272e-03 +0.00000000e+00 -6.07750330e-03 +1.03396227e+04 +1.57268476e+03  +1.44927343e+02 -8.26809426e+01  -2.67287227e+04 +5.44425534e+03    +2.25974783e-02 +4.24491254e-02  +3.23862033e-01 +3.59869134e+00  +1.35289399e-02 +2.47057361e-02 
-2.30322653e-03 +0.00000000e+00 -7.66127584e-03 -2.65834219e+03 -1.09278526e+03  +3.05927074e+00 -1.10250681e+01  -2.15849887e+04 +2.19170204e+03    +3.07073217e-02 +5.98993297e-02  -1.39674723e-01 -1.39809461e+00  -6.98881300e-03 -1.32627688e-02 
-7.69117994e-03 +0.00000000e+00 -2.20130670e-03 -4.39153297e+04 +6.22832987e+03  -1.44761821e+02 +4.87628965e+01  -3.26114417e+04 +1.58293553e+04    +3.01332709e-02 +5.79532080e-02  -1.64767016e+00 -1.07016739e+01  -5.28341449e-02 -9.76113918e-02 
-6.00789797e-03 +0.00000000e+00 +5.28253367e-03 -1.22068555e+05 +1.86792464e+05  -1.18573149e+03 +4.52617756e+02  +4.07834896e+05 -9.14742578e+04    -2.00449009e-01 -2.43004147e-01  -3.09954295e+01 -8.88115078e+01  -3.91422869e-01 -6.69349092e-01 
+1.19901768e-03 +0.00000000e+00 +7.90963695e-03 -3.20519259e+07 +7.73810300e+06  +9.56382677e+02 -1.65073513e+04  -6.27704715e+07 +5.77510017e+06    -1.57063449e+00 -3.34630957e+00  +3.38570051e+02 -1.91632385e+03  +5.57433807e-01 +1.78940169e+00 
+7.30356201e-03 +0.00000000e+00 +3.26465649e-03 +1.65766345e+05 -8.48042199e+04  -6.55825373e+02 +6.45223946e+02  +8.14263342e+04 +1.39470877e+04    -2.11557370e-02 -1.54502568e-02  +1.10152201e+01 +4.20097035e+01  +1.42356888e-01 +2.19673115e-01 
+6.69324511e-03 +0.00000000e+00 -4.38183408e-03 +2.17791373e+04 -1.91671542e+02  +8.29148563e+01 -3.54457077e+01  -3.14213403e+04 +9.72243355e+03    +2.28999640e-02 +4.29902835e-02  +6.92634549e-01 +6.08800475e+00  +2.29270825e-02 +3.79067045e-02 
-7.08104743e-05 +0.00000000e+00 -7.99968661e-03 -3.40985256e+01 -6.35291385e+01  +3.00852956e+01 -2.38297005e+01  -2.05614791e+04 +1.58850945e+03    +2.98217490e-02 +5.82087699e-02  -3.55016790e-02 -1.23547785e-01  -6.80810438e-05 -6.17783730e-05 
-6.76976323e-03 +0.00000000e+00 -4.26266416e-03 -2.27942925e+04 +4.36231082e+02  -1.16355292e+02 +7.14520414e+01  -3.15174587e+04 +1.00674627e+04    +3.32225837e-02 +6.39020683e-02  -8.27510999e-01 -6.52899900e+00  -3.46973337e-02 -6.30474487e-02 
-7.24462690e-03 +0.00000000e+00 +3.39343206e-03 -1.65469077e+05 +8.77485070e+04  +5.69283853e+01 -3.03120787e+02  +9.34550870e+04 +1.19031164e+04    -2.59321738e-02 -2.43780045e-02  -1.19707373e+01 -4.44376721e+01  -1.56393171e-01 -2.77332126e-01 
-1.05881400e-03 +0.00000000e+00 +7.92962249e-03 +3.48174763e+07 -7.68842521e+06  -3.78584586e+05 +2.12424515e+05  -8.80196080e+07 +7.43332020e+06    -9.62946382e+00 -1.54573242e+01  -3.17229719e+02 +2.80951118e+03  -1.91766471e+00 -4.52599846e+00 
+6.10046760e-03 +0.00000000e+00 +5.17535458e-03 +1.37656367e+05 -1.78232405e+05  -1.91785085e+03 +1.45268643e+03  +3.68900538e+05 -7.25769933e+04    -1.65514240e-01 -2.73910242e-01  +2.84137509e+01 +8.36786345e+01  +2.89034387e-01 +4.52340044e-01 
+7.65100743e-03 +0.00000000e+00 -2.33711047e-03 +4.20021789e+04 -5.51767150e+03  +1.37360438e+02 -1.11776375e+02  -3.30819412e+04 +1.54834380e+04    +1.98987490e-02 +3.87467931e-02  +1.44342105e+00 +1.00645622e+01  +3.21608265e-02 +5.50514044e-02 
+2.16724631e-03 +0.00000000e+00 -7.70084693e-03 +2.34239514e+03 +1.06614553e+03  -9.06043116e+01 +4.11587982e+01  -2.15459108e+04 +2.14991584e+03    +2.98770246e-02 +5.79703066e-02  +6.03119200e-02 +1.12850187e+00  +6.57496508e-03 +1.26050170e-02 
-5.30907107e-03 +0.00000000e+00 -5.98446024e-03 -1.10351337e+04 -1.45110379e+03  +1.09788889e+02 -6.81212111e+01  -2.69116324e+04 +5.65169828e+03    +3.00514531e-02 +5.88433866e-02  -4.27762503e-01 -3.94200351e+00  -1.92417286e-02 -3.49143240e-02 
