# scuff-scatter run on pekka-pc (09/25/15::22:36:39)
# columns: 
# 1,2,3   x,y,z (evaluation point coordinates)
# 4,5     real, imag Ex
# 6,7     real, imag Ey
# 8,9     real, imag Ez
# 10,11   real, imag Hx
# 12,13   real, imag Hy
# 14,15   real, imag Hz
+0.00000000e+00 +0.00000000e+00 +8.00000000e-03 -7.66179647e+04 +2.51287565e+03  -3.49631976e+04 +2.37224003e+03  -1.70862993e+07 +3.40587552e+06    -5.84273818e-01 -3.34491041e+00  +9.22941672e-01 +5.36984713e+00  -1.57345818e-03 +2.04736186e-02 
+6.73176788e-03 +0.00000000e+00 +4.32241845e-03 +1.43694325e+05 -3.39593414e+04  -1.54595569e+02 +5.98628591e+01  +1.45965126e+05 -2.21911215e+04    -6.12415511e-03 -1.60172844e-02  +1.09583644e+01 +6.97791380e+01  +2.23391723e-02 +6.54259096e-02 
+7.27437941e-03 +0.00000000e+00 -3.32917469e-03 +5.28458484e+04 -6.24338528e+03  -1.28440818e+01 -3.69442522e+00  -3.48404356e+04 +5.87233645e+03    +3.28497464e-03 +1.44812267e-02  +1.70654852e+00 +1.50262536e+01  +3.65018162e-03 +1.46237460e-02 
+1.12896006e-03 +0.00000000e+00 -7.91993997e-03 +5.17232726e+03 -3.57133391e+02  -1.03322220e+01 +4.63098940e+00  -4.49474096e+04 +4.39409749e+03    +4.73479957e-03 +1.58878433e-02  +1.31153179e-01 +1.39527518e+00  +6.39076566e-04 +1.74258446e-03 
-6.05441996e-03 +0.00000000e+00 -5.22914897e-03 -3.58678211e+04 +3.49529457e+03  -5.65840535e+00 -6.96121909e+00  -4.06959038e+04 +5.46725114e+03    +5.16318792e-03 +1.62711335e-02  -1.07719913e+00 -1.00465227e+01  -3.81235285e-03 -1.09937153e-02 
-7.67139420e-03 +0.00000000e+00 +2.26929748e-03 -1.21064270e+05 +2.29988036e+04  -7.91164614e+01 -2.15860731e+00  +3.59300344e+04 -2.09151563e+03    +1.99151033e-03 +1.09758524e-02  -6.06283340e+00 -4.26152920e+01  -1.80373478e-02 -4.55433387e-02 
-2.23532399e-03 +0.00000000e+00 +7.68136229e-03 +4.43899213e+06 -9.41103901e+05  -1.29865498e+04 +1.16849901e+04  -1.26253419e+05 -4.67437675e+04    -2.81767377e-01 -2.00671980e-01  -8.00176186e+01 -3.83559377e+02  -1.07346446e+00 -1.13525994e+00 
+5.25589279e-03 +0.00000000e+00 +6.03121803e-03 +2.83819239e+04 -2.52045669e+04  -8.78400711e+02 +2.69863351e+02  +4.32053103e+05 -8.47777070e+04    -6.40199196e-02 -1.06926272e-01  +2.22381798e+01 +1.27108557e+02  +7.19483201e-03 +6.51498603e-02 
+7.91486597e-03 +0.00000000e+00 -1.16400027e-03 +7.50614069e+04 -1.06816406e+04  -6.59746914e+00 -1.70993560e+01  -2.18985856e+04 +5.42145059e+03    +3.10603201e-03 +1.35649666e-02  +2.73573542e+00 +2.22587410e+01  +4.81671303e-03 +2.05332443e-02 
+3.29694788e-03 +0.00000000e+00 -7.28904210e-03 +1.60057919e+04 -1.20914092e+03  -1.45603786e+01 +7.91453977e+00  -4.42779854e+04 +4.70129374e+03    +4.23402516e-03 +1.55120786e-02  +4.30232532e-01 +4.38409766e+00  +1.52074925e-03 +4.93304059e-03 
-4.35216889e-03 +0.00000000e+00 -6.71257223e-03 -2.23292395e+04 +1.83923250e+03  -9.96558582e+00 -5.44979543e+00  -4.34848488e+04 +4.93919496e+03    +4.99948087e-03 +1.62705616e-02  -6.33338376e-01 -6.19803532e+00  -2.11786411e-03 -6.68671316e-03 
-7.99992165e-03 +0.00000000e+00 +3.54055839e-05 -8.95626337e+04 +1.41232144e+04  -4.19783660e+01 +1.15623572e+01  -9.26343070e+03 +4.23483195e+03    +3.43247968e-03 +1.31782713e-02  -3.58632622e+00 -2.76862595e+01  -1.31399501e-02 -3.08811891e-02 
-4.29258334e-03 +0.00000000e+00 +6.75083167e-03 +3.38897847e+05 -3.99044004e+04  -2.15763394e+03 +1.28941796e+03  +7.29942096e+05 -1.56852531e+05    -2.76411263e-01 -3.00549917e-01  -3.45620944e+01 -1.85360641e+02  -9.78188608e-02 -2.15793835e-01 
+3.36133629e-03 +0.00000000e+00 +7.25957425e-03 -1.30414017e+06 +2.35030195e+05  -2.02846438e+03 +5.34976713e+02  +9.98932063e+05 -2.32054737e+05    -1.07702214e-01 -1.96665729e-01  +5.19524615e+01 +2.65045644e+02  +6.65546379e-02 +2.59068595e-01 
+7.92485885e-03 +0.00000000e+00 +1.09389775e-03 +1.03914518e+05 -1.78042109e+04  -2.42570911e+01 -7.03317393e+00  +6.87147679e+03 +2.32683863e+03    +1.81299615e-03 +1.00697149e-02  +4.51187229e+00 +3.35561285e+01  +7.99032709e-03 +3.01049835e-02 
+5.20230272e-03 +0.00000000e+00 -6.07750330e-03 +2.83027649e+04 -2.50601306e+03  -5.22702337e+00 -1.38338486e+01  -4.24925514e+04 +5.18366996e+03    +2.98707062e-03 +1.47785156e-02  +8.05252235e-01 +7.82340028e+00  +1.91047838e-03 +7.89306539e-03 
-2.30322653e-03 +0.00000000e+00 -7.66127584e-03 -1.08509452e+04 +7.78925573e+02  -9.52277147e+00 +6.05069216e-01  -4.46678921e+04 +4.51187006e+03    +4.93259273e-03 +1.60825060e-02  -2.99677725e-01 -3.01057717e+00  -1.12198617e-03 -3.37903277e-03 
-7.69117994e-03 +0.00000000e+00 -2.20130670e-03 -6.39147706e+04 +8.34606086e+03  -3.18424555e+01 +1.33377605e+01  -2.90555624e+04 +5.75520083e+03    +4.66713905e-03 +1.47986258e-02  -2.21608061e+00 -1.86009238e+01  -8.42462880e-03 -2.10686005e-02 
-6.00789797e-03 +0.00000000e+00 +5.28253367e-03 -1.18870076e+05 +3.55511079e+04  -2.26499457e+02 +1.26146385e+02  +2.64723626e+05 -4.70747121e+04    -1.97044196e-02 -7.64726611e-03  -1.58076604e+01 -9.47563453e+01  -6.13902913e-02 -1.19554866e-01 
+1.19901768e-03 +0.00000000e+00 +7.90963695e-03 -8.25238829e+06 +1.73909728e+06  -9.73607284e+03 -6.05530835e+02  -6.81033292e+06 +1.48438510e+06    -2.18458688e-01 -1.24526621e+00  +8.40180613e+01 +4.03656650e+02  +1.00894106e-01 +9.91084553e-01 
+7.30356201e-03 +0.00000000e+00 +3.26465649e-03 +1.35646971e+05 -2.84194582e+04  -1.74689965e+01 +3.47498703e+01  +7.44955945e+04 -8.68006141e+03    -2.09331665e-04 +8.71816336e-04  +7.88767184e+00 +5.30469549e+01  +1.61036302e-02 +4.78103484e-02 
+6.69324511e-03 +0.00000000e+00 -4.38183408e-03 +4.32681432e+04 -4.62119467e+03  -5.68947369e+00 -8.58334654e+00  -3.85518122e+04 +5.73075243e+03    +3.13470723e-03 +1.46766652e-02  +1.32836613e+00 +1.21456973e+01  +2.53685913e-03 +1.14966748e-02 
-7.08104743e-05 +0.00000000e+00 -7.99968661e-03 -3.40483955e+02 +1.87129670e+01  -8.02328552e+00 -2.26120418e+00  -4.50354562e+04 +4.37267246e+03    +4.76287909e-03 +1.59935497e-02  -1.56735396e-02 -1.19274838e-01  +1.05773036e-05 -3.14703440e-05 
-6.76976323e-03 +0.00000000e+00 -4.26266416e-03 -4.43587560e+04 +4.79145166e+03  -1.31308998e+01 +9.43694132e+00  -3.80928212e+04 +5.73953326e+03    +5.40298727e-03 +1.60113694e-02  -1.38891056e+00 -1.25370557e+01  -5.30236965e-03 -1.40678955e-02 
-7.24462690e-03 +0.00000000e+00 +3.39343206e-03 -1.36512845e+05 +2.88381439e+04  -1.16068755e+02 +1.51964600e+01  +8.21643040e+04 -1.00534190e+04    -1.71681843e-03 +5.81545721e-03  -8.24274661e+00 -5.49072505e+01  -2.51283170e-02 -5.61169434e-02 
-1.05881400e-03 +0.00000000e+00 +7.92962249e-03 +8.31032572e+06 -1.70198976e+06  -1.14428059e+05 +2.66342173e+04  -8.59400270e+06 +1.82818546e+06    -1.34626398e+00 -3.11130769e+00  -7.81107035e+01 -3.79109508e+02  -2.90177246e-01 -2.05375781e+00 
+6.10046760e-03 +0.00000000e+00 +5.17535458e-03 +1.26373674e+05 -3.59988775e+04  -1.99039349e+02 +1.18753944e+02  +2.46636839e+05 -4.28528789e+04    -2.20170081e-02 -5.43134502e-02  +1.50327675e+01 +9.10326126e+01  +3.74740690e-02 +7.83412944e-02 
+7.65100743e-03 +0.00000000e+00 -2.33711047e-03 +6.25012690e+04 -8.05546985e+03  -1.60496950e+01 -1.06426836e+01  -3.00024796e+04 +5.81188903e+03    +2.74599454e-03 +1.38029429e-02  +2.12619497e+00 +1.80608984e+01  +3.75703077e-03 +1.68910881e-02 
+2.16724631e-03 +0.00000000e+00 -7.70084693e-03 +1.01299191e+04 -7.12630223e+02  -1.21772182e+01 +9.58568999e+00  -4.47285737e+04 +4.50400589e+03    +4.69113661e-03 +1.58137506e-02  +2.65312030e-01 +2.76159970e+00  +1.07875552e-03 +3.23227667e-03 
-5.30907107e-03 +0.00000000e+00 -5.98446024e-03 -2.91894521e+04 +2.62373852e+03  -9.34480857e+00 -8.72868022e+00  -4.22767378e+04 +5.20651241e+03    +4.91514887e-03 +1.62007208e-02  -8.50698839e-01 -8.13138811e+00  -2.78451011e-03 -8.70308776e-03 
