# scuff-scatter run on pekka-pc (09/25/15::22:23:15)
# columns: 
# 1,2,3   x,y,z (evaluation point coordinates)
# 4,5     real, imag Ex
# 6,7     real, imag Ey
# 8,9     real, imag Ez
# 10,11   real, imag Hx
# 12,13   real, imag Hy
# 14,15   real, imag Hz
+0.00000000e+00 +0.00000000e+00 +8.00000000e-03 -9.87045335e+04 -4.87562045e+01  -6.70665268e+04 -6.42712180e+01  +1.34115332e+07 +2.28308481e+04    +3.60001925e-04 -2.88146198e-01  +1.77594843e-04 +1.09930199e-02  -8.18129067e-06 +6.22669842e-03 
+6.73176788e-03 +0.00000000e+00 +4.32241845e-03 -5.55102126e+04 +5.77541042e+01  -6.06182118e+02 -5.96880134e-01  -2.47635738e+05 -4.90216065e+02    -3.97475936e-05 -8.51826063e-04  +3.28855557e-02 -1.57094505e+01  +9.54371507e-06 +6.98559251e-03 
+7.27437941e-03 +0.00000000e+00 -3.32917469e-03 -1.33031889e+05 -3.30129884e+02  +1.62234077e+02 +5.44945536e-01  +3.59478168e+04 +4.76721353e+01    +6.38429476e-06 -2.93285101e-03  +1.30818515e-02 -5.12700564e+00  +7.15622447e-06 -1.86700836e-03 
+1.12896006e-03 +0.00000000e+00 -7.91993997e-03 -2.05656773e+04 -6.01116904e+01  -1.18943322e+02 -4.22853426e-01  +1.30733038e+05 +3.54964018e+02    -7.14559967e-06 +1.32084963e-03  +1.52773165e-03 -5.59377746e-01  +8.10119087e-07 -1.59581287e-04 
-6.05441996e-03 +0.00000000e+00 -5.22914897e-03 +1.11043326e+05 +2.98602160e+02  +3.43231514e+02 +1.13204845e+00  +7.68191041e+04 +1.72914404e+02    +2.68058737e-06 -2.05914482e-03  -9.51966416e-03 +3.62989349e+00  +3.69478134e-06 -2.43772779e-04 
-7.67139420e-03 +0.00000000e+00 +2.26929748e-03 +1.25621426e+05 +1.72671808e+02  +5.24394818e+02 +7.27180115e-01  -1.27613072e+05 -3.19806274e+02    +1.91410597e-05 -7.27943986e-03  -2.50559421e-02 +1.11247602e+01  +1.99306144e-05 -2.17201488e-03 
-2.23532399e-03 +0.00000000e+00 +7.68136229e-03 -4.76778893e+06 -7.48206675e+03  +4.93534660e+04 +9.43257829e+00  +6.62232020e+05 +1.69258584e+03    +5.11682120e-04 -1.36615321e-01  -8.71950836e-02 +5.41611689e+01  -5.84651675e-04 +9.54072104e-01 
+5.25589279e-03 +0.00000000e+00 +6.03121803e-03 +2.22444945e+05 +6.48631478e+02  -6.61854592e+02 -1.86156516e+00  -4.73232417e+05 -7.35546291e+02    -1.39994865e-04 +3.63663161e-02  +4.57360855e-02 -2.39179041e+01  -2.29535377e-04 +6.47307214e-02 
+7.91486597e-03 +0.00000000e+00 -1.16400027e-03 -1.44904714e+05 -3.17219219e+02  +3.07096705e+02 +9.81858125e-01  -1.58065324e+04 -9.11434852e+01    +8.19278591e-06 -3.93304342e-03  +1.70891048e-02 -6.96839102e+00  +1.57032577e-05 -3.09743050e-03 
+3.29694788e-03 +0.00000000e+00 -7.28904210e-03 -6.03711652e+04 -1.73589266e+02  -3.76020151e+02 -1.29273171e+00  +1.17783238e+05 +3.09467203e+02    -7.35619998e-06 +1.83748574e-03  +4.61902383e-03 -1.70705681e+00  -3.20224582e-06 +4.38119703e-04 
-4.35216889e-03 +0.00000000e+00 -6.71257223e-03 +7.93670135e+04 +2.24136866e+02  +3.08656416e+02 +9.47859927e-01  +1.06514375e+05 +2.70743564e+02    -2.92441560e-07 -1.05163424e-03  -6.25905154e-03 +2.33901571e+00  +4.06082641e-06 -9.94363706e-04 
-7.99992165e-03 +0.00000000e+00 +3.54055839e-05 +1.44616137e+05 +2.86135322e+02  +2.82616030e+01 -9.24377698e-02  -4.89191546e+04 -1.68596131e+02    +1.20725492e-06 -2.99680122e-04  -1.95046337e-02 +8.17171542e+00  +1.61564097e-05 -1.17764409e-03 
-4.29258334e-03 +0.00000000e+00 +6.75083167e-03 -6.84982303e+05 -1.44937369e+03  +4.38095297e+02 -5.48605255e+00  -6.46201057e+05 -8.74906122e+02    -1.31449157e-04 +1.50797903e-01  -5.66299741e-02 +3.13877684e+01  -3.94470563e-05 -1.04244257e-02 
+3.36133629e-03 +0.00000000e+00 +7.25957425e-03 +1.71407416e+06 +3.07972413e+03  -1.19138237e+03 -3.81398919e+00  -6.88829536e+05 -7.61112510e+02    +1.51745664e-04 +2.32777448e-03  +7.02181721e-02 -4.08848548e+01  -1.89688274e-05 +1.20070494e-02 
+7.92485885e-03 +0.00000000e+00 +1.09389775e-03 -1.39748992e+05 -2.43867323e+02  +9.87449299e+01 +4.67012083e-01  -8.25616767e+04 -2.38542664e+02    +1.54152901e-06 -4.53503435e-04  +2.19478451e-02 -9.42289990e+00  +2.86991739e-06 -7.88426897e-05 
+5.20230272e-03 +0.00000000e+00 -6.07750330e-03 -9.49196748e+04 -2.62627829e+02  +2.27601014e+02 +8.03977440e-01  +9.40841511e+04 +2.28883664e+02    +9.02945132e-06 -2.56794652e-03  +7.78526467e-03 -2.92723966e+00  +9.57704548e-06 -2.02409791e-03 
-2.30322653e-03 +0.00000000e+00 -7.66127584e-03 +4.21864855e+04 +1.22518629e+02  +8.29087466e+01 +2.39098576e-01  +1.25629984e+05 +3.37029500e+02    -5.17726178e-06 +5.13466737e-04  -3.14527157e-03 +1.16221683e+00  +1.61026934e-06 -2.30965664e-04 
-7.69117994e-03 +0.00000000e+00 -2.20130670e-03 +1.40945511e+05 +3.29831729e+02  -2.38523871e+02 -7.70647100e-01  +1.02848315e+04 -2.34448932e+01    -3.69843748e-06 +1.96996522e-03  -1.51009108e-02 +6.04486177e+00  +1.62092811e-05 -3.01533379e-03 
-6.00789797e-03 +0.00000000e+00 +5.28253367e-03 -4.37510349e+04 -2.89519048e+02  +7.68460386e+02 +4.76979634e-01  -3.49627888e+05 -6.10139831e+02    +1.06122286e-04 -1.18855990e-02  -3.87849705e-02 +1.94232441e+01  -5.06047606e-05 +2.19934624e-02 
+1.19901768e-03 +0.00000000e+00 +7.90963695e-03 +7.08404904e+06 +1.12276307e+04  -9.60065370e+03 -7.82830420e-02  +7.57117447e+06 +1.16776297e+04    +1.58680522e-04 -1.12603492e-01  +7.93550708e-02 -4.92508627e+01  -3.14356793e-05 +5.08336124e-02 
+7.30356201e-03 +0.00000000e+00 +3.26465649e-03 -1.02270999e+05 -8.24298810e+01  -2.95184096e+02 -2.54855483e-01  -1.76442066e+05 -3.96178764e+02    -5.21337747e-06 -1.76171633e-03  +2.83901319e-02 -1.30160382e+01  +2.64536092e-06 +1.90123939e-03 
+6.69324511e-03 +0.00000000e+00 -4.38183408e-03 -1.22519954e+05 -3.18681828e+02  +3.30044987e+02 +1.13288522e+00  +5.85149906e+04 +1.15030039e+02    +9.39430130e-06 -3.89965594e-03  +1.11706482e-02 -4.30446621e+00  +8.07384979e-06 -1.63545467e-03 
-7.08104743e-05 +0.00000000e+00 -7.99968661e-03 +1.54859653e+03 +4.63516527e+00  +1.75803134e+02 +5.63303376e-01  +1.32026519e+05 +3.59366151e+02    -2.76434784e-06 +1.68846080e-04  -9.52996375e-05 +3.68140865e-02  +1.36925301e-06 -1.21696689e-04 
-6.76976323e-03 +0.00000000e+00 -4.26266416e-03 +1.24299941e+05 +3.22064780e+02  -6.16099781e+01 -1.37034034e-01  +5.60970818e+04 +1.07944665e+02    -3.39870120e-06 +1.66508440e-04  -1.13595283e-02 +4.39325479e+00  +9.34758214e-06 -1.19458788e-03 
-7.24462690e-03 +0.00000000e+00 +3.39343206e-03 +9.93675524e+04 +7.29850989e+01  +4.08345017e+02 +3.36981555e-01  -1.83926282e+05 -4.05913481e+02    +3.05320506e-05 -8.39688735e-03  -2.88122157e-02 +1.32826649e+01  +2.72678604e-05 +3.18565681e-03 
-1.05881400e-03 +0.00000000e+00 +7.92962249e-03 -6.58021722e+06 -1.08193905e+04  +8.07268458e+03 +6.95011864e+00  +8.66048829e+06 +1.36560882e+04    +1.10538068e-05 +4.26545105e-01  -7.34374943e-02 +4.50080004e+01  -6.96043350e-05 -5.38075607e-02 
+6.10046760e-03 +0.00000000e+00 +5.17535458e-03 +2.59442879e+04 +2.52630119e+02  -8.47950621e+02 -1.42806344e+00  -3.36243046e+05 -5.95076322e+02    -1.50237458e-04 +6.03610674e-03  +3.80221110e-02 -1.89190123e+01  -5.30283113e-05 -6.18070478e-04 
+7.65100743e-03 +0.00000000e+00 -2.33711047e-03 -1.40132397e+05 -3.30275771e+02  +1.83209460e+02 +5.49171496e-01  +1.34202242e+04 -1.51995330e+01    +7.69153154e-06 -2.27978974e-03  +1.48790806e-02 -5.93346260e+00  +3.90963419e-06 -7.17227546e-04 
+2.16724631e-03 +0.00000000e+00 -7.70084693e-03 -3.98556688e+04 -1.16072042e+02  -3.38016042e+02 -1.15015065e+00  +1.26093979e+05 +3.38665035e+02    -9.29774215e-06 +2.03700169e-03  +2.97311126e-03 -1.09224697e+00  -1.36457380e-06 +2.32876325e-04 
-5.30907107e-03 +0.00000000e+00 -5.98446024e-03 +9.68176804e+04 +2.67055473e+02  +4.31197858e+02 +1.33748285e+00  +9.22394503e+04 +2.22977388e+02    +1.69791068e-06 -1.62210858e-03  -7.96061337e-03 +3.00392742e+00  +5.03022499e-06 -9.33626225e-04 
