# scuff-scatter run on pekka-pc (09/25/15::22:34:20)
# columns: 
# 1,2,3   x,y,z (evaluation point coordinates)
# 4,5     real, imag Ex
# 6,7     real, imag Ey
# 8,9     real, imag Ez
# 10,11   real, imag Hx
# 12,13   real, imag Hy
# 14,15   real, imag Hz
+0.00000000e+00 +0.00000000e+00 +8.00000000e-03 -2.23818781e+05 -7.13587092e+04  -2.35160401e+05 -6.71730054e+04  +4.68815860e+07 +1.37458039e+07    +2.71216888e+00 -1.20376116e+01  -5.67210702e+00 +3.98704766e+00  +3.56810184e-02 +5.20575611e-02 
+6.73176788e-03 +0.00000000e+00 +4.32241845e-03 -3.46038154e+05 +4.26726294e+06  -1.52473521e+04 +2.49448636e+04  -1.45002285e+06 -7.97443498e+05    -1.75373454e+00 -1.89709244e+00  +1.09689217e+03 -4.15890628e+02  +1.97078354e+00 +3.27287947e+00 
+7.27437941e-03 +0.00000000e+00 -3.32917469e-03 -2.92146691e+05 -3.54072060e+06  -8.51869575e+03 +1.15287485e+04  +5.41702639e+05 -1.23876945e+06    +1.11136393e+00 +1.27628414e+00  +1.04786804e+03 -1.21886449e+01  +1.07680409e+00 +2.65317899e+00 
+1.12896006e-03 +0.00000000e+00 -7.91993997e-03 +1.45167328e+05 -1.21050767e+06  -3.42272431e+03 -1.52168955e+04  -4.16177591e+05 +5.80074255e+06    -1.33410732e+00 +2.43678205e+00  +1.58433607e+02 +9.33414087e+00  -1.25007311e-01 +3.48371130e-01 
-6.05441996e-03 +0.00000000e+00 -5.22914897e-03 -1.47387745e+05 +4.46761952e+06  -1.09164532e+04 +2.68567310e+04  +3.97913039e+05 +1.08792188e+06    +3.82126548e-01 +1.92237954e+00  -8.55327703e+02 -2.57830995e+01  +6.05678421e-02 -2.18878064e+00 
-7.67139420e-03 +0.00000000e+00 +2.26929748e-03 +1.00794028e+06 -2.19526150e+06  -1.27462469e+02 -1.57965382e+04  -6.54067148e+05 -2.55674544e+06    +9.59861505e-01 -9.39635352e-01  -1.18718153e+03 +2.51949065e+02  +2.02230392e+00 -2.80144391e+00 
-2.23532399e-03 +0.00000000e+00 +7.68136229e-03 -1.66185378e+07 -5.41491453e+06  -1.27820959e+04 -5.60870977e+04  +4.37568027e+06 +6.86631245e+06    +3.34148865e+00 -1.18539964e+01  -5.48273340e+02 +1.20691024e+03  -1.88177533e-01 +9.67365791e+00 
+5.25589279e-03 +0.00000000e+00 +6.03121803e-03 +1.52522854e+06 +5.16912796e+06  -2.11498471e+04 +1.47374956e+04  -2.12085112e+06 +1.78108577e+06    -2.11707556e+00 -2.52309554e+00  +9.27515370e+02 -6.44574258e+02  +5.39296181e-01 +4.20461091e+00 
+7.91486597e-03 +0.00000000e+00 -1.16400027e-03 -7.89195446e+05 -1.59617285e+06  -4.74048620e+03 +1.01380574e+04  +3.29315589e+05 -2.70531421e+06    +1.02304392e+00 +4.56116749e-01  +1.16370681e+03 -7.98372869e+01  +1.66207097e+00 +2.88647222e+00 
+3.29694788e-03 +0.00000000e+00 -7.28904210e-03 +3.55441571e+05 -3.30485428e+06  +3.23833242e+03 -4.37046349e+04  -1.53771279e+05 +4.47674981e+06    -1.71144528e+00 +2.06468357e+00  +4.64264192e+02 +2.78011385e+01  -6.53431177e-01 +9.46798092e-01 
-4.35216889e-03 +0.00000000e+00 -6.71257223e-03 -3.63803426e+05 +4.01301749e+06  -9.30159748e+03 +1.96675900e+04  +5.45858017e+04 +3.42517334e+06    -1.42193208e-01 +2.30841533e+00  -6.09129916e+02 -3.52735903e+01  +4.77764377e-01 -1.45321835e+00 
-7.99992165e-03 +0.00000000e+00 +3.54055839e-05 +9.89596125e+05 +3.20369217e+05  -6.53185510e+03 -5.41370851e+03  +6.88635907e+04 -3.02077101e+06    -1.36353788e-01 -4.19749074e-03  -1.19303926e+03 +1.29006248e+02  +1.35788703e+00 -2.91931074e+00 
-4.29258334e-03 +0.00000000e+00 +6.75083167e-03 -3.59861722e+06 -5.28101310e+06  -3.06746305e+04 -1.53379181e+03  -2.19690467e+06 +3.27647509e+06    +5.34045567e-01 -2.65883615e+00  -8.16058552e+02 +8.11323551e+02  +8.53924252e-01 -3.21363523e+00 
+3.36133629e-03 +0.00000000e+00 +7.25957425e-03 +7.35354283e+06 +5.28660141e+06  -2.92907115e+04 -5.60526710e+02  -1.47949668e+06 +4.78117078e+06    -1.00431622e+00 -4.87084460e+00  +6.96206361e+02 -9.92110659e+02  +1.74914980e-01 +2.45757738e+00 
+7.92485885e-03 +0.00000000e+00 +1.09389775e-03 -1.05199837e+06 +9.06511446e+05  -7.96885819e+03 +9.64057692e+03  -2.46683414e+05 -2.95130427e+06    +2.24908416e-02 -3.87318627e-01  +1.20038601e+03 -1.82745043e+02  +1.84461355e+00 +3.18077232e+00 
+5.20230272e-03 +0.00000000e+00 -6.07750330e-03 +2.95118371e+05 -4.36195023e+06  -6.14887708e+03 +1.14290347e+04  +2.14505224e+05 +2.35124394e+06    +9.88286742e-01 +2.13432497e+00  +7.33848176e+02 +3.03423219e+01  +4.81259939e-01 +1.73904613e+00 
-2.30322653e-03 +0.00000000e+00 -7.66127584e-03 -2.89157178e+05 +2.40985081e+06  -7.40381021e+03 +3.91180350e+03  -3.00936739e+05 +5.27568875e+06    -7.78462949e-01 +2.52298357e+00  -3.20244137e+02 -2.44777286e+01  +2.55825943e-01 -7.49778377e-01 
-7.69117994e-03 +0.00000000e+00 -2.20130670e-03 +5.83159011e+05 +2.63011622e+06  -7.01313094e+03 -1.46100353e+04  +4.89585146e+05 -2.12885281e+06    -7.78480529e-01 +7.98143021e-01  -1.11619030e+03 +4.21709200e+01  +1.44811773e+00 -2.74605566e+00 
-6.00789797e-03 +0.00000000e+00 +5.28253367e-03 -4.17623293e+05 -4.81761926e+06  -2.57454692e+03 -9.94792357e+03  -1.86904848e+06 +4.74029342e+05    +9.78910858e-01 -2.48957701e+00  -1.01695281e+03 +5.28885231e+02  +5.86687171e-01 -2.19479471e+00 
+1.19901768e-03 +0.00000000e+00 +7.90963695e-03 +2.32875628e+07 +4.84676486e+06  -3.10721480e+04 -7.72605428e+03  +2.58130133e+07 +1.05857404e+07    +7.89477288e-01 -7.57803849e+00  +3.43533920e+02 -1.05146889e+03  -7.68599973e-02 +9.55240731e-01 
+7.30356201e-03 +0.00000000e+00 +3.26465649e-03 -7.71805261e+05 +3.26659982e+06  -1.26716541e+04 +1.92354873e+04  -1.03064410e+06 -1.89142590e+06    -1.11196741e+00 -1.38846301e+00  +1.15607004e+03 -3.23632272e+02  +2.01445752e+00 +3.19940384e+00 
+6.69324511e-03 +0.00000000e+00 -4.38183408e-03 -3.18080189e+04 -4.19045012e+06  -1.06224842e+04 +2.66159686e+04  +4.97653744e+05 -1.01760095e+05    +1.71041683e+00 +1.72609012e+00  +9.56709957e+02 +1.02261320e+01  +1.28951428e+00 +2.50260723e+00 
-7.08104743e-05 +0.00000000e+00 -7.99968661e-03 -1.98492519e+04 +9.81806021e+04  -9.21276176e+03 +1.32038255e+04  -4.40022234e+05 +5.92992968e+06    -6.82282557e-01 +2.61757798e+00  -9.50863280e+00 -3.11624309e+00  +3.46053623e-02 -1.98760138e-02 
-6.76976323e-03 +0.00000000e+00 -4.26266416e-03 +6.68801077e+04 +4.17480349e+06  -1.01148303e+04 +4.05816531e+03  +5.16581599e+05 -2.11610664e+05    -3.65100500e-01 +1.54408979e+00  -9.64986252e+02 -1.04775142e+01  +3.12920599e-01 -2.50906822e+00 
-7.24462690e-03 +0.00000000e+00 +3.39343206e-03 +7.75413633e+05 -3.37963437e+06  -2.18906235e+03 -1.73580000e+04  -1.09203654e+06 -1.75522375e+06    +1.39969238e+00 -1.39582555e+00  -1.14945580e+03 +3.33829326e+02  +1.78290808e+00 -2.59505393e+00 
-1.05881400e-03 +0.00000000e+00 +7.92962249e-03 -2.21099785e+07 -4.54649809e+06  -1.13225011e+05 -8.58350510e+04  +2.95797648e+07 +1.11044252e+07    +3.35591442e+00 -5.82154739e+00  -3.17894142e+02 +9.74166803e+02  +4.56990252e-01 -1.00901052e+00 
+6.10046760e-03 +0.00000000e+00 +5.17535458e-03 +2.97959228e+05 +4.82969726e+06  -1.86484379e+04 +2.50506772e+04  -1.81676732e+06 +3.88142749e+05    -2.26704605e+00 -2.31152854e+00  +1.02539944e+03 -5.13067340e+02  +1.72487829e+00 +3.09562906e+00 
+7.65100743e-03 +0.00000000e+00 -2.33711047e-03 -5.36531512e+05 -2.72635090e+06  -5.20765294e+03 +3.22267900e+03  +4.92920764e+05 -2.04848333e+06    +1.00117509e+00 +9.20662226e-01  +1.11137507e+03 -3.96389491e+01  +7.96728499e-01 +2.72267255e+00 
+2.16724631e-03 +0.00000000e+00 -7.70084693e-03 +2.72878274e+05 -2.30423227e+06  +6.95629766e+02 -3.58684615e+04  -3.19599156e+05 +5.32010399e+06    -1.81336284e+00 +2.23408233e+00  +3.05169254e+02 +1.93953365e+01  -3.77903932e-01 +6.48891670e-01 
-5.30907107e-03 +0.00000000e+00 -5.98446024e-03 -2.81131442e+05 +4.39297499e+06  -1.01726134e+04 +2.81123473e+04  +2.50818544e+05 +2.22009406e+06    +2.49138864e-01 +2.14534305e+00  -7.45486489e+02 -3.31325253e+01  +3.82875343e-01 -1.82473117e+00 
