# scuff-scatter run on pekka-pc (09/25/15::22:31:50)
# columns: 
# 1,2,3   x,y,z (evaluation point coordinates)
# 4,5     real, imag Ex
# 6,7     real, imag Ey
# 8,9     real, imag Ez
# 10,11   real, imag Hx
# 12,13   real, imag Hy
# 14,15   real, imag Hz
+0.00000000e+00 +0.00000000e+00 +8.00000000e-03 -1.16577895e+05 -1.71737538e+03  -9.03856232e+04 -2.22145110e+03  +2.06435087e+07 +6.11508335e+05    +6.74934245e-02 -2.10564013e+00  -2.83635077e-03 -8.58698720e-02  -1.53977685e-04 +3.48978498e-02 
+6.73176788e-03 +0.00000000e+00 +4.32241845e-03 +1.13351958e+04 +1.08379229e+04  -6.55377505e+02 +1.46996274e+01  -4.23016626e+05 -1.64397274e+04    -2.57597033e-03 +9.52189654e-03  +6.74046081e+00 -1.45510108e+02  -3.08198496e-04 +5.19057322e-02 
+7.27437941e-03 +0.00000000e+00 -3.32917469e-03 -2.77713508e+05 -1.63724075e+04  +4.39350046e+02 +3.54547108e+01  +4.59737296e+04 +1.12234881e+02    +2.86483589e-03 -3.67639900e-02  +3.52316504e+00 -5.62254720e+01  +2.68447331e-03 -2.89487590e-02 
+1.12896006e-03 +0.00000000e+00 -7.91993997e-03 -5.01887803e+04 -3.71433536e+03  -3.46631253e+02 -3.02674752e+01  +2.98975665e+05 +2.05309023e+04    -1.83188738e-03 +2.18684815e-02  +4.50989382e-01 -6.53893097e+00  -4.91193562e-05 -3.25366550e-04 
-6.05441996e-03 +0.00000000e+00 -5.22914897e-03 +2.49776602e+05 +1.65316913e+04  +9.29946153e+02 +7.60664803e+01  +1.48694216e+05 +7.80833761e+03    +1.13756335e-03 -1.83432427e-02  -2.67169977e+00 +4.08849440e+01  +1.05656837e-04 -4.18392133e-03 
-7.67139420e-03 +0.00000000e+00 +2.26929748e-03 +1.65378913e+05 +1.34323580e+03  +7.02933187e+02 +6.77346483e+00  -2.62122651e+05 -1.46026698e+04    +3.66540587e-03 -7.07382792e-02  -5.68163356e+00 +1.09312799e+02  +5.86155935e-03 -5.95761931e-02 
-2.23532399e-03 +0.00000000e+00 +7.68136229e-03 -7.18531261e+06 -2.08379104e+05  +4.89843850e+04 -3.22320127e+02  +1.33605235e+06 +6.89539605e+04    +8.52084151e-02 -1.55521283e+00  -1.26991679e+01 +4.21141656e+02  -7.66100556e-02 +5.85851659e+00 
+5.25589279e-03 +0.00000000e+00 +6.03121803e-03 +5.08390306e+05 +3.18934764e+04  -1.34923270e+03 -6.21438264e+01  -6.91117106e+05 -1.65231274e+04    -4.19609594e-03 +2.21289859e-01  +8.27091279e+00 -2.07064848e+02  -1.60762311e-02 +5.00376401e-01 
+7.91486597e-03 +0.00000000e+00 -1.16400027e-03 -2.70929845e+05 -1.29932537e+04  +7.60329641e+02 +5.31879310e+01  -6.80029966e+04 -7.01043210e+03    +2.99530896e-03 -4.37121243e-02  +4.35451459e+00 -7.36969182e+01  +4.31603473e-03 -4.73060295e-02 
+3.29694788e-03 +0.00000000e+00 -7.28904210e-03 -1.44934737e+05 -1.04981086e+04  -1.07741358e+03 -9.40535147e+01  +2.61332289e+05 +1.72023016e+04    -2.36229683e-03 +2.77926767e-02  +1.34860471e+00 -1.97850305e+01  -7.82057253e-04 +8.14327871e-03 
-4.35216889e-03 +0.00000000e+00 -6.71257223e-03 +1.87209629e+05 +1.32468048e+04  +7.89930588e+02 +6.16873329e+01  +2.29319220e+05 +1.44367371e+04    +3.17191819e-04 -6.67341292e-03  -1.80840759e+00 +2.68653021e+01  +8.13741145e-04 -1.25537889e-02 
-7.99992165e-03 +0.00000000e+00 +3.54055839e-05 +2.48879097e+05 +9.80114286e+03  -3.53854570e+01 -9.07911668e+00  -1.32278164e+05 -1.02342862e+04    -4.48446360e-04 +1.34825248e-03  -4.79589255e+00 +8.44146350e+01  +3.80400127e-03 -3.90513464e-02 
-4.29258334e-03 +0.00000000e+00 +6.75083167e-03 -1.23580167e+06 -5.49538808e+04  -1.84592575e+03 -2.37849920e+02  -8.75082927e+05 -1.45046083e+04    +4.12403420e-03 +7.58128103e-01  -9.49969426e+00 +2.61349599e+02  +1.51926567e-02 -2.01095560e-01 
+3.36133629e-03 +0.00000000e+00 +7.25957425e-03 +2.78148206e+06 +9.83103712e+04  -2.82222797e+03 -1.73569976e+02  -8.39972183e+05 -4.43117878e+03    +1.35637120e-02 -1.21860018e-01  +1.09805604e+01 -3.29491851e+02  -7.72071301e-03 +1.33753040e-01 
+7.92485885e-03 +0.00000000e+00 +1.09389775e-03 -2.18023599e+05 -6.23715078e+03  +3.36760780e+02 +3.03529207e+01  -1.91226972e+05 -1.25705817e+04    +1.63703675e-04 -4.05798680e-03  +5.20777781e+00 -9.52432943e+01  +3.02417553e-03 -1.91852435e-02 
+5.20230272e-03 +0.00000000e+00 -6.07750330e-03 -2.19444555e+05 -1.51031510e+04  +6.21021604e+02 +4.86792063e+01  +1.94785679e+05 +1.15270029e+04    +3.07952723e-03 -3.61224158e-02  +2.22154450e+00 -3.33814026e+01  +2.00163007e-03 -2.55309095e-02 
-2.30322653e-03 +0.00000000e+00 -7.66127584e-03 +1.02289076e+05 +7.50690800e+03  +2.05892172e+02 +1.61278286e+01  +2.84104992e+05 +1.92097523e+04    -9.84248298e-04 +1.16187084e-02  -9.24459530e-01 +1.35010526e+01  +3.09378182e-04 -4.05511961e-03 
-7.69117994e-03 +0.00000000e+00 -2.20130670e-03 +2.79168948e+05 +1.50094902e+04  -6.13594922e+02 -4.55938657e+01  -1.24420576e+04 -3.72770994e+03    -2.22611777e-03 +2.86381167e-02  -3.95585395e+00 +6.50472268e+01  +3.80448239e-03 -4.84559247e-02 
-6.00789797e-03 +0.00000000e+00 +5.28253367e-03 -2.00672362e+05 -1.98171810e+04  +8.53442361e+02 -4.83403188e-01  -5.48030409e+05 -1.68241724e+04    +7.93979722e-03 -1.38533416e-01  -7.45484449e+00 +1.73575363e+02  +2.17031919e-03 +9.67639200e-02 
+1.19901768e-03 +0.00000000e+00 +7.90963695e-03 +1.06008598e+07 +2.93978701e+05  -1.00108616e+04 -7.16590384e+01  +1.13696490e+07 +3.29604410e+05    +3.24453888e-02 -8.80659486e-01  +1.10032413e+01 -3.79820295e+02  +1.06965941e-03 +2.29434185e-01 
+7.30356201e-03 +0.00000000e+00 +3.26465649e-03 -9.77584675e+04 +3.92365561e+03  -2.59215499e+02 +1.84216882e+01  -3.31620330e+05 -1.58426158e+04    -1.58044165e-03 -6.04294989e-04  +6.15696561e+00 -1.24554766e+02  +1.74163666e-03 +4.37062054e-03 
+6.69324511e-03 +0.00000000e+00 -4.38183408e-03 -2.67113793e+05 -1.68761779e+04  +9.15926598e+02 +7.56380115e+01  +1.01229602e+05 +4.11992696e+03    +4.21772004e-03 -5.18404479e-02  +3.07985441e+00 -4.79544536e+01  +3.00904847e-03 -2.99648922e-02 
-7.08104743e-05 +0.00000000e+00 -7.99968661e-03 +3.86343816e+03 +2.93499678e+02  +4.71780436e+02 +3.91039112e+01  +3.02673207e+05 +2.08572061e+04    -5.78591493e-04 +6.73234861e-03  -2.84338382e-02 +4.19613407e-01  +7.71213560e-05 -1.24867377e-03 
-6.76976323e-03 +0.00000000e+00 -4.26266416e-03 +2.70003195e+05 +1.69617041e+04  -9.65874279e+01 -7.94060185e-01  +9.53854009e+04 +3.69981710e+03    -9.63119939e-04 +9.54568258e-03  -3.12440660e+00 +4.88198438e+01  +1.08133845e-03 -1.75043736e-02 
-7.24462690e-03 +0.00000000e+00 +3.39343206e-03 +9.02776145e+04 -4.46315553e+03  +4.16004864e+02 -1.19402994e+01  -3.41014800e+05 -1.58632721e+04    +5.39680929e-03 -9.07526778e-02  -6.20734777e+00 +1.26572282e+02  +4.82713243e-03 -2.25685941e-02 
-1.05881400e-03 +0.00000000e+00 +7.92962249e-03 -9.96277581e+06 -2.82243928e+05  +3.93911587e+03 -8.79000894e+02  +1.30669498e+07 +3.79411087e+05    +3.32940895e-02 +2.00883179e+00  -1.01783356e+01 +3.48562600e+02  -2.93139405e-03 -2.00083982e-01 
+6.10046760e-03 +0.00000000e+00 +5.17535458e-03 +1.69685122e+05 +1.86054981e+04  -1.21464074e+03 -1.65302978e+01  -5.31498624e+05 -1.67108964e+04    -3.80444107e-03 +5.21174730e-02  +7.36759962e+00 -1.69860796e+02  -1.62165455e-03 +2.06582863e-02 
+7.65100743e-03 +0.00000000e+00 -2.33711047e-03 -2.79295876e+05 -1.51886574e+04  +4.26457516e+02 +2.76915677e+01  -5.64254965e+03 -3.31080140e+03    +2.60385175e-03 -3.09598281e-02  +3.91183499e+00 -6.40391785e+01  +2.06357623e-03 -1.82720248e-02 
+2.16724631e-03 +0.00000000e+00 -7.70084693e-03 -9.68831416e+04 -7.13137567e+03  -9.50721841e+02 -8.11124216e+01  +2.85468676e+05 +1.93326763e+04    -2.70288467e-03 +3.17850793e-02  +8.74569131e-01 -1.27297779e+01  -4.47902110e-04 +4.82569848e-03 
-5.30907107e-03 +0.00000000e+00 -5.98446024e-03 +2.23180839e+05 +1.52991948e+04  +1.10844154e+03 +8.63924379e+01  +1.89884273e+05 +1.11302005e+04    +9.83223115e-04 -1.46733404e-02  -2.26793783e+00 +3.41768700e+01  +6.71466947e-04 -1.15217274e-02 
