# scuff-scatter run on pekka-pc (09/25/15::22:32:14)
# columns: 
# 1,2,3   x,y,z (evaluation point coordinates)
# 4,5     real, imag Ex
# 6,7     real, imag Ey
# 8,9     real, imag Ez
# 10,11   real, imag Hx
# 12,13   real, imag Hy
# 14,15   real, imag Hz
+0.00000000e+00 +0.00000000e+00 +8.00000000e-03 -1.20546726e+05 -2.28915365e+03  -9.55103372e+04 -2.94804891e+03  +2.20272662e+07 +7.79410329e+05    +9.52800300e-02 -2.34359576e+00  -1.15139783e-02 -7.68818728e-02  -1.83684831e-04 +3.66228933e-02 
+6.73176788e-03 +0.00000000e+00 +4.32241845e-03 +3.67741379e+04 +1.68567369e+04  -6.16235828e+02 +3.23981062e+01  -4.61704437e+05 -2.19638441e+04    -4.35430467e-03 +1.61474382e-02  +9.59595509e+00 -1.66741145e+02  +4.63547581e-04 +5.43773330e-02 
+7.27437941e-03 +0.00000000e+00 -3.32917469e-03 -3.15529055e+05 -2.32917770e+04  +5.23520316e+02 +5.31163769e+01  +4.57052682e+04 -4.53025535e+02    +4.46661158e-03 -4.50064475e-02  +5.21901947e+00 -6.65357187e+01  +4.38156962e-03 -3.68802739e-02 
+1.12896006e-03 +0.00000000e+00 -7.91993997e-03 -5.86707745e+04 -5.44068401e+03  -4.17141767e+02 -4.53513303e+01  +3.45339676e+05 +2.96872959e+04    -2.67874830e-03 +2.69741648e-02  +6.75697384e-01 -7.82771357e+00  -6.83283885e-05 -1.92328413e-04 
-6.05441996e-03 +0.00000000e+00 -5.22914897e-03 +2.87783752e+05 +2.38835719e+04  +1.10836639e+03 +1.13735888e+02  +1.66124092e+05 +1.08033148e+04    +1.86581004e-03 -2.17181444e-02  -3.97805783e+00 +4.86206997e+01  -3.62969544e-05 -4.54208084e-03 
-7.67139420e-03 +0.00000000e+00 +2.26929748e-03 +1.68511025e+05 +5.06826880e+02  +7.16952239e+02 +2.70844306e+00  -2.96702674e+05 -2.06294372e+04    +5.31767754e-03 -8.20938599e-02  -8.21709689e+00 +1.26712185e+02  +8.67192706e-03 -7.58232186e-02 
-2.23532399e-03 +0.00000000e+00 +7.68136229e-03 -7.65857179e+06 -2.67586351e+05  +4.81426918e+04 -5.55071758e+02  +1.49556495e+06 +9.44104110e+04    +1.18157321e-01 -1.81429600e+00  -1.69884392e+01 +4.66077534e+02  -9.79303461e-02 +6.24815005e+00 
+5.25589279e-03 +0.00000000e+00 +6.03121803e-03 +5.82712486e+05 +4.50465814e+04  -1.49338934e+03 -7.82269489e+01  -7.29147306e+05 -1.99656103e+04    -6.25928554e-03 +2.38445580e-01  +1.15279126e+01 -2.34110803e+02  -2.14561743e-02 +5.55262987e-01 
+7.91486597e-03 +0.00000000e+00 -1.16400027e-03 -3.01104777e+05 -1.79225214e+04  +8.86842947e+02 +7.71676397e+01  -8.47932228e+04 -1.06166239e+04    +4.51937300e-03 -5.22348050e-02  +6.40324649e+00 -8.66247330e+01  +6.87319064e-03 -5.96809652e-02 
+3.29694788e-03 +0.00000000e+00 -7.28904210e-03 -1.68949314e+05 -1.53392623e+04  -1.29676441e+03 -1.41679062e+02  +3.00148696e+05 +2.47204437e+04    -3.53924171e-03 +3.43116080e-02  +2.01808109e+00 -2.36499612e+01  -1.15801482e-03 +1.02015211e-02 
-4.35216889e-03 +0.00000000e+00 -6.71257223e-03 +2.17550371e+05 +1.92996397e+04  +9.33055230e+02 +9.15449694e+01  +2.61858049e+05 +2.06058196e+04    +6.20340431e-04 -7.66606043e-03  -2.70227948e+00 +3.20624496e+01  +1.12755641e-03 -1.48930981e-02 
-7.99992165e-03 +0.00000000e+00 +3.54055839e-05 +2.71707556e+05 +1.30570525e+04  -5.75431180e+01 -1.38080255e+01  -1.56605950e+05 -1.50649960e+04    -6.90032411e-04 +2.41111127e-03  -7.01751795e+00 +9.87882567e+01  +5.56075416e-03 -4.97848977e-02 
-4.29258334e-03 +0.00000000e+00 +6.75083167e-03 -1.36285833e+06 -7.47186213e+04  -2.40234317e+03 -3.22597679e+02  -9.07514970e+05 -1.57034291e+04    +7.43010976e-03 +7.72301702e-01  -1.30614924e+01 +2.93202864e+02  +2.15059771e-02 -2.45640530e-01 
+3.36133629e-03 +0.00000000e+00 +7.25957425e-03 +3.00684656e+06 +1.29664755e+05  -3.23061376e+03 -2.37787027e+02  -8.48207761e+05 -9.33407553e+02    +1.85863062e-02 -1.58641193e-01  +1.49013895e+01 -3.67213271e+02  -1.08044764e-02 +1.57101125e-01 
+7.92485885e-03 +0.00000000e+00 +1.09389775e-03 -2.32578844e+05 -7.70620567e+03  +4.10129977e+02 +4.56923828e+01  -2.21036973e+05 -1.81455288e+04    +1.74237894e-04 -4.42350257e-03  +7.58179982e+00 -1.10998053e+02  +5.12355514e-03 -2.76261819e-02 
+5.20230272e-03 +0.00000000e+00 -6.07750330e-03 -2.54090465e+05 -2.19268720e+04  +7.35086334e+02 +7.14860580e+01  +2.20702224e+05 +1.62900914e+04    +4.85750868e-03 -4.49546294e-02  +3.31489646e+00 -3.97857047e+01  +3.16047976e-03 -3.14046772e-02 
-2.30322653e-03 +0.00000000e+00 -7.66127584e-03 +1.19443808e+05 +1.09857760e+04  +2.42997553e+02 +2.41464745e+01  +3.27480307e+05 +2.77154269e+04    -1.35006353e-03 +1.43545367e-02  -1.38422722e+00 +1.61461208e+01  +4.29046152e-04 -4.94434998e-03 
-7.69117994e-03 +0.00000000e+00 -2.20130670e-03 +3.13936777e+05 +2.10737874e+04  -7.21749667e+02 -6.66457113e+01  -2.15919771e+04 -5.97217389e+03    -3.31360057e-03 +3.50479584e-02  -5.83849664e+00 +7.67074952e+01  +5.56252441e-03 -5.94443772e-02 
-6.00789797e-03 +0.00000000e+00 +5.28253367e-03 -2.47038644e+05 -2.90465630e+04  +8.52427285e+02 -4.89414324e+00  -5.87293743e+05 -2.15077520e+04    +1.10814960e-02 -1.62390773e-01  -1.05013952e+01 +1.97503711e+02  +3.33447954e-03 +9.44193143e-02 
+1.19901768e-03 +0.00000000e+00 +7.90963695e-03 +1.12652106e+07 +3.72791439e+05  -1.01909812e+04 -1.12117285e+02  +1.21182191e+07 +4.24599837e+05    +4.57230320e-02 -9.90447136e-01  +1.45736955e+01 -4.19203036e+02  +8.51797550e-04 +2.35173304e-01 
+7.30356201e-03 +0.00000000e+00 +3.26465649e-03 -8.85380347e+04 +7.09544767e+03  -2.11987258e+02 +3.45614782e+01  -3.69071357e+05 -2.18891429e+04    -2.74600816e-03 +3.46633704e-03  +8.84426996e+00 -1.43642261e+02  +3.36711720e-03 -9.76746689e-05 
+6.69324511e-03 +0.00000000e+00 -4.38183408e-03 -3.05994593e+05 -2.42352132e+04  +1.09462032e+03 +1.13209459e+02  +1.10190572e+05 +5.38373706e+03    +6.59335101e-03 -6.39462955e-02  +4.57611491e+00 -5.69126692e+01  +4.88886338e-03 -3.87051133e-02 
-7.08104743e-05 +0.00000000e+00 -7.99968661e-03 +4.53538032e+03 +4.31945561e+02  +5.62175014e+02 +5.85735729e+01  +3.49768409e+05 +3.01730369e+04    -7.34816170e-04 +8.33998417e-03  -4.26556627e-02 +5.00867212e-01  +1.14795878e-04 -1.47255177e-03 
-6.76976323e-03 +0.00000000e+00 -4.26266416e-03 +3.09097079e+05 +2.43408390e+04  -9.76334621e+01 +1.05418430e+00  +1.03387100e+05 +4.77349645e+03    -1.34555525e-03 +1.21914943e-02  -4.64047873e+00 +5.79141002e+01  +1.40017828e-03 -2.07255978e-02 
-7.24462690e-03 +0.00000000e+00 +3.39343206e-03 +7.97998296e+04 -7.87322481e+03  +3.85488361e+02 -2.35749227e+01  -3.78493857e+05 -2.18274794e+04    +7.83057795e-03 -1.06791198e-01  -8.90741400e+00 +1.45851501e+02  +7.21266590e-03 -3.51773040e-02 
-1.05881400e-03 +0.00000000e+00 +7.92962249e-03 -1.06004171e+07 -3.57654806e+05  +1.75047130e+03 -1.37237460e+03  +1.39277035e+07 +4.87227441e+05    +5.32270746e-02 +1.99572364e+00  -1.34800213e+01 +3.84893023e+02  -2.33358542e-03 -2.01236562e-01 
+6.10046760e-03 +0.00000000e+00 +5.17535458e-03 +2.13249506e+05 +2.74574155e+04  -1.24866896e+03 -9.45019785e+00  -5.70528741e+05 -2.14492657e+04    -6.06503378e-03 +6.21758036e-02  +1.03919273e+01 -1.93450021e+02  -1.51331436e-03 +2.48290779e-02 
+7.65100743e-03 +0.00000000e+00 -2.33711047e-03 -3.14464109e+05 -2.13600206e+04  +4.91722554e+02 +3.96863318e+01  -1.38287122e+04 -5.37874649e+03    +4.02164125e-03 -3.81678677e-02  +5.77646358e+00 -7.55586522e+01  +3.45947333e-03 -2.44453266e-02 
+2.16724631e-03 +0.00000000e+00 -7.70084693e-03 -1.13181840e+05 -1.04404752e+04  -1.13932114e+03 -1.21485315e+02  +3.29117286e+05 +2.78983828e+04    -4.04315320e-03 +3.93026174e-02  +1.30990237e+00 -1.52314058e+01  -6.60121983e-04 +6.06342775e-03 
-5.30907107e-03 +0.00000000e+00 -5.98446024e-03 +2.58283617e+05 +2.22008621e+04  +1.30965817e+03 +1.28130812e+02  +2.14899171e+05 +1.57040148e+04    +1.64233811e-03 -1.75399840e-02  -3.38310492e+00 +4.07180474e+01  +8.67014367e-04 -1.34486034e-02 
