# scuff-scatter run on pekka-pc (09/25/15::22:33:12)
# columns: 
# 1,2,3   x,y,z (evaluation point coordinates)
# 4,5     real, imag Ex
# 6,7     real, imag Ey
# 8,9     real, imag Ez
# 10,11   real, imag Hx
# 12,13   real, imag Hy
# 14,15   real, imag Hz
+0.00000000e+00 +0.00000000e+00 +8.00000000e-03 -1.38787775e+05 -5.88473782e+03  -1.18765359e+05 -7.39120138e+03  +2.77516519e+07 +1.70030101e+06    +2.77067113e-01 -3.39313523e+00  -1.09348679e-01 +1.31549858e-01  -4.39718232e-05 +4.10970473e-02 
+6.73176788e-03 +0.00000000e+00 +4.32241845e-03 +2.07351382e+05 +7.57711346e+04  -1.30132199e+02 +2.80864675e+02  -6.40921582e+05 -5.78154024e+04    -2.66001579e-02 +7.08662406e-02  +3.18462488e+01 -2.68908801e+02  +1.88926810e-02 +3.64104812e-02 
+7.27437941e-03 +0.00000000e+00 -3.32917469e-03 -5.23711088e+05 -8.16511514e+04  +1.05218102e+03 +2.29690756e+02  +3.08426982e+04 -9.93248173e+03    +2.17736794e-02 -9.73881585e-02  +2.03886567e+01 -1.22891973e+02  +2.50456064e-02 -9.30268795e-02 
+1.12896006e-03 +0.00000000e+00 -7.91993997e-03 -1.09277025e+05 -2.14261065e+04  -8.57099627e+02 -1.89264918e+02  +6.13963197e+05 +1.11653727e+05    -8.04739167e-03 +5.33264433e-02  +2.76263388e+00 -1.51484669e+01  +8.27646678e-05 +2.88354797e-04 
-6.05441996e-03 +0.00000000e+00 -5.22914897e-03 +5.05984701e+05 +8.90808802e+04  +2.22196452e+03 +4.82850509e+02  +2.55991879e+05 +3.37938675e+04    +1.16327506e-02 -4.59048178e-02  -1.58717310e+01 +9.16434367e+01  -4.81134889e-03 -7.55119961e-05 
-7.67139420e-03 +0.00000000e+00 +2.26929748e-03 +1.53935063e+05 -1.63786583e+04  +6.34991602e+02 -8.43790113e+01  -4.81819575e+05 -6.93813106e+04    +1.83501113e-02 -1.39356706e-01  -2.91134922e+01 +2.14688571e+02  +3.05738456e-02 -1.65628180e-01 
-2.23532399e-03 +0.00000000e+00 +7.68136229e-03 -9.65290830e+06 -6.01990276e+05  +4.20051127e+04 -2.52521072e+03  +2.28479920e+06 +2.77391042e+05    +3.27851426e-01 -2.99326708e+00  -4.28427249e+01 +6.45352712e+02  -1.98242901e-01 +7.52747021e+00 
+5.25589279e-03 +0.00000000e+00 +6.03121803e-03 +9.80633548e+05 +1.49926185e+05  -2.01720605e+03 -9.57108865e+01  -8.60891896e+05 -2.69954531e+04    -3.11741339e-02 +3.23790542e-01  +3.49559504e+01 -3.56072413e+02  -4.72845757e-02 +7.70735075e-01 
+7.91486597e-03 +0.00000000e+00 -1.16400027e-03 -4.53843709e+05 -5.49702519e+04  +1.61460617e+03 +2.90613258e+02  -1.90977272e+05 -4.56146164e+04    +1.93956233e-02 -1.02051500e-01  +2.42774961e+01 -1.55590970e+02  +3.61176178e-02 -1.43290342e-01 
+3.29694788e-03 +0.00000000e+00 -7.28904210e-03 -3.11215927e+05 -5.98262748e+04  -2.68962339e+03 -6.11450750e+02  +5.21432130e+05 +9.07510870e+04    -1.28983389e-02 +7.08220838e-02  +8.21403800e+00 -4.55118214e+01  -3.87987097e-03 +2.15055843e-02 
-4.35216889e-03 +0.00000000e+00 -6.71257223e-03 +3.95857930e+05 +7.44290264e+04  +1.81340361e+03 +3.79913491e+02  +4.44082372e+05 +7.36205465e+04    +6.56293592e-03 -1.81325409e-02  -1.09403797e+01 +6.13203992e+01  +2.10935496e-03 -2.49535290e-02 
-7.99992165e-03 +0.00000000e+00 +3.54055839e-05 +3.76570248e+05 +3.36463976e+04  -1.94453080e+02 -5.39645762e+01  -3.00767255e+05 -5.90438701e+04    -2.93140427e-03 +9.44411610e-03  -2.60793890e+01 +1.74239600e+02  +1.75256222e-02 -1.06290553e-01 
-4.29258334e-03 +0.00000000e+00 +6.75083167e-03 -1.98244593e+06 -2.15352125e+05  -5.02031776e+03 -8.30295660e+02  -9.82037781e+05 +1.35673977e+03    +3.17847091e-02 +7.47829404e-01  -3.73205296e+01 +4.31051761e+02  +6.22314127e-02 -4.60248632e-01 
+3.36133629e-03 +0.00000000e+00 +7.25957425e-03 +4.02438909e+06 +3.28938752e+05  -5.19777925e+03 -6.34028418e+02  -7.85102572e+05 +5.37599033e+04    +4.18654850e-02 -3.24921879e-01  +4.01403786e+01 -5.24242567e+02  -2.79999338e-02 +2.63583086e-01 
+7.92485885e-03 +0.00000000e+00 +1.09389775e-03 -2.85710929e+05 -1.14164348e+04  +8.73954828e+02 +2.00301341e+02  -3.89460632e+05 -6.62875489e+04    -4.92844152e-04 -4.60512554e-03  +2.75972602e+01 -1.92363340e+02  +3.21144320e-02 -9.48010288e-02 
+5.20230272e-03 +0.00000000e+00 -6.07750330e-03 -4.55718090e+05 -8.33913547e+04  +1.41534568e+03 +2.83096723e+02  +3.62113834e+05 +5.58933297e+04    +2.48868257e-02 -1.03139569e-01  +1.33381256e+01 -7.56618606e+01  +1.64714115e-02 -6.99938076e-02 
-2.30322653e-03 +0.00000000e+00 -7.66127584e-03 +2.21524894e+05 +4.31137359e+04  +4.79415932e+02 +1.06877691e+02  +5.77324874e+05 +1.03337686e+05    -1.63646828e-03 +2.55108233e-02  -5.65192667e+00 +3.11422366e+01  +6.52486769e-04 -8.70975243e-03 
-7.69117994e-03 +0.00000000e+00 -2.20130670e-03 +4.98621552e+05 +6.99029817e+04  -1.34983258e+03 -2.49915979e+02  -8.65492491e+04 -2.99199795e+04    -1.22217571e-02 +7.03656413e-02  -2.24744492e+01 +1.39671636e+02  +1.79782298e-02 -1.16810801e-01 
-6.00789797e-03 +0.00000000e+00 +5.28253367e-03 -5.18398333e+05 -1.09776797e+05  +7.56978798e+02 -6.52781655e+01  -7.48419298e+05 -4.44880875e+04    +3.09998915e-02 -2.72805857e-01  -3.33330803e+01 +3.08947919e+02  +1.00565562e-02 +6.95383298e-02 
+1.19901768e-03 +0.00000000e+00 +7.90963695e-03 +1.39751057e+07 +7.91552314e+05  -1.13330531e+04 -4.41022680e+02  +1.53023089e+07 +9.73491192e+05    +1.29174222e-01 -1.47993640e+00  +3.50812845e+01 -5.72367877e+02  -2.72761006e-03 +2.55572046e-01 
+7.30356201e-03 +0.00000000e+00 +3.26465649e-03 -4.34974670e+03 +4.36317366e+04  +2.44832448e+02 +2.43978025e+02  -5.58493789e+05 -6.71602820e+04    -1.75425238e-02 +3.90681702e-02  +3.04663041e+01 -2.38103150e+02  +2.77012388e-02 -4.99059707e-02 
+6.69324511e-03 +0.00000000e+00 -4.38183408e-03 -5.25576861e+05 -8.82600638e+04  +2.21071509e+03 +4.81669568e+02  +1.49308603e+05 +1.23638564e+04    +3.21635018e-02 -1.41314817e-01  +1.80973672e+01 -1.06376103e+02  +2.72547129e-02 -1.00245069e-01 
-7.08104743e-05 +0.00000000e+00 -7.99968661e-03 +8.59263538e+03 +1.73411639e+03  +1.13360949e+03 +2.53344112e+02  +6.22969134e+05 +1.13683906e+05    +1.02846862e-03 +1.27154485e-02  -1.77501896e-01 +9.64895756e-01  +4.46949135e-04 -2.70412362e-03 
-6.76976323e-03 +0.00000000e+00 -4.26266416e-03 +5.29441174e+05 +8.83842413e+04  -4.62541362e+01 +4.40198001e+01  +1.36912595e+05 +1.00429057e+04    -2.57408032e-03 +2.41080463e-02  -1.83262611e+01 +1.08064242e+02  +2.77353135e-04 -3.16043851e-02 
-7.24462690e-03 +0.00000000e+00 +3.39343206e-03 -1.14930119e+04 -4.64554649e+04  +7.15133043e+01 -1.66686107e+02  -5.66057395e+05 -6.57960833e+04    +2.70114179e-02 -1.89222143e-01  -3.05570421e+01 +2.40951878e+02  +2.57797955e-02 -1.08732239e-01 
-1.05881400e-03 +0.00000000e+00 +7.92962249e-03 -1.31966789e+07 -7.57030304e+05  -1.18194959e+04 -5.17508822e+03  +1.75592536e+07 +1.10114512e+06    +2.08756037e-01 +1.60839694e+00  -3.24345549e+01 +5.26304880e+02  +8.83385834e-03 -2.22075704e-01 
+6.10046760e-03 +0.00000000e+00 +5.17535458e-03 +4.72338286e+05 +1.06064080e+05  -1.09911947e+03 +1.75816763e+02  -7.32473449e+05 -4.54062107e+04    -3.37852106e-02 +1.34393119e-01  +3.31645341e+01 -3.03759564e+02  +1.08869967e-02 +2.32142459e-02 
+7.65100743e-03 +0.00000000e+00 -2.33711047e-03 -5.02110607e+05 -7.13540327e+04  +8.58611496e+02 +1.45258542e+02  -7.34835750e+04 -2.78468453e+04    +1.89901244e-02 -8.37484444e-02  +2.22780919e+01 -1.37866197e+02  +2.13648180e-02 -7.08535537e-02 
+2.16724631e-03 +0.00000000e+00 -7.70084693e-03 -2.10266732e+05 -4.10315510e+04  -2.32024093e+03 -5.12819883e+02  +5.80681169e+05 +1.04108754e+05    -1.46689357e-02 +8.12594614e-02  +5.35036009e+00 -2.94252416e+01  -2.04262035e-03 +1.26145415e-02 
-5.30907107e-03 +0.00000000e+00 -5.98446024e-03 +4.62298959e+05 +8.42750416e+04  +2.54241111e+03 +5.28228627e+02  +3.50804539e+05 +5.35107088e+04    +1.09728011e-02 -3.93287651e-02  -1.36002882e+01 +7.73264445e+01  +4.95691339e-05 -1.96779060e-02 
