# scuff-scatter run on pekka-pc (09/25/15::22:24:13)
# columns: 
# 1,2,3   x,y,z (evaluation point coordinates)
# 4,5     real, imag Ex
# 6,7     real, imag Ey
# 8,9     real, imag Ez
# 10,11   real, imag Hx
# 12,13   real, imag Hy
# 14,15   real, imag Hz
+0.00000000e+00 +0.00000000e+00 +8.00000000e-03 -nan -nan  -nan -nan  -nan -nan    -nan -nan  -nan -nan  -nan -nan 
+6.73176788e-03 +0.00000000e+00 +4.32241845e-03 -2.77565673e+05 +9.96501611e+01  -6.09720647e+02 -8.90250634e-01  -3.05378210e+05 -7.48293933e+02    -4.37288392e-05 -1.21471550e-03  +7.42536956e-02 -3.60770880e+01  -3.69369037e-06 +1.02779041e-02 
+7.27437941e-03 +0.00000000e+00 -3.32917469e-03 -1.79774078e+05 -5.14673081e+02  +1.65880055e+02 +8.53224539e-01  +7.30238029e+04 +7.70564958e+01    +1.75715933e-05 -4.34845696e-03  +2.99822131e-02 -1.01717733e+01  +1.49104794e-05 -2.78064941e-03 
+1.12896006e-03 +0.00000000e+00 -7.91993997e-03 -2.51326179e+04 -9.47631947e+01  -1.21838242e+02 -6.67318344e-01  +1.72170100e+05 +5.63270797e+02    -1.51014205e-05 +1.97973325e-03  +3.52456326e-03 -1.06999929e+00  +7.48801358e-07 -2.30771901e-04 
-6.05441996e-03 +0.00000000e+00 -5.22914897e-03 +1.42453694e+05 +4.67907466e+02  +3.50916159e+02 +1.77891905e+00  +1.16364940e+05 +2.74241045e+02    +6.22938300e-06 -3.02660080e-03  -2.18898013e-02 +7.08028373e+00  +6.10626077e-06 -3.71716735e-04 
-7.67139420e-03 +0.00000000e+00 +2.26929748e-03 +2.57079192e+05 +2.60005042e+02  +5.28959466e+02 +1.10334717e+00  -1.22850840e+05 -4.90909311e+02    +3.87353716e-05 -1.07391238e-02  -5.68432374e-02 +2.39919771e+01  +4.70039240e-05 -3.34482367e-03 
-2.23532399e-03 +0.00000000e+00 +7.68136229e-03 -1.91819778e+06 -1.14639407e+04  +4.94115549e+04 +1.37873617e+01  -5.82612841e+06 +2.62518133e+03    +1.07540560e-03 -2.02829503e-01  -1.94584427e-01 +2.47576232e+02  -1.35896622e-03 +1.39392333e+00 
+5.25589279e-03 +0.00000000e+00 +6.03121803e-03 -2.16796829e+05 +1.01012479e+03  -6.73543332e+02 -2.86825507e+00  -7.61598092e+05 -1.11618012e+03    -1.70944148e-04 +5.30955178e-02  +1.02736673e-01 -6.09491882e+01  -3.55474041e-04 +9.50354689e-02 
+7.91486597e-03 +0.00000000e+00 -1.16400027e-03 -2.13560220e+05 -4.90874322e+02  +3.13542648e+02 +1.52768548e+00  +1.58637721e+04 -1.39553225e+02    +2.28508429e-05 -5.82020169e-03  +3.90253362e-02 -1.41678723e+01  +3.12559477e-05 -4.61563527e-03 
+3.29694788e-03 +0.00000000e+00 -7.28904210e-03 -7.44475030e+04 -2.73296168e+02  -3.84894106e+02 -2.04045519e+00  +1.58864867e+05 +4.90827234e+02    -1.66986029e-05 +2.74226393e-03  +1.06473226e-02 -3.27708223e+00  -6.78625496e-06 +6.59186084e-04 
-4.35216889e-03 +0.00000000e+00 -6.71257223e-03 +9.89167389e+04 +3.52436202e+02  +3.15157552e+02 +1.49159009e+00  +1.47242598e+05 +4.29253563e+02    +4.28987304e-08 -1.53482215e-03  -1.44250716e-02 +4.51052538e+00  +8.35804612e-06 -1.47864586e-03 
-7.99992165e-03 +0.00000000e+00 +3.54055839e-05 +2.29494550e+05 +4.40283217e+02  +2.76697411e+01 -1.46814794e-01  -2.26604373e+04 -2.59386951e+02    -5.17523565e-07 -4.24444467e-04  -4.44516605e-02 +1.68960331e+01  +3.29663157e-05 -1.84153078e-03 
-4.29258334e-03 +0.00000000e+00 +6.75083167e-03 +2.23627163e+04 -2.23781756e+03  +4.03205831e+02 -8.50580116e+00  -1.33336902e+06 -1.32286090e+03    -1.76631521e-04 +2.19565212e-01  -1.26905605e-01 +8.77547227e+01  +4.36033576e-05 -1.58307117e-02 
+3.36133629e-03 +0.00000000e+00 +7.25957425e-03 +5.03923332e+05 +4.73341859e+03  -1.21569964e+03 -5.91648904e+00  -2.37375847e+06 -1.14051634e+03    +2.32755048e-04 +2.78488537e-03  +1.56868378e-01 -1.31443574e+02  -6.33043092e-05 +1.77717786e-02 
+7.92485885e-03 +0.00000000e+00 +1.09389775e-03 -2.43143290e+05 -3.72588615e+02  +1.01788570e+02 +7.28316226e-01  -6.38407230e+04 -3.66881337e+02    +3.66177275e-06 -6.70956698e-04  +4.99128676e-02 -1.98308081e+01  +9.08148693e-06 -1.63396055e-04 
+5.20230272e-03 +0.00000000e+00 -6.07750330e-03 -1.19715917e+05 -4.12361584e+02  +2.33002421e+02 +1.25994516e+00  +1.34363606e+05 +3.62820564e+02    +2.03385868e-05 -3.81998664e-03  +1.79171447e-02 -5.67080131e+00  +1.74136821e-05 -3.00033213e-03 
-2.30322653e-03 +0.00000000e+00 -7.66127584e-03 +5.17120416e+04 +1.93040854e+02  +8.45734956e+01 +3.77422191e-01  +1.66932183e+05 +5.34685802e+02    -1.02803965e-05 +7.82480055e-04  -7.25965503e-03 +2.22603239e+00  +3.15423603e-06 -3.47995385e-04 
-7.69117994e-03 +0.00000000e+00 -2.20130670e-03 +1.98224207e+05 +5.12374112e+02  -2.43627455e+02 -1.20301481e+00  +4.50489849e+04 -3.41929234e+01    -1.31909443e-05 +2.93901808e-03  -3.45513733e-02 +1.21392106e+01  +3.39125442e-05 -4.52120322e-03 
-6.00789797e-03 +0.00000000e+00 +5.28253367e-03 +2.66916885e+05 -4.57631094e+02  +7.71276276e+02 +7.12157605e-01  -4.89468583e+05 -9.28456072e+02    +1.54464966e-04 -1.76566360e-02  -8.73227467e-02 +4.67589258e+01  -5.01517150e-05 +3.19793195e-02 
+1.19901768e-03 +0.00000000e+00 +7.90963695e-03 -3.13529540e+06 +1.71806019e+04  -9.60135986e+03 -1.80829868e-01  -3.73523151e+07 +1.79034625e+04    +3.43234139e-04 -1.65119723e-01  +1.76849421e-01 -6.68988967e+02  -1.56955803e-06 +7.37071724e-02 
+7.30356201e-03 +0.00000000e+00 +3.26465649e-03 -2.67979491e+05 -1.18550593e+02  -2.96676239e+02 -3.72205971e-01  -1.92425520e+05 -6.06700145e+02    -5.54901766e-06 -2.55655812e-03  +6.42615838e-02 -2.87959683e+01  +2.06901465e-07 +2.78047358e-03 
+6.69324511e-03 +0.00000000e+00 -4.38183408e-03 -1.60539616e+05 -4.98293615e+02  +3.37670892e+02 +1.77738313e+00  +9.71162034e+04 +1.82931939e+02    +2.50263901e-05 -5.79231829e-03  +2.56426968e-02 -8.45398267e+00  +1.68117346e-05 -2.45019199e-03 
-7.08104743e-05 +0.00000000e+00 -7.99968661e-03 +1.83907514e+03 +7.30911673e+00  +1.79700164e+02 +8.89434223e-01  +1.73495910e+05 +5.70308342e+02    -6.00448039e-06 +2.69734334e-04  -2.21621115e-04 +6.95270120e-02  +1.71656411e-06 -1.79640217e-04 
-6.76976323e-03 +0.00000000e+00 -4.26266416e-03 +1.63279938e+05 +5.03432610e+02  -6.25048990e+01 -2.10286290e-01  +9.45529117e+04 +1.71775972e+02    -8.20918211e-06 +2.76079104e-04  -2.60805039e-02 +8.63957252e+00  +1.66136904e-05 -1.78768214e-03 
-7.24462690e-03 +0.00000000e+00 +3.39343206e-03 +2.70597028e+05 +1.03737910e+02  +4.10371716e+02 +4.98189271e-01  -2.03575206e+05 -6.21328143e+02    +6.05291106e-05 -1.24236022e-02  -6.52043063e-02 +2.95116973e+01  +4.59048562e-05 +4.49685908e-03 
-1.05881400e-03 +0.00000000e+00 +7.92962249e-03 +6.57239317e+06 -1.65545993e+04  +8.11267435e+03 +9.37832287e+00  -5.69702938e+07 +2.09285576e+04    -2.12960322e-05 +6.20775573e-01  -1.63685461e-01 +8.32665194e+02  -1.46107544e-04 -7.76489949e-02 
+6.10046760e-03 +0.00000000e+00 +5.17535458e-03 -2.71882982e+05 +4.00880594e+02  -8.56742390e+02 -2.17145942e+00  -4.63058655e+05 -9.05793708e+02    -1.67706002e-04 +8.84487928e-03  +8.56440108e-02 -4.52602316e+01  -7.14816676e-05 -7.70151484e-04 
+7.65100743e-03 +0.00000000e+00 -2.33711047e-03 -1.96053959e+05 -5.13289420e+02  +1.86841177e+02 +8.54335654e-01  +4.85089444e+04 -2.13263378e+01    +1.90131739e-05 -3.39028648e-03  +3.40471871e-02 -1.18959174e+01  +8.30055649e-06 -1.08630801e-03 
+2.16724631e-03 +0.00000000e+00 -7.70084693e-03 -4.87935444e+04 -1.82900726e+02  -3.45913262e+02 -1.81477696e+00  +1.67409738e+05 +5.37309035e+02    -2.03106545e-05 +3.04400358e-03  +6.85693933e-03 -2.09093864e+00  -3.30347290e-06 +3.52298561e-04 
-5.30907107e-03 +0.00000000e+00 -5.98446024e-03 +1.22349566e+05 +4.19227167e+02  +4.40327916e+02 +2.10229823e+00  +1.32448031e+05 +3.53459055e+02    +4.53373410e-06 -2.38396369e-03  -1.83263321e-02 +5.82515120e+00  +9.18123058e-06 -1.38952928e-03 
