# scuff-scatter run on pekka-pc (09/25/15::22:27:10)
# columns: 
# 1,2,3   x,y,z (evaluation point coordinates)
# 4,5     real, imag Ex
# 6,7     real, imag Ey
# 8,9     real, imag Ez
# 10,11   real, imag Hx
# 12,13   real, imag Hy
# 14,15   real, imag Hz
+0.00000000e+00 +0.00000000e+00 +8.00000000e-03 -1.01206225e+05 -2.15543684e+02  -7.03520989e+04 -2.83243332e+02  +1.45542401e+07 +9.61743310e+04    +4.14837109e-03 -8.83822282e-01  +1.87231080e-03 +6.85213518e-03  -9.46112926e-06 +1.84542253e-02 
+6.73176788e-03 +0.00000000e+00 +4.32241845e-03 -5.07489165e+04 +4.66068690e+02  -6.32183239e+02 -2.01107734e+00  -2.72491386e+05 -2.11300799e+03    -9.39487645e-05 -1.99669679e-03  +4.36588633e-01 -5.08084691e+01  -1.12320916e-04 +2.21682095e-02 
+7.27437941e-03 +0.00000000e+00 -3.32917469e-03 -1.51208598e+05 -1.57387552e+03  +1.92446488e+02 +2.69931922e+00  +3.84467422e+04 +1.99524538e+02    +1.24333314e-04 -9.90445083e-03  +1.87003198e-01 -1.70533194e+01  +9.24876062e-05 -6.51834170e-03 
+1.12896006e-03 +0.00000000e+00 -7.91993997e-03 -2.40060160e+04 -3.05863585e+02  -1.43053080e+02 -2.18796975e+00  +1.51037687e+05 +1.79753104e+03    -9.04727193e-05 +4.81664210e-03  +2.25024894e-02 -1.88136774e+00  -2.51609929e-07 -4.41259817e-04 
-6.05441996e-03 +0.00000000e+00 -5.22914897e-03 +1.27795515e+05 +1.46790777e+03  +4.06945554e+02 +5.71728681e+00  +8.64629684e+04 +8.33306968e+02    +4.27922163e-05 -6.48977333e-03  -1.37972647e-01 +1.21293183e+01  +2.56386309e-05 -9.88476296e-04 
-7.67139420e-03 +0.00000000e+00 +2.26929748e-03 +1.33703443e+05 +6.45899733e+02  +5.59609480e+02 +2.85871833e+00  -1.44545803e+05 -1.46137566e+03    +2.15129219e-04 -2.36327643e-02  -3.41012459e-01 +3.63272479e+01  +2.94996347e-04 -9.41646334e-03 
-2.23532399e-03 +0.00000000e+00 +7.68136229e-03 -5.14356750e+06 -3.17098473e+04  +4.97377987e+04 +2.56716020e+01  +7.52916593e+05 +7.73894256e+03    +5.93568475e-03 -4.63965489e-01  -1.08092932e+00 +1.70374703e+02  -7.62959228e-03 +2.87150580e+00 
+5.25589279e-03 +0.00000000e+00 +6.03121803e-03 +2.57964500e+05 +3.08068562e+03  -7.56481774e+02 -8.26196549e+00  -5.08833400e+05 -2.99218297e+03    -4.17294065e-04 +1.08859349e-01  +5.90524751e-01 -7.65287844e+01  -1.40682855e-03 +2.02431950e-01 
+7.91486597e-03 +0.00000000e+00 -1.16400027e-03 -1.61847304e+05 -1.44314681e+03  +3.60053234e+02 +4.66936312e+00  -2.09716687e+04 -4.66965308e+02    +1.55442344e-04 -1.30441806e-02  +2.40214253e-01 -2.30357151e+01  +1.77919515e-04 -1.08534886e-02 
+3.29694788e-03 +0.00000000e+00 -7.28904210e-03 -7.02647784e+04 -8.76834173e+02  -4.49928314e+02 -6.69984229e+00  +1.35402878e+05 +1.55271898e+03    -1.07687494e-04 +6.50343225e-03  +6.77808920e-02 -5.73258900e+00  -3.95566312e-05 +1.64164572e-03 
-4.35216889e-03 +0.00000000e+00 -6.71257223e-03 +9.20905200e+04 +1.12407712e+03  +3.62288433e+02 +4.80465394e+00  +1.21855672e+05 +1.34594415e+03    +5.34999139e-06 -3.13466536e-03  -9.16094406e-02 +7.84238819e+00  +4.82846678e-05 -3.42521906e-03 
-7.99992165e-03 +0.00000000e+00 +3.54055839e-05 +1.59520841e+05 +1.25409037e+03  +2.29905348e+01 -5.10346358e-01  -5.82094773e+04 -8.19666679e+02    -1.69528880e-05 -7.25146288e-04  -2.71410707e-01 +2.69065800e+01  +1.91257303e-04 -5.57008014e-03 
-4.29258334e-03 +0.00000000e+00 +6.75083167e-03 -7.60944143e+05 -6.49444231e+03  +1.51938606e+02 -2.54318248e+01  -6.87399883e+05 -3.44133982e+03    -4.13975415e-04 +4.41548333e-01  -7.20416332e-01 +9.98112813e+01  +8.01099694e-04 -4.10508517e-02 
+3.36133629e-03 +0.00000000e+00 +7.25957425e-03 +1.87147888e+06 +1.33573793e+04  -1.39136910e+03 -1.77762820e+01  -7.22676166e+05 -2.79146629e+03    +9.54557195e-04 -2.99698192e-03  +8.80446513e-01 -1.29351425e+02  -4.58029464e-04 +3.99940311e-02 
+7.92485885e-03 +0.00000000e+00 +1.09389775e-03 -1.52033111e+05 -1.01736548e+03  +1.24113390e+02 +2.27245562e+00  -9.54573997e+04 -1.12425395e+03    +2.09337055e-05 -1.50189279e-03  +3.02344049e-01 -3.09143433e+01  +7.69249014e-05 -1.07285318e-03 
+5.20230272e-03 +0.00000000e+00 -6.07750330e-03 -1.09756055e+05 -1.30614085e+03  +2.72139542e+02 +3.98151443e+00  +1.06976016e+05 +1.12467823e+03    +1.28918172e-04 -8.87666622e-03  +1.13393767e-01 -9.80246733e+00  +8.97070400e-05 -6.82332856e-03 
-2.30322653e-03 +0.00000000e+00 -7.66127584e-03 +4.91866481e+04 +6.21560834e+02  +9.66110322e+01 +1.23040455e+00  +1.44872810e+05 +1.70057929e+03    -5.68983978e-05 +2.09463246e-03  -4.63168539e-02 +3.90446432e+00  +1.73966027e-05 -8.68139402e-04 
-7.69117994e-03 +0.00000000e+00 -2.20130670e-03 +1.58850329e+05 +1.53808669e+03  -2.80726472e+02 -3.74771405e+00  +8.81735074e+03 -1.47006585e+02    -1.04035390e-04 +6.94484352e-03  -2.14087721e-01 +2.00412969e+01  +1.97647638e-04 -1.09773853e-02 
-6.00789797e-03 +0.00000000e+00 +5.28253367e-03 -6.07578533e+04 -1.50908738e+03  +7.89605554e+02 +1.66412595e+00  -3.79816905e+05 -2.55043485e+03    +5.79373551e-04 -4.05155415e-02  -5.07323308e-01 +6.24590950e+01  -1.79372033e-05 +6.35918812e-02 
+1.19901768e-03 +0.00000000e+00 +7.90963695e-03 +7.64394432e+06 +4.71168114e+04  -9.61338247e+03 -1.71427785e+00  +8.15977583e+06 +4.96243940e+04    +1.98607800e-03 -3.49453882e-01  +9.75498400e-01 -1.54860876e+02  +2.19033635e-04 +1.44175051e-01 
+7.30356201e-03 +0.00000000e+00 +3.26465649e-03 -1.05224198e+05 -1.98615156e+02  -3.05251974e+02 -6.74368513e-01  -1.97015552e+05 -1.76266642e+03    -2.29271683e-05 -4.92112972e-03  +3.82004187e-01 -4.23192057e+01  -6.82410874e-06 +5.72701129e-03 
+6.69324511e-03 +0.00000000e+00 -4.38183408e-03 -1.40261244e+05 -1.54667225e+03  +3.93355414e+02 +5.67781715e+00  +6.48362544e+04 +5.37135627e+02    +1.76664403e-04 -1.33266883e-02  +1.60866122e-01 -1.43561365e+01  +1.04252525e-04 -5.95460372e-03 
-7.08104743e-05 +0.00000000e+00 -7.99968661e-03 +1.81386257e+03 +2.36563081e+01  +2.08043532e+02 +2.91126231e+00  +1.52594759e+05 +1.82163941e+03    -3.56766706e-05 +8.93375414e-04  -1.42390113e-03 +1.23198995e-01  +4.89541626e-06 -3.96989328e-04 
-6.76976323e-03 +0.00000000e+00 -4.26266416e-03 +1.42209466e+05 +1.56039037e+03  -6.85710597e+01 -5.74770716e-01  +6.20134728e+04 +5.01367117e+02    -5.27344421e-05 +1.05714728e-03  -1.63542830e-01 +1.46458578e+01  +7.92973738e-05 -4.31760880e-03 
-7.24462690e-03 +0.00000000e+00 +3.39343206e-03 +1.01776097e+05 +1.51805899e+02  +4.22770212e+02 +1.04114990e+00  -2.04942207e+05 -1.79825987e+03    +3.24897768e-04 -2.78594565e-02  -3.87120316e-01 +4.31565047e+01  +2.26285816e-04 +6.95972983e-03 
-1.05881400e-03 +0.00000000e+00 +7.92962249e-03 -7.11952121e+06 -4.53761568e+04  +8.24913874e+03 +2.23422130e+00  +9.34736678e+06 +5.78773289e+04    +1.46298614e-04 +1.24351321e+00  -9.02824102e-01 +1.41652580e+02  -7.15995316e-04 -1.47102946e-01 
+6.10046760e-03 +0.00000000e+00 +5.17535458e-03 +4.10442120e+04 +1.34778964e+03  -9.16423122e+02 -5.71535565e+00  -3.65759634e+05 -2.49473544e+03    -3.13748735e-04 +1.86921615e-02  +4.98327022e-01 -6.08841263e+01  -2.27351686e-04 +3.28202819e-04 
+7.65100743e-03 +0.00000000e+00 -2.33711047e-03 -1.58093422e+05 -1.54434855e+03  +2.12825826e+02 +2.59601128e+00  +1.24087188e+04 -1.07456263e+02    +1.23429627e-04 -7.85645924e-03  +2.11125647e-01 -1.96820925e+01  +5.63919195e-05 -2.83693311e-03 
+2.16724631e-03 +0.00000000e+00 -7.70084693e-03 -4.64889824e+04 -5.89214376e+02  -4.03621281e+02 -5.93761552e+00  +1.45436001e+05 +1.70966536e+03    -1.25934793e-04 +7.27657708e-03  +4.37355792e-02 -3.67154196e+00  -2.13478648e-05 +9.04961876e-04 
-5.30907107e-03 +0.00000000e+00 -5.98446024e-03 +1.11893941e+05 +1.32658500e+03  +5.06568256e+02 +6.74250845e+00  +1.04786641e+05 +1.09371218e+03    +3.43189753e-05 -5.11200807e-03  -1.15961432e-01 +1.00552076e+01  +4.72542753e-05 -3.22753808e-03 
