# scuff-scatter run on pekka-pc (09/25/15::22:28:54)
# columns: 
# 1,2,3   x,y,z (evaluation point coordinates)
# 4,5     real, imag Ex
# 6,7     real, imag Ey
# 8,9     real, imag Ez
# 10,11   real, imag Hx
# 12,13   real, imag Hy
# 14,15   real, imag Hz
+0.00000000e+00 +0.00000000e+00 +8.00000000e-03 -1.03895174e+05 -3.98643857e+02  -7.38763174e+04 -5.22339436e+02  +1.57250455e+07 +1.69635929e+05    +1.01670963e-02 -1.19834099e+00  +3.37107530e-03 -1.82878249e-02  -2.52732179e-05 +2.40512334e-02 
+6.73176788e-03 +0.00000000e+00 +4.32241845e-03 -4.39870264e+04 +1.19145074e+03  -6.53919228e+02 -2.56506827e+00  -2.99040822e+05 -3.85797684e+03    -2.17034025e-04 -1.64023878e-03  +1.05539744e+00 -7.21518788e+01  -2.69241188e-04 +3.07713164e-02 
+7.27437941e-03 +0.00000000e+00 -3.32917469e-03 -1.71360765e+05 -3.07864311e+03  +2.27691863e+02 +5.51947385e+00  +4.07180045e+04 +3.21316776e+02    +3.27622468e-04 -1.47258971e-02  +4.74750956e-01 -2.48942318e+01  +2.53117125e-04 -1.00290202e-02 
+1.12896006e-03 +0.00000000e+00 -7.91993997e-03 -2.79205849e+04 -6.22795743e+02  -1.71502688e+02 -4.57243148e+00  +1.73809530e+05 +3.62080288e+03    -2.34122772e-04 +7.63193075e-03  +5.81083890e-02 -2.77588209e+00  -3.31633226e-06 -5.23908784e-04 
-6.05441996e-03 +0.00000000e+00 -5.22914897e-03 +1.46613723e+05 +2.92904206e+03  +4.81391357e+02 +1.17873024e+01  +9.68923313e+04 +1.61106116e+03    +1.15634080e-04 -9.03015003e-03  -3.52919670e-01 +1.77849041e+01  +5.54863791e-05 -1.65222562e-03 
-7.67139420e-03 +0.00000000e+00 +2.26929748e-03 +1.41465633e+05 +1.01548533e+03  +5.94003945e+02 +4.65615957e+00  -1.63384945e+05 -2.81077710e+03    +5.28055644e-04 -3.37620845e-02  -8.39164976e-01 +5.20822757e+01  +7.53806614e-04 -1.67171585e-02 
-2.23532399e-03 +0.00000000e+00 +7.68136229e-03 -5.53099058e+06 -5.62854201e+04  +4.99617837e+04 +1.98288101e+01  +8.51416891e+05 +1.46670701e+04    +1.41067045e-02 -6.87463275e-01  -2.46832944e+00 +2.35260614e+02  -1.70460961e-02 +3.80246383e+00 
+5.25589279e-03 +0.00000000e+00 +6.03121803e-03 +2.97678053e+05 +6.03164992e+03  -8.60221156e+02 -1.53550489e+01  -5.45094201e+05 -5.15012006e+03    -7.89716947e-04 +1.43465736e-01  +1.39729880e+00 -1.07506892e+02  -3.09067238e-03 +2.78634291e-01 
+7.91486597e-03 +0.00000000e+00 -1.16400027e-03 -1.80218628e+05 -2.73035056e+03  +4.20550341e+02 +9.25652964e+00  -2.72698391e+04 -9.91320064e+02    +3.92209232e-04 -1.90240587e-02  +6.03695455e-01 -3.34264519e+01  +4.61646613e-04 -1.67117148e-02 
+3.29694788e-03 +0.00000000e+00 -7.28904210e-03 -8.14950875e+04 -1.77824440e+03  -5.37189547e+02 -1.40294103e+01  +1.55048218e+05 +3.10622297e+03    -2.84615690e-04 +1.00736468e-02  +1.74666475e-01 -8.44586771e+00  -1.00191543e-04 +2.65966611e-03 
-4.35216889e-03 +0.00000000e+00 -6.71257223e-03 +1.06492793e+05 +2.27003449e+03  +4.24318444e+02 +9.85833933e+00  +1.38857222e+05 +2.67349755e+03    +1.77431735e-05 -4.10813674e-03  -2.35582098e-01 +1.15366143e+01  +1.21051569e-04 -5.15985612e-03 
-7.99992165e-03 +0.00000000e+00 +3.54055839e-05 +1.75365279e+05 +2.30403278e+03  +1.59807963e+01 -1.14744239e+00  -6.90139111e+04 -1.66092549e+03    -4.84563302e-05 -6.97697320e-04  -6.77666499e-01 +3.88922912e+01  +4.91342640e-04 -1.03479751e-02 
-4.29258334e-03 +0.00000000e+00 +6.75083167e-03 -8.42685223e+05 -1.21320787e+04  -1.71356002e+02 -4.90883148e+01  -7.28059362e+05 -5.70276306e+03    -4.72959360e-04 +5.67590650e-01  -1.68326632e+00 +1.39342193e+02  +2.15948355e-03 -6.79692058e-02 
+3.36133629e-03 +0.00000000e+00 +7.25957425e-03 +2.03685284e+06 +2.42381867e+04  -1.61883420e+03 -3.45643136e+01  -7.54024232e+05 -4.25539792e+03    +2.21966249e-03 -1.78989715e-02  +2.03415556e+00 -1.79648724e+02  -1.15371481e-03 +5.86685774e-02 
+7.92485885e-03 +0.00000000e+00 +1.09389775e-03 -1.64718103e+05 -1.79035472e+03  +1.54023764e+02 +4.63762649e+00  -1.10110317e+05 -2.21899734e+03    +4.61845548e-05 -2.15588542e-03  +7.50085913e-01 -4.45268961e+01  +2.31153360e-04 -2.78708986e-03 
+5.20230272e-03 +0.00000000e+00 -6.07750330e-03 -1.26495823e+05 -2.62451984e+03  +3.23506670e+02 +8.06499129e+00  +1.21143175e+05 +2.21274809e+03    +3.39056844e-04 -1.34790152e-02  +2.90966855e-01 -1.44029418e+01  +2.26394626e-04 -1.01399714e-02 
-2.30322653e-03 +0.00000000e+00 -7.66127584e-03 +5.71442981e+04 +1.26360964e+03  +1.12406405e+02 +2.53761244e+00  +1.66408495e+05 +3.41673349e+03    -1.42830959e-04 +3.58555899e-03  -1.19481594e-01 +5.75457248e+00  +4.39368652e-05 -1.40182920e-03 
-7.69117994e-03 +0.00000000e+00 -2.20130670e-03 +1.78502269e+05 +2.96317867e+03  -3.29635321e+02 -7.56178697e+00  +6.62978780e+03 -3.67487572e+02    -2.76533691e-04 +1.06977235e-02  -5.40742022e-01 +2.91642740e+01  +5.02064469e-04 -1.73146354e-02 
-6.00789797e-03 +0.00000000e+00 +5.28253367e-03 -8.07908203e+04 -3.15060594e+03  +8.08832878e+02 +2.40085444e+00  -4.11301153e+05 -4.51834348e+03    +1.31144625e-03 -6.02484849e-02  -1.21291402e+00 +8.81865173e+01  +1.02598756e-04 +8.04457269e-02 
+1.19901768e-03 +0.00000000e+00 +7.90963695e-03 +8.21618190e+06 +8.28178575e+04  -9.64458505e+03 -5.79474654e+00  +8.76704729e+06 +8.82630998e+04    +4.88336413e-03 -4.79445347e-01  +2.21032260e+00 -2.13657134e+02  +4.93679800e-04 +1.80331793e-01 
+7.30356201e-03 +0.00000000e+00 +3.26465649e-03 -1.07103381e+05 -1.11058658e+02  -3.11107819e+02 -3.73784109e-01  -2.19497610e+05 -3.31312589e+03    -8.57676401e-05 -5.81654754e-03  +9.32649652e-01 -6.04128922e+01  +2.11784525e-05 +7.38787312e-03 
+6.69324511e-03 +0.00000000e+00 -4.38183408e-03 -1.60085132e+05 -3.06131884e+03  +4.67506162e+02 +1.16840698e+01  +7.14542288e+04 +1.00432774e+03    +4.70663675e-04 -2.00292581e-02  +4.10166431e-01 -2.10117507e+01  +2.85652692e-04 -9.48876985e-03 
-7.08104743e-05 +0.00000000e+00 -7.99968661e-03 +2.11717256e+03 +4.83625554e+01  +2.45591731e+02 +6.04260884e+00  +1.75672248e+05 +3.67164657e+03    -9.07241886e-05 +1.74888781e-03  -3.67506732e-03 +1.80909624e-01  +1.08166306e-05 -5.70798594e-04 
-6.76976323e-03 +0.00000000e+00 -4.26266416e-03 +1.62209811e+05 +3.08532453e+03  -7.54901126e+01 -9.65598857e-01  +6.81730931e+04 +9.31954613e+02    -1.35272268e-04 +2.21705681e-03  -4.16775870e-01 +2.14266404e+01  +1.87101059e-04 -6.75301977e-03 
-7.24462690e-03 +0.00000000e+00 +3.39343206e-03 +1.03038562e+05 +1.68490322e+01  +4.33628310e+02 +1.11220628e+00  -2.27835800e+05 -3.36694811e+03    +7.86253077e-04 -4.06028039e-02  -9.44008330e-01 +6.15660240e+01  +5.81008000e-04 +5.33695027e-03 
-1.05881400e-03 +0.00000000e+00 +7.92962249e-03 -7.67041412e+06 -7.97104624e+04  +8.10466054e+03 -4.44277639e+01  +1.00545294e+07 +1.02681416e+05    +1.54020735e-03 +1.58801901e+00  -2.04536429e+00 +1.95594873e+02  -1.42844113e-03 -1.77421246e-01 
+6.10046760e-03 +0.00000000e+00 +5.17535458e-03 +5.90534988e+04 +2.85548800e+03  -9.84760225e+02 -9.50390755e+00  -3.96612795e+05 -4.43230728e+03    -5.61335693e-04 +2.57094766e-02  +1.19303644e+00 -8.60282289e+01  -4.72641368e-04 +3.34873865e-03 
+7.65100743e-03 +0.00000000e+00 -2.33711047e-03 -1.77830598e+05 -2.98079245e+03  +2.46129990e+02 +5.08530267e+00  +1.07288968e+04 -2.89782927e+02    +3.15302225e-04 -1.18758710e-02  +5.33627608e-01 -2.86559107e+01  +1.65850020e-04 -4.83548362e-03 
+2.16724631e-03 +0.00000000e+00 -7.70084693e-03 -5.40331385e+04 -1.19842197e+03  -4.80649217e+02 -1.23684271e+01  +1.67086341e+05 +3.43595073e+03    -3.29361198e-04 +1.13523058e-02  +1.12861227e-01 -5.41437981e+00  -5.56388547e-05 +1.50481410e-03 
-5.30907107e-03 +0.00000000e+00 -5.98446024e-03 +1.28896484e+05 +2.66371865e+03  +5.93835294e+02 +1.38136542e+01  +1.18557546e+05 +2.14866733e+03    +9.44995765e-05 -7.11620373e-03  -2.97437736e-01 +1.47684623e+01  +1.14815909e-04 -4.86371906e-03 
