# scuff-scatter run on pekka-pc (09/25/15::22:36:06)
# columns: 
# 1,2,3   x,y,z (evaluation point coordinates)
# 4,5     real, imag Ex
# 6,7     real, imag Ey
# 8,9     real, imag Ez
# 10,11   real, imag Hx
# 12,13   real, imag Hy
# 14,15   real, imag Hz
+0.00000000e+00 +0.00000000e+00 +8.00000000e-03 -nan -nan  -nan -nan  -nan -nan    -nan -nan  -nan -nan  -nan -nan 
+6.73176788e-03 +0.00000000e+00 +4.32241845e-03 +7.91858516e+04 -8.66062221e+04  -6.46713230e+02 +4.65063942e+02  +1.69965530e+05 -2.41833110e+04    -3.39838292e-02 -5.58873932e-02  +1.63520056e+01 +4.28779872e+01  +1.04743947e-01 +1.96592657e-01 
+7.27437941e-03 +0.00000000e+00 -3.32917469e-03 +2.66991269e+04 -4.98087676e+03  +1.70516494e+01 -1.82803701e+01  -2.09367014e+04 +1.06781925e+04    +1.19594974e-02 +3.08164406e-02  +1.53547005e+00 +6.59558889e+00  +1.49264597e-02 +3.40079403e-02 
+1.12896006e-03 +0.00000000e+00 -7.91993997e-03 +1.50428959e+03 +1.61757604e+02  -2.99713139e+01 +1.09915321e+01  -1.77788860e+04 +3.40863678e+03    +1.68116046e-02 +4.01700654e-02  +8.04383182e-02 +4.75278071e-01  +2.02669923e-03 +4.82780694e-03 
-6.05441996e-03 +0.00000000e+00 -5.22914897e-03 -1.49727572e+04 +1.32245868e+03  +4.19454971e+01 -2.44067825e+01  -2.10300532e+04 +7.53799324e+03    +1.75119151e-02 +4.17918669e-02  -9.17284212e-01 -4.23575385e+00  -1.41270530e-02 -3.08053658e-02 
-7.67139420e-03 +0.00000000e+00 +2.26929748e-03 -8.55570036e+04 +4.43870899e+04  +5.10141250e+01 -1.65632344e+02  +4.03862485e+04 +9.97823246e+03    +1.38901475e-03 +1.61927965e-02  -7.74833804e+00 -2.40418866e+01  -6.40534996e-02 -1.37982964e-01 
-2.23532399e-03 +0.00000000e+00 +7.68136229e-03 +1.15961180e+07 -2.32339517e+06  -7.38215363e+04 +3.99507250e+04  -6.21282706e+06 -4.07203479e+05    -1.50739144e+00 -1.98753690e+00  -1.91910804e+02 +1.11294714e+02  -3.08664446e+00 -6.12994796e+00 
+5.25589279e-03 +0.00000000e+00 +6.03121803e-03 -2.53943568e+05 -1.22759687e+05  -2.38760155e+03 +9.49327643e+02  +5.13088347e+05 -1.76615469e+05    -2.07874868e-01 -4.25006940e-01  +3.98112736e+01 +8.17335310e+01  +1.15963450e-01 +1.62912745e-01 
+7.91486597e-03 +0.00000000e+00 -1.16400027e-03 +4.48962529e+04 -1.28632956e+04  +1.05858337e+02 -7.29465914e+01  -1.46140804e+04 +1.40795153e+04    +1.00220474e-02 +2.79142639e-02  +2.76328296e+00 +1.06352018e+01  +2.06155497e-02 +4.63193006e-02 
+3.29694788e-03 +0.00000000e+00 -7.28904210e-03 +5.12812860e+03 +2.63501711e+02  -5.33818660e+01 +1.74306420e+01  -1.89113089e+04 +4.38557329e+03    +1.53175341e-02 +3.74272541e-02  +3.07378788e-01 +1.63719575e+00  +5.29799028e-03 +1.26276074e-02 
-4.35216889e-03 +0.00000000e+00 -6.71257223e-03 -7.88541199e+03 +9.24233104e+00  +3.57068047e+01 -2.84920681e+01  -1.96624145e+04 +5.22867161e+03    +1.71058210e-02 +4.11452068e-02  -5.11015561e-01 -2.50676273e+00  -7.99943076e-03 -1.79211077e-02 
-7.99992165e-03 +0.00000000e+00 +3.54055839e-05 -5.82836503e+04 +2.04721574e+04  -8.20569605e+01 +1.37632567e+01  -4.68769227e+03 +1.48832244e+04    +1.16788309e-02 +3.03008837e-02  -3.96694808e+00 -1.41521226e+01  -4.60713537e-02 -9.79732193e-02 
-4.29258334e-03 +0.00000000e+00 +6.75083167e-03 +1.15414952e+06 +1.46137783e+04  -9.56492603e+03 +5.39489371e+03  +7.67192067e+05 -3.88617740e+05    -9.42424878e-01 -1.69434458e+00  -6.88684714e+01 -1.13413311e+02  -4.12186315e-01 -7.60598703e-01 
+3.36133629e-03 +0.00000000e+00 +7.25957425e-03 -3.49157674e+06 +4.25977993e+05  -4.87452726e+03 +1.65776853e+03  +4.41800281e+05 -6.63269697e+05    -4.19205238e-01 -7.76416010e-01  +1.12871308e+02 +1.21145156e+02  +2.55181182e-01 +6.09444588e-01 
+7.92485885e-03 +0.00000000e+00 +1.09389775e-03 +7.09383895e+04 -2.94057961e+04  +1.86220424e+01 -2.44726055e+01  +9.34911522e+03 +1.47530817e+04    +6.02205801e-03 +1.87164863e-02  +5.22779752e+00 +1.76697929e+01  +3.59953749e-02 +7.53028656e-02 
+5.20230272e-03 +0.00000000e+00 -6.07750330e-03 +1.06943458e+04 -3.97225899e+02  +7.91272047e+01 -5.33099450e+01  -2.03902378e+04 +6.16755794e+03    +1.16409565e-02 +3.00984600e-02  +6.25469731e-01 +3.09198324e+00  +7.08038182e-03 +1.73131911e-02 
-2.30322653e-03 +0.00000000e+00 -7.66127584e-03 -3.31808290e+03 -2.74149428e+02  -3.00185800e+00 -3.64616990e+00  -1.81912469e+04 +3.78603353e+03    +1.73136318e-02 +4.11624924e-02  -2.38775998e-01 -1.20558157e+00  -3.96537735e-03 -9.07366868e-03 
-7.69117994e-03 +0.00000000e+00 -2.20130670e-03 -3.55139101e+04 +8.48295126e+03  -9.96353020e+01 +3.77716133e+01  -1.83725531e+04 +1.23954846e+04    +1.69169879e-02 +3.92510003e-02  -2.17422452e+00 -8.70973025e+00  -3.00839451e-02 -6.47745180e-02 
-6.00789797e-03 +0.00000000e+00 +5.28253367e-03 +1.04454870e+04 +1.14287941e+05  -8.10573148e+02 +3.14898354e+02  +3.17917648e+05 -8.02199175e+04    -1.01706423e-01 -1.31021659e-01  -2.61268072e+01 -6.10531904e+01  -2.17193616e-01 -4.32599175e-01 
+1.19901768e-03 +0.00000000e+00 +7.90963695e-03 -2.67101515e+07 +4.75702847e+06  -4.71281494e+03 -6.18269560e+03  -5.85547085e+07 +3.73709651e+06    -8.61646888e-01 -2.40077840e+00  +2.14601196e+02 -2.18217630e+03  +3.21550409e-01 +1.44989295e+00 
+7.30356201e-03 +0.00000000e+00 +3.26465649e-03 +9.43892861e+04 -6.24929616e+04  -3.17046345e+02 +2.96432597e+02  +8.38226393e+04 +4.50792584e+02    -8.86677441e-03 -5.68595404e-03  +1.07450562e+01 +3.10229085e+01  +7.31488342e-02 +1.40146759e-01 
+6.69324511e-03 +0.00000000e+00 -4.38183408e-03 +1.97921682e+04 -2.69109663e+03  +4.77137550e+01 -2.73275187e+01  -2.15521746e+04 +8.99595633e+03    +1.18745076e-02 +3.04039981e-02  +1.12964855e+00 +5.12043434e+00  +1.15365419e-02 +2.55924826e-02 
-7.08104743e-05 +0.00000000e+00 -7.99968661e-03 -7.94149144e+01 -2.78797850e+01  +1.45318369e+01 -1.23891823e+01  -1.77320603e+04 +3.33517898e+03    +1.67609659e-02 +4.01400014e-02  -2.65004435e-02 -9.67565015e-02  -2.69545421e-05 -3.19539330e-05 
-6.76976323e-03 +0.00000000e+00 -4.26266416e-03 -2.05525618e+04 +2.92789659e+03  -6.78396890e+01 +4.14875760e+01  -2.14010106e+04 +9.18784904e+03    +1.87725287e-02 +4.34965523e-02  -1.23372372e+00 -5.45331936e+00  -1.95544390e-02 -4.17824494e-02 
-7.24462690e-03 +0.00000000e+00 +3.39343206e-03 -9.21161766e+04 +6.41853051e+04  -7.95780086e+01 -1.10938849e+02  +9.33576195e+04 -1.72686229e+03    -1.32599421e-02 -9.21322228e-03  -1.14608469e+01 -3.26715245e+01  -8.76273099e-02 -1.82946294e-01 
-1.05881400e-03 +0.00000000e+00 +7.92962249e-03 +2.95490066e+07 -4.69741818e+06  -2.61035942e+05 +1.08009839e+05  -8.26999280e+07 +4.72536194e+06    -5.07854532e+00 -1.00597527e+01  -2.00382787e+02 +3.07065395e+03  -1.02828466e+00 -3.45562704e+00 
+6.10046760e-03 +0.00000000e+00 +5.17535458e-03 +8.98805868e+03 -1.11024809e+05  -1.05786855e+03 +7.30749649e+02  +2.92487989e+05 -6.83971873e+04    -8.85267214e-02 -1.75844857e-01  +2.43511549e+01 +5.78719128e+01  +1.54174923e-01 +2.83714719e-01 
+7.65100743e-03 +0.00000000e+00 -2.33711047e-03 +3.42472252e+04 -7.91432230e+03  +6.45785605e+01 -5.91180549e+01  -1.90457912e+04 +1.22497876e+04    +1.04234417e-02 +2.76203166e-02  +2.01598842e+00 +8.23882963e+00  +1.63773213e-02 +3.75341498e-02 
+2.16724631e-03 +0.00000000e+00 -7.70084693e-03 +2.99687270e+03 +2.93986988e+02  -6.25315872e+01 +2.79073234e+01  -1.81963381e+04 +3.75469637e+03    +1.66794432e-02 +4.00098311e-02  +1.79365992e-01 +9.96453443e-01  +3.70255494e-03 +8.65788560e-03 
-5.30907107e-03 +0.00000000e+00 -5.98446024e-03 -1.12555450e+04 +5.30456889e+02  +5.68839714e+01 -4.03502894e+01  -2.04012919e+04 +6.29967104e+03    +1.69018572e-02 +4.06389194e-02  -7.04284831e-01 -3.35393354e+00  -1.05737602e-02 -2.34774703e-02 
