# scuff-scatter run on pekka-pc (09/25/15::22:35:45)
# columns: 
# 1,2,3   x,y,z (evaluation point coordinates)
# 4,5     real, imag Ex
# 6,7     real, imag Ey
# 8,9     real, imag Ez
# 10,11   real, imag Hx
# 12,13   real, imag Hy
# 14,15   real, imag Hz
+0.00000000e+00 +0.00000000e+00 +8.00000000e-03 -nan -nan  -nan -nan  -nan -nan    -nan -nan  -nan -nan  -nan -nan 
+6.73176788e-03 +0.00000000e+00 +4.32241845e-03 +3.28622851e+05 -1.92640767e+05  -2.26856853e+03 +2.30285788e+03  +2.12350396e+05 +2.20711385e+04    -1.60425770e-01 -1.63479230e-01  +1.75103524e+01 +7.88427664e+01  +4.53528792e-01 +5.15176406e-01 
+7.27437941e-03 +0.00000000e+00 -3.32917469e-03 +3.22028886e+04 +3.16794116e+03  +8.09831023e+01 -5.13194078e+01  -4.72866258e+04 +1.36864213e+04    +5.03867782e-02 +6.49991249e-02  -1.74503725e-02 +8.61630275e+00  +6.44729173e-02 +7.71949985e-02 
+1.12896006e-03 +0.00000000e+00 -7.91993997e-03 +2.79249645e+02 +1.09143073e+03  -4.91123567e+01 +1.08583320e+01  -2.13123284e+04 -1.23672667e+03    +6.20881186e-02 +8.74518521e-02  -1.01943699e-01 +5.00575522e-01  +7.14640201e-03 +1.03490940e-02 
-6.05441996e-03 +0.00000000e+00 -5.22914897e-03 -1.29721461e+04 -4.93251196e+03  +1.12935657e+02 -3.37896711e+01  -3.70243431e+04 +6.21244371e+03    +6.48372740e-02 +9.13842146e-02  +3.62465208e-02 -5.33375508e+00  -5.28211121e-02 -7.11050290e-02 
-7.67139420e-03 +0.00000000e+00 +2.26929748e-03 -2.00374672e+05 +6.75165768e+04  +7.08909019e+02 -9.36057878e+02  -9.62179773e+02 +4.86277568e+04    +5.16451529e-04 +1.72245987e-02  -5.71658736e+00 -3.92360731e+01  -2.33512026e-01 -3.19567501e-01 
-2.23532399e-03 +0.00000000e+00 +7.68136229e-03 +1.81728445e+07 -5.97404386e+06  -1.99740814e+05 +1.37741856e+05  -4.95284729e+06 -2.35141734e+06    -7.04242825e+00 -6.66932415e+00  -4.96447139e+02 -4.18553114e+02  -9.91324860e+00 -1.48265624e+01 
+5.25589279e-03 +0.00000000e+00 +6.03121803e-03 +1.46886107e+05 -4.64315087e+05  -5.93754649e+03 +1.83855172e+03  +9.91439694e+05 -3.11305853e+05    -6.87926372e-01 -1.03750645e+00  +6.21511923e+01 +1.79105714e+02  +6.20196238e-01 +5.56928439e-01 
+7.91486597e-03 +0.00000000e+00 -1.16400027e-03 +6.96572855e+04 -5.38889494e+03  +3.42660718e+02 -1.93939321e+02  -5.43459685e+04 +2.66952573e+04    +4.13455614e-02 +5.59300916e-02  +6.01069899e-01 +1.49123602e+01  +9.36929702e-02 +1.06598023e-01 
+3.29694788e-03 +0.00000000e+00 -7.28904210e-03 +1.95429483e+03 +3.12645216e+03  -7.89660397e+01 -2.49128317e+00  -2.52669340e+04 +2.96394499e+02    +5.79626025e-02 +8.03791305e-02  -1.77847840e-01 +1.87176643e+00  +1.97000423e-02 +2.71894586e-02 
-4.35216889e-03 +0.00000000e+00 -6.71257223e-03 -4.45672564e+03 -3.90650102e+03  +1.28328241e+02 -8.05754604e+01  -2.85282299e+04 +1.71585271e+03    +6.30368949e-02 +8.92861193e-02  +5.90064361e-02 -3.05427561e+00  -2.98949313e-02 -4.06885982e-02 
-7.99992165e-03 +0.00000000e+00 +3.54055839e-05 -1.03584643e+05 +1.75838400e+04  -9.52367433e+01 -3.95045082e+01  -5.00181192e+04 +3.48377074e+04    +4.37945950e-02 +6.38236304e-02  -1.75901685e+00 -2.09622877e+01  -1.63812740e-01 -2.28341617e-01 
-4.29258334e-03 +0.00000000e+00 +6.75083167e-03 +1.02860074e+06 +4.13464984e+05  -2.70288330e+04 +2.11995589e+04  +1.88187839e+06 -9.30172497e+05    -3.40750633e+00 -4.46424474e+00  -1.30363080e+02 -2.90608289e+02  -1.68429996e+00 -2.01509535e+00 
+3.36133629e-03 +0.00000000e+00 +7.25957425e-03 -4.60828282e+06 +4.83973514e+05  -1.09054932e+04 +2.14662516e+03  +2.39378267e+06 -1.96846352e+06    -1.54578291e+00 -2.04963998e+00  +2.47403331e+02 +4.21670441e+02  +9.58910106e-01 +1.37042355e+00 
+7.92485885e-03 +0.00000000e+00 +1.09389775e-03 +1.41277020e+05 -3.35181650e+04  +9.98635298e+01 -5.66707768e+01  -3.98316090e+04 +4.44018201e+04    +2.38273315e-02 +3.56060287e-02  +2.59617471e+00 +2.70630641e+01  +1.58143777e-01 +1.82256347e-01 
+5.20230272e-03 +0.00000000e+00 -6.07750330e-03 +7.35035637e+03 +4.71471023e+03  +2.51160986e+02 -1.43573567e+02  -3.20767034e+04 +3.35038598e+03    +5.15139310e-02 +6.34174829e-02  -2.14508707e-01 +3.70391404e+00  +3.08357061e-02 +3.72472940e-02 
-2.30322653e-03 +0.00000000e+00 -7.66127584e-03 -8.96458880e+02 -2.23358192e+03  +1.74469466e+01 -1.64450645e+01  -2.28318348e+04 -6.32942736e+02    +6.36248616e-02 +8.99919099e-02  +1.81889656e-02 -1.45367054e+00  -1.42250290e-02 -2.01418528e-02 
-7.69117994e-03 +0.00000000e+00 -2.20130670e-03 -4.93010009e+04 +1.90685683e+02  -1.97692829e+02 +5.66263316e+01  -5.12123955e+04 +1.95470611e+04    +6.19725901e-02 +8.78940077e-02  -4.75199576e-01 -1.19580206e+01  -1.06440037e-01 -1.50382203e-01 
-6.00789797e-03 +0.00000000e+00 +5.28253367e-03 -3.38662850e+05 +3.29610804e+05  -1.77898549e+03 +6.19357117e+02  +5.16535062e+05 -8.32319577e+04    -4.46171926e-01 -4.46242854e-01  -3.51146727e+01 -1.22246838e+02  -8.13895636e-01 -1.06754362e+00 
+1.19901768e-03 +0.00000000e+00 +7.90963695e-03 -4.02659391e+07 +1.45328294e+07  +7.82861281e+03 -5.31149692e+04  -6.91316141e+07 +1.00425202e+07    -3.20632875e+00 -5.03275868e+00  +6.12304513e+02 -1.53309956e+03  +1.11457806e+00 +2.35102098e+00 
+7.30356201e-03 +0.00000000e+00 +3.26465649e-03 +2.65205636e+05 -1.14911590e+05  -1.33167579e+03 +1.55374332e+03  +6.33548474e+04 +4.65502116e+04    -5.49587091e-02 -3.63258274e-02  +9.22766746e+00 +5.31754312e+01  +3.18273976e-01 +3.59462332e-01 
+6.69324511e-03 +0.00000000e+00 -4.38183408e-03 +2.04117784e+04 +4.47685319e+03  +1.28767331e+02 -3.34094556e+01  -4.21666016e+04 +9.32196985e+03    +5.23885024e-02 +6.47021786e-02  -1.48617407e-01 +6.46818457e+00  +5.28614191e-02 +5.96270184e-02 
-7.08104743e-05 +0.00000000e+00 -7.99968661e-03 +5.80714773e+01 -1.06836199e+02  +5.82357816e+01 -3.14072657e+01  -2.10410087e+04 -1.34256361e+03    +6.22101603e-02 +8.73500790e-02  -5.66170691e-02 -1.58330629e-01  -1.42226768e-04 -1.52675802e-04 
-6.76976323e-03 +0.00000000e+00 -4.26266416e-03 -2.16890645e+04 -4.24698846e+03  -1.95302717e+02 +1.45093443e+02  -4.27053382e+04 +9.92160448e+03    +6.77798329e-02 +9.68637253e-02  -4.67302149e-02 -7.04562064e+00  -7.12702623e-02 -9.77118879e-02 
-7.24462690e-03 +0.00000000e+00 +3.39343206e-03 -2.68346806e+05 +1.20398711e+05  +4.03794343e+02 -8.43565854e+02  +7.81496042e+04 +4.63266811e+04    -5.43464131e-02 -5.11492060e-02  -1.05341571e+01 -5.66638270e+01  -3.22883599e-01 -4.30981355e-01 
-1.05881400e-03 +0.00000000e+00 +7.92962249e-03 +4.29182094e+07 -1.45822788e+07  -5.66827626e+05 +5.03699790e+05  -9.60825365e+07 +1.33043059e+07    -2.17618105e+01 -2.42259260e+01  -5.77173823e+02 +2.43898866e+03  -4.29139476e+00 -6.20920068e+00 
+6.10046760e-03 +0.00000000e+00 +5.17535458e-03 +3.45001650e+05 -3.07269693e+05  -3.63645641e+03 +3.12896210e+03  +4.56200352e+05 -4.98080002e+04    -3.52829059e-01 -4.45820941e-01  +3.10613667e+01 +1.14263864e+02  +6.18667280e-01 +7.45628779e-01 
+7.65100743e-03 +0.00000000e+00 -2.33711047e-03 +4.65613841e+04 +6.73734725e+02  +2.65468501e+02 -2.12898686e+02  -5.12241253e+04 +1.88423936e+04    +4.58141903e-02 +5.76951171e-02  +1.88062893e-01 +1.11096738e+01  +7.32442005e-02 +8.52382401e-02 
+2.16724631e-03 +0.00000000e+00 -7.70084693e-03 +6.51326922e+02 +2.12867457e+03  -1.26886785e+02 +4.25359437e+01  -2.27264819e+04 -6.92873019e+02    +6.14503452e-02 +8.68050226e-02  -1.41579855e-01 +1.10575756e+00  +1.34307250e-02 +1.88538133e-02 
-5.30907107e-03 +0.00000000e+00 -5.98446024e-03 -8.14924010e+03 -4.61610638e+03  +1.82127538e+02 -1.04283897e+02  -3.25221889e+04 +3.64991575e+03    +6.31904203e-02 +8.84533683e-02  +5.78526463e-02 -4.15127045e+00  -4.00285901e-02 -5.38003214e-02 
