# scuff-scatter run on pekka-pc (09/25/15::22:32:02)
# columns: 
# 1,2,3   x,y,z (evaluation point coordinates)
# 4,5     real, imag Ex
# 6,7     real, imag Ey
# 8,9     real, imag Ez
# 10,11   real, imag Hx
# 12,13   real, imag Hy
# 14,15   real, imag Hz
+0.00000000e+00 +0.00000000e+00 +8.00000000e-03 -nan -nan  -nan -nan  -nan -nan    -nan -nan  -nan -nan  -nan -nan 
+6.73176788e-03 +0.00000000e+00 +4.32241845e-03 -2.00342635e+05 +1.34116381e+04  -6.39790595e+02 +2.18943991e+01  -4.94369031e+05 -1.87448504e+04    -3.31650858e-03 +1.23980475e-02  +8.01647914e+00 -2.01618592e+02  -2.66747484e-05 +5.32955014e-02 
+7.27437941e-03 +0.00000000e+00 -3.32917469e-03 -3.39745185e+05 -1.93911106e+04  +4.77263208e+02 +4.30275893e+01  +8.36865943e+04 +5.56385247e+01    +3.54579528e-03 -4.04814833e-02  +4.28084599e+00 -7.03091926e+01  +3.39637715e-03 -3.24819555e-02 
+1.12896006e-03 +0.00000000e+00 -7.91993997e-03 -5.82109824e+04 -4.46019314e+03  -3.78371607e+02 -3.67490390e+01  +3.59937775e+05 +2.46656800e+04    -2.20440880e-03 +2.42022269e-02  +5.51523487e-01 -8.00543425e+00  -5.82887557e-05 -2.65083723e-04 
-6.05441996e-03 +0.00000000e+00 -5.22914897e-03 +2.96614529e+05 +1.97224448e+04  +1.01033347e+03 +9.22403861e+01  +1.96013309e+05 +9.29146965e+03    +1.44076675e-03 -1.98550344e-02  -3.25575855e+00 +5.06153186e+01  +5.72180241e-05 -4.38845849e-03 
-7.67139420e-03 +0.00000000e+00 +2.26929748e-03 +2.97892910e+05 +1.03505709e+03  +7.10728180e+02 +5.30146799e+00  -2.70009221e+05 -1.70765299e+04    +4.38794905e-03 -7.59800209e-02  -6.81364149e+00 +1.44538088e+02  +7.08667079e-03 -6.69632170e-02 
-2.23532399e-03 +0.00000000e+00 +7.68136229e-03 -4.50939159e+06 -2.35244157e+05  +4.86200152e+04 -4.22315773e+02  -5.08648735e+06 +8.03939957e+04    +9.99009018e-02 -1.67575401e+00  -1.46384788e+01 +1.04115572e+03  -8.64314999e-02 +6.04718531e+00 
+5.25589279e-03 +0.00000000e+00 +6.03121803e-03 +9.83307697e+04 +3.76569649e+04  -1.41707604e+03 -6.97249904e+01  -9.91474497e+05 -1.79936941e+04    -5.06845536e-03 +2.29359131e-01  +9.73018929e+00 -3.11631466e+02  -1.85185661e-02 +5.26330819e-01 
+7.91486597e-03 +0.00000000e+00 -1.16400027e-03 -3.51690387e+05 -1.51682310e+04  +8.17813923e+02 +6.35884149e+01  -4.22670656e+04 -8.39327094e+03    +3.65003561e-03 -4.75907213e-02  +5.26939307e+00 -9.35850737e+01  +5.39608910e-03 -5.28451060e-02 
+3.29694788e-03 +0.00000000e+00 -7.28904210e-03 -1.68787250e+05 -1.25913840e+04  -1.17601728e+03 -1.14468011e+02  +3.18865669e+05 +2.06332326e+04    -2.87340740e-03 +3.07557616e-02  +1.64803286e+00 -2.42724483e+01  -9.46139967e-04 +9.07882299e-03 
-4.35216889e-03 +0.00000000e+00 -6.71257223e-03 +2.19101991e+05 +1.58664626e+04  +8.54529657e+02 +7.45326045e+01  +2.83946812e+05 +1.72875425e+04    +4.37226731e-04 -7.10197874e-03  -2.20822302e+00 +3.30435364e+01  +9.55778306e-04 -1.36391841e-02 
-7.99992165e-03 +0.00000000e+00 +3.54055839e-05 +3.42840272e+05 +1.12594113e+04  -4.53227886e+01 -1.11189588e+01  -1.14889699e+05 -1.21579530e+04    -5.52298537e-04 +1.82022232e-03  -5.78780846e+00 +1.08396179e+02  +4.57577054e-03 -4.39476810e-02 
-4.29258334e-03 +0.00000000e+00 +6.75083167e-03 -5.77218247e+05 -6.37217723e+04  -2.10311390e+03 -2.75797387e+02  -1.57086367e+06 -1.50369018e+04    +5.54866213e-03 +7.66106958e-01  -1.10994056e+01 +4.24668093e+02  +1.79966104e-02 -2.21644190e-01 
+3.36133629e-03 +0.00000000e+00 +7.25957425e-03 +1.65596535e+06 +1.12378618e+05  -3.01050685e+03 -2.02219972e+02  -2.52290689e+06 -2.91473444e+03    +1.58334349e-02 -1.38848696e-01  +1.27466487e+01 -6.01633166e+02  -9.10014025e-03 +1.44580682e-01 
+7.92485885e-03 +0.00000000e+00 +1.09389775e-03 -3.27113458e+05 -6.92676586e+03  +3.69779231e+02 +3.69226646e+01  -1.83449774e+05 -1.48299222e+04    +1.71632797e-04 -4.24022897e-03  +6.26762317e+00 -1.23776177e+02  +3.89730234e-03 -2.28806744e-02 
+5.20230272e-03 +0.00000000e+00 -6.07750330e-03 -2.58322074e+05 -1.80598774e+04  +6.72657144e+02 +5.85298405e+01  +2.46275474e+05 +1.37725433e+04    +3.83239831e-03 -4.00895580e-02  +2.71044939e+00 -4.11618981e+01  +2.49167106e-03 -2.81723997e-02 
-2.30322653e-03 +0.00000000e+00 -7.66127584e-03 +1.18800813e+05 +9.01037030e+03  +2.22595978e+02 +1.95611250e+01  +3.43715294e+05 +2.30650029e+04    -1.15218307e-03 +1.28857032e-02  -1.13016621e+00 +1.65442637e+01  +3.63855267e-04 -4.46662599e-03 
-7.69117994e-03 +0.00000000e+00 -2.20130670e-03 +3.50457666e+05 +1.76675080e+04  -6.62634522e+02 -5.47199950e+01  +1.94123789e+04 -4.51477671e+03    -2.69879941e-03 +3.15601960e-02  -4.79681695e+00 +8.19574301e+01  +4.57549279e-03 -5.34829268e-02 
-6.00789797e-03 +0.00000000e+00 +5.28253367e-03 +9.14831226e+04 -2.38189991e+04  +8.53844680e+02 -2.25603678e+00  -7.01107047e+05 -1.87989376e+04    +9.33754753e-03 -1.49608446e-01  -8.81779842e+00 +2.49602844e+02  +2.68323704e-03 +9.59086620e-02 
+1.19901768e-03 +0.00000000e+00 +7.90963695e-03 +6.22117756e+05 +3.29942070e+05  -1.00910122e+04 -8.91396282e+01  -3.32713763e+07 +3.72797456e+05    +3.83499004e-02 -9.31932564e-01  +1.26226043e+01 -2.52425074e+03  +9.95506423e-04 +2.32269274e-01 
+7.30356201e-03 +0.00000000e+00 +3.26465649e-03 -2.59545811e+05 +5.24877397e+03  -2.39306276e+02 +2.50777989e+01  -3.61142845e+05 -1.83457442e+04    -2.06458071e-03 +1.14152194e-03  +7.35703375e+00 -1.67795326e+02  +2.40151682e-03 +2.52805393e-03 
+6.69324511e-03 +0.00000000e+00 -4.38183408e-03 -3.20891585e+05 -2.00764288e+04  +9.96425477e+02 +9.17663880e+01  +1.44180569e+05 +4.85547046e+03    +5.22760474e-03 -5.72939293e-02  +3.74854372e+00 -5.96047512e+01  +3.79922545e-03 -3.38568737e-02 
-7.08104743e-05 +0.00000000e+00 -7.99968661e-03 +4.42764474e+03 +3.53220272e+02  +5.12469062e+02 +4.74522675e+01  +3.63964993e+05 +2.50605236e+04    -6.56553034e-04 +7.48837495e-03  -3.47870177e-02 +5.11383763e-01  +9.34195445e-05 -1.35110611e-03 
-6.76976323e-03 +0.00000000e+00 -4.26266416e-03 +3.24824622e+05 +2.01714749e+04  -9.74840243e+01 -1.08545713e-01  +1.37805825e+05 +4.35297572e+03    -1.13599482e-03 +1.07635338e-02  -3.80199389e+00 +6.07294499e+01  +1.23379820e-03 -1.90179440e-02 
-7.24462690e-03 +0.00000000e+00 +3.39343206e-03 +2.57082691e+05 -5.89194119e+03  +4.03392879e+02 -1.67446788e+01  -3.74166746e+05 -1.83340623e+04    +6.46085645e-03 -9.81340885e-02  -7.41324843e+00 +1.71060401e+02  +5.86564733e-03 -2.82451262e-02 
-1.05881400e-03 +0.00000000e+00 +7.92962249e-03 +2.95913141e+06 -3.16665720e+05  +2.96511503e+03 -1.09371961e+03  -5.22401898e+07 +4.28478486e+05    +4.19271684e-02 +2.00750781e+00  -1.16756897e+01 +3.09682068e+03  -2.72924726e-03 -2.00554696e-01 
+6.10046760e-03 +0.00000000e+00 +5.17535458e-03 -1.10695241e+05 +2.24367907e+04  -1.23298656e+03 -1.41005130e+01  -6.71530280e+05 -1.87061593e+04    -4.75079148e-03 +5.66041156e-02  +8.72040525e+00 -2.43022708e+02  -1.62591719e-03 +2.27313717e-02 
+7.65100743e-03 +0.00000000e+00 -2.33711047e-03 -3.49394443e+05 -1.78920058e+04  +4.56202971e+02 +3.29090014e+01  +2.69187876e+04 -4.02084289e+03    +3.20802629e-03 -3.42105257e-02  +4.74472139e+00 -8.06000105e+01  +2.64537506e-03 -2.09999649e-02 
+2.16724631e-03 +0.00000000e+00 -7.70084693e-03 -1.12459312e+05 -8.56129400e+03  -1.03562772e+03 -9.84495999e+01  +3.45203533e+05 +2.32137212e+04    -3.28518114e-03 +3.52031115e-02  +1.06929120e+00 -1.55925633e+01  -5.40997838e-04 +5.38963088e-03 
-5.30907107e-03 +0.00000000e+00 -5.98446024e-03 +2.62977986e+05 +1.82901621e+04  +1.19928488e+03 +1.04357451e+02  +2.40938124e+05 +1.32941799e+04    +1.25597528e-03 -1.59493249e-02  -2.76664808e+00 +4.21686622e+01  +7.65285313e-04 -1.24295746e-02 
