# scuff-scatter run on pekka-pc (09/25/15::22:27:56)
# columns: 
# 1,2,3   x,y,z (evaluation point coordinates)
# 4,5     real, imag Ex
# 6,7     real, imag Ey
# 8,9     real, imag Ez
# 10,11   real, imag Hx
# 12,13   real, imag Hy
# 14,15   real, imag Hz
+0.00000000e+00 +0.00000000e+00 +8.00000000e-03 -1.02202555e+05 -2.80129712e+02  -7.16588313e+04 -3.67707747e+02  +1.49945589e+07 +1.22753219e+05    +6.13760372e-03 -1.01543710e+00  +2.48605282e-03 -1.85727126e-03  -1.40038338e-05 +2.08967452e-02 
+6.73176788e-03 +0.00000000e+00 +4.32241845e-03 -4.84435871e+04 +6.96091001e+02  -6.41012485e+02 -2.31041182e+00  -2.82346946e+05 -2.73011446e+03    -1.30654958e-04 -1.97525389e-03  +6.43589645e-01 -5.94504710e+01  -1.68682307e-04 +2.57311894e-02 
+7.27437941e-03 +0.00000000e+00 -3.32917469e-03 -1.58594639e+05 -2.09189018e+03  +2.05159127e+02 +3.64705264e+00  +3.93367480e+04 +2.48088248e+02    +1.89873980e-04 -1.17887654e-02  +2.81304324e-01 -2.01638191e+01  +1.42771331e-04 -7.85851112e-03 
+1.12896006e-03 +0.00000000e+00 -7.91993997e-03 -2.54285015e+04 -4.13431397e+02  -1.53277058e+02 -2.98519814e+00  +1.59349652e+05 +2.42064748e+03    -1.36835515e-04 +5.88155235e-03  +3.40978886e-02 -2.23361520e+00  -1.12049611e-06 -4.83936792e-04 
-6.05441996e-03 +0.00000000e+00 -5.22914897e-03 +1.34662834e+05 +1.96719955e+03  +4.33782514e+02 +7.75490240e+00  +9.03147717e+04 +1.10433516e+03    +6.60528009e-05 -7.52937801e-03  -2.08219824e-01 +1.43659607e+01  +3.60593896e-05 -1.23813985e-03 
-7.67139420e-03 +0.00000000e+00 +2.26929748e-03 +1.36690615e+05 +7.90013003e+02  +5.72779204e+02 +3.54796980e+00  -1.51447285e+05 -1.92667388e+03    +3.18458143e-04 -2.77091604e-02  -5.06345572e-01 +4.26599267e+01  +4.44065781e-04 -1.20671262e-02 
-2.23532399e-03 +0.00000000e+00 +7.68136229e-03 -5.28898415e+06 -4.05692281e+04  +4.98423194e+04 +2.58513367e+01  +7.89272582e+05 +1.01576064e+04    +8.67935169e-03 -5.52092500e-01  -1.55827469e+00 +1.97259095e+02  -1.09204633e-02 +3.27146219e+00 
+5.25589279e-03 +0.00000000e+00 +6.03121803e-03 +2.72488376e+05 +4.09523234e+03  -7.94732387e+02 -1.07608283e+01  -5.22506012e+05 -3.78154407e+03    -5.46007174e-04 +1.23783288e-01  +8.63129250e-01 -8.91807081e+01  -1.98125473e-03 +2.34026622e-01 
+7.91486597e-03 +0.00000000e+00 -1.16400027e-03 -1.68630352e+05 -1.89235369e+03  +3.82028961e+02 +6.23117797e+00  -2.32144829e+04 -6.40103691e+02    +2.33303967e-04 -1.54139011e-02  +3.59805850e-01 -2.71753658e+01  +2.68557211e-04 -1.30931179e-02 
+3.29694788e-03 +0.00000000e+00 -7.28904210e-03 -7.43489460e+04 -1.18315588e+03  -4.81278429e+02 -9.14765691e+00  +1.42587161e+05 +2.08522545e+03    -1.64498048e-04 +7.86720668e-03  +1.02615625e-01 -6.80209374e+00  -5.92485206e-05 +2.02251173e-03 
-4.35216889e-03 +0.00000000e+00 -6.71257223e-03 +9.73330655e+04 +1.51406060e+03  +3.84718569e+02 +6.50861924e+00  +1.28085314e+05 +1.80244477e+03    +9.17257731e-06 -3.55675079e-03  -1.38569833e-01 +9.30008345e+00  +7.21789382e-05 -4.10053316e-03 
-7.99992165e-03 +0.00000000e+00 +3.54055839e-05 +1.65409621e+05 +1.62543385e+03  +2.05544034e+01 -7.16213394e-01  -6.21125269e+04 -1.10313217e+03    -2.70378225e-05 -7.45259558e-04  -4.05428586e-01 +3.16950913e+01  +2.88234471e-04 -7.28469636e-03 
-4.29258334e-03 +0.00000000e+00 +6.75083167e-03 -7.91204810e+05 -8.47380019e+03  +3.38963333e+01 -3.36120224e+01  -7.02892487e+05 -4.28953491e+03    -4.69007245e-04 +4.97552280e-01  -1.04779073e+00 +1.16039207e+02  +1.24863739e-03 -5.11180338e-02 
+3.36133629e-03 +0.00000000e+00 +7.25957425e-03 +1.93317441e+06 +1.72334794e+04  -1.47423244e+03 -2.35556810e+01  -7.34884449e+05 -3.37807112e+03    +1.37419104e-03 -7.88575351e-03  +1.27495526e+00 -1.50089413e+02  -6.87942547e-04 +4.73651027e-02 
+7.92485885e-03 +0.00000000e+00 +1.09389775e-03 -1.56793908e+05 -1.29689258e+03  +1.34869842e+02 +3.06483057e+00  -1.00789382e+05 -1.49741749e+03    +2.98929064e-05 -1.76723311e-03  +4.50435312e-01 -3.63670526e+01  +1.23761740e-04 -1.63803487e-03 
+5.20230272e-03 +0.00000000e+00 -6.07750330e-03 -1.15855977e+05 -1.75557373e+03  +2.90737465e+02 +5.36375184e+00  +1.12181226e+05 +1.50051056e+03    +1.96266785e-04 -1.06523498e-02  +1.71356983e-01 -1.16192334e+01  +1.33704150e-04 -8.11874287e-03 
-2.30322653e-03 +0.00000000e+00 -7.66127584e-03 +5.20792206e+04 +8.39577497e+02  +1.02326556e+02 +1.67098661e+00  +1.52738902e+05 +2.28771669e+03    -8.49053510e-05 +2.64274465e-03  -7.01550424e-02 +4.63355144e+00  +2.60248591e-05 -1.06882185e-03 
-7.69117994e-03 +0.00000000e+00 -2.20130670e-03 +1.66077054e+05 +2.03163181e+03  -2.98412527e+02 -5.03680225e+00  +8.08023677e+03 -2.15498558e+02    -1.59809837e-04 +8.38477085e-03  -3.21353219e-01 +2.36684597e+01  +2.96572380e-04 -1.33837503e-02 
-6.00789797e-03 +0.00000000e+00 +5.28253367e-03 -6.79658888e+04 -2.05980940e+03  +7.97147719e+02 +1.97543583e+00  -3.91596303e+05 -3.25792827e+03    +8.23479413e-04 -4.82760826e-02  -7.44563200e-01 +7.29237064e+01  +1.55032873e-05 +7.12524419e-02 
+1.19901768e-03 +0.00000000e+00 +7.90963695e-03 +7.85933161e+06 +6.00581230e+04  -9.62287180e+03 -2.92027398e+00  +8.38764680e+06 +6.35402556e+04    +2.94386415e-03 -4.03296103e-01  +1.40212596e+00 -1.79248065e+02  +3.22069462e-04 +1.60689288e-01 
+7.30356201e-03 +0.00000000e+00 +3.26465649e-03 -1.06077309e+05 -1.87649001e+02  -3.08038044e+02 -6.49202418e-01  -2.05299557e+05 -2.30306405e+03    -4.01888489e-05 -5.39812964e-03  +5.65385400e-01 -4.96156430e+01  -2.35483869e-06 +6.48510102e-03 
+6.69324511e-03 +0.00000000e+00 -4.38183408e-03 -1.47508232e+05 -2.06576695e+03  +4.20068399e+02 +7.69294207e+00  +6.73064317e+04 +7.03082262e+02    +2.70962648e-04 -1.59283466e-02  +2.42433262e-01 -1.69915892e+01  +1.61018586e-04 -7.28025405e-03 
-7.08104743e-05 +0.00000000e+00 -7.99968661e-03 +1.92391242e+03 +3.20226974e+01  +2.21589220e+02 +3.96295828e+00  +1.61017090e+05 +2.45374834e+03    -5.36020824e-05 +1.19683581e-03  -2.15777126e-03 +1.45996625e-01  +6.81958999e-06 -4.66501822e-04 
-6.76976323e-03 +0.00000000e+00 -4.26266416e-03 +1.49522375e+05 +2.08318688e+03  -7.12076603e+01 -7.23908177e-01  +6.43168037e+04 +6.54853140e+02    -7.96073684e-05 +1.46281018e-03  -2.46415825e-01 +1.73316788e+01  +1.15204028e-04 -5.24955243e-03 
-7.24462690e-03 +0.00000000e+00 +3.39343206e-03 +1.02404672e+05 +1.24706482e+02  +4.27360902e+02 +1.13797495e+00  -2.13386411e+05 -2.34605039e+03    +4.77728973e-04 -3.29194578e-02  -5.72681283e-01 +5.05842092e+01  +3.39551292e-04 +6.70662616e-03 
-1.05881400e-03 +0.00000000e+00 +7.92962249e-03 -7.32691038e+06 -5.78262428e+04  +8.23339263e+03 -1.03458082e+01  +9.61290294e+06 +7.40359708e+04    +4.92713160e-04 +1.39813522e+00  -1.29759338e+00 +1.64012899e+02  -9.82982318e-04 -1.61694646e-01 
+6.10046760e-03 +0.00000000e+00 +5.17535458e-03 +4.74994937e+04 +1.85103436e+03  -9.42414974e+02 -7.14674471e+00  -3.77294382e+05 -3.19023034e+03    -3.95470346e-04 +2.15788500e-02  +7.31759495e-01 -7.11053310e+01  -3.12117023e-04 +1.32684457e-03 
+7.65100743e-03 +0.00000000e+00 -2.33711047e-03 -1.65348618e+05 -2.04146128e+03  +2.24982725e+02 +3.45002535e+00  +1.18574587e+04 -1.62835540e+02    +1.85906041e-04 -9.41329563e-03  +3.16996887e-01 -2.32486827e+01  +8.97108083e-05 -3.56410563e-03 
+2.16724631e-03 +0.00000000e+00 -7.70084693e-03 -4.92308430e+04 -7.96035507e+02  -4.31343924e+02 -8.09148466e+00  +1.53343529e+05 +2.30021357e+03    -1.91378251e-04 +8.82840628e-03  +6.62524848e-02 -4.35808645e+00  -3.23947109e-05 +1.12712316e-03 
-5.30907107e-03 +0.00000000e+00 -5.98446024e-03 +1.18090562e+05 +1.78252037e+03  +5.38115796e+02 +9.12623143e+00  +1.09848341e+05 +1.45835994e+03    +5.34575687e-05 -5.93149036e-03  -1.75210245e-01 +1.19170216e+01  +6.96740099e-05 -3.86562167e-03 
