# scuff-scatter run on pekka-pc (09/25/15::22:33:24)
# columns: 
# 1,2,3   x,y,z (evaluation point coordinates)
# 4,5     real, imag Ex
# 6,7     real, imag Ey
# 8,9     real, imag Ez
# 10,11   real, imag Hx
# 12,13   real, imag Hy
# 14,15   real, imag Hz
+0.00000000e+00 +0.00000000e+00 +8.00000000e-03 -1.45312818e+05 -7.56547388e+03  -1.26949443e+05 -9.39411784e+03  +2.96079718e+07 +2.08683865e+06    +3.59480395e-01 -3.76053171e+00  -1.71798189e-01 +2.63052912e-01  +1.81159808e-04 +4.18297598e-02 
+6.73176788e-03 +0.00000000e+00 +4.32241845e-03 +2.91365476e+05 +1.15196739e+05  +1.87092789e+02 +4.81686213e+02  -7.05964529e+05 -7.52054902e+04    -4.42506480e-02 +1.02181212e-01  +4.47080707e+01 -3.08829655e+02  +3.69142384e-02 +1.54211154e-02 
+7.27437941e-03 +0.00000000e+00 -3.32917469e-03 -6.13864376e+05 -1.17719629e+05  +1.30907288e+03 +3.54290520e+02  +1.93222731e+04 -1.79306958e+04    +3.46473681e-02 -1.23493089e-01  +3.01348547e+01 -1.47522751e+02  +4.16526580e-02 -1.23298425e-01 
+1.12896006e-03 +0.00000000e+00 -7.91993997e-03 -1.32763244e+05 -3.20103512e+04  -1.06661422e+03 -2.84409895e+02  +7.35739547e+05 +1.64732498e+05    -9.59762756e-03 +6.31475509e-02  +4.14034840e+00 -1.84505154e+01  +4.54732894e-04 +2.42589528e-04 
-6.05441996e-03 +0.00000000e+00 -5.22914897e-03 +6.04020142e+05 +1.30918838e+05  +2.75795996e+03 +7.37686726e+02  +2.92597742e+05 +4.69826105e+04    +2.00797784e-02 -5.95913228e-02  -2.36147700e+01 +1.10722438e+02  -1.02526151e-02 +5.28346946e-03 
-7.67139420e-03 +0.00000000e+00 +2.26929748e-03 +1.36111683e+05 -3.10224109e+04  +5.40078463e+02 -1.59935545e+02  -5.59607149e+05 -9.83497927e+04    +2.56035570e-02 -1.62315963e-01  -4.17355817e+01 +2.50642996e+02  +4.19341484e-02 -2.02939843e-01 
-2.23532399e-03 +0.00000000e+00 +7.68136229e-03 -1.03121753e+07 -7.46216503e+05  +3.91099456e+04 -3.61756530e+03  +2.59175282e+06 +3.75969738e+05    +4.22293613e-01 -3.40999012e+00  -5.46840586e+01 +7.03284290e+02  -2.32921151e-01 +7.86617782e+00 
+5.25589279e-03 +0.00000000e+00 +6.03121803e-03 +1.14712618e+06 +2.11329334e+05  -2.12423223e+03 -4.47787962e+01  -8.91131020e+05 -2.26003319e+04    -5.15130012e-02 +3.63490275e-01  +4.76311214e+01 -4.00856948e+02  -5.32162272e-02 +8.34928820e-01 
+7.91486597e-03 +0.00000000e+00 -1.16400027e-03 -5.14866976e+05 -7.57696852e+04  +1.94136875e+03 +4.28559423e+02  -2.42008317e+05 -6.92303543e+04    +2.96604074e-02 -1.25224844e-01  +3.55498875e+01 -1.85119161e+02  +5.86755285e-02 -1.86721489e-01 
+3.29694788e-03 +0.00000000e+00 -7.28904210e-03 -3.76856502e+05 -8.91236804e+04  -3.36610883e+03 -9.33569263e+02  +6.20377404e+05 +1.32929202e+05    -1.76219034e-02 +8.62019345e-02  +1.22954812e+01 -5.53412019e+01  -4.99724374e-03 +2.60603895e-02 
-4.35216889e-03 +0.00000000e+00 -6.71257223e-03 +4.77579869e+05 +1.10505159e+05  +2.23296541e+03 +5.77786379e+02  +5.24307037e+05 +1.06941631e+05    +1.26855265e-02 -2.56892727e-02  -1.63522830e+01 +7.44268922e+01  +1.38839877e-03 -2.76922055e-02 
-7.99992165e-03 +0.00000000e+00 +3.54055839e-05 +4.14137237e+05 +4.32492589e+04  -2.56122704e+02 -7.58375068e+01  -3.66788236e+05 -8.75304615e+04    -4.37311660e-03 +1.28064868e-02  -3.79518037e+01 +2.06102659e+02  +2.22950047e-02 -1.28129952e-01 
-4.29258334e-03 +0.00000000e+00 +6.75083167e-03 -2.22097448e+06 -2.90806291e+05  -5.94798917e+03 -1.03714858e+03  -9.80018196e+05 +2.18682182e+04    +4.16818919e-02 +7.21092076e-01  -4.98307990e+01 +4.79628479e+02  +8.00123736e-02 -5.38492146e-01 
+3.36133629e-03 +0.00000000e+00 +7.25957425e-03 +4.38706398e+06 +4.25753583e+05  -5.90932566e+03 -7.97808843e+02  -7.24165393e+05 +9.56822315e+04    +4.50314748e-02 -3.77412393e-01  +5.24872305e+01 -5.77370988e+02  -3.32523688e-02 +2.99486533e-01 
+7.92485885e-03 +0.00000000e+00 +1.09389775e-03 -2.98712845e+05 -9.86375867e+03  +1.10020779e+03 +3.09893793e+02  -4.63649790e+05 -9.63365030e+04    -1.37809542e-03 -3.89953705e-03  +3.98983836e+01 -2.26238462e+02  +5.41592523e-02 -1.33151162e-01 
+5.20230272e-03 +0.00000000e+00 -6.07750330e-03 -5.47366606e+05 -1.23289367e+05  +1.73053050e+03 +4.24131705e+02  +4.22938293e+05 +8.01720950e+04    +4.02955517e-02 -1.32963742e-01  +1.98953654e+01 -9.16648510e+01  +2.69119701e-02 -8.98709480e-02 
-2.30322653e-03 +0.00000000e+00 -7.66127584e-03 +2.68800997e+05 +6.43499785e+04  +5.96721992e+02 +1.67566008e+02  +6.90028359e+05 +1.52066452e+05    +4.60443372e-04 +2.77849519e-02  -8.47068315e+00 +3.78995535e+01  +1.39172173e-04 -9.61114774e-03 
-7.69117994e-03 +0.00000000e+00 -2.20130670e-03 +5.75995960e+05 +9.89851482e+04  -1.63023541e+03 -3.62276398e+02  -1.20153053e+05 -4.69660518e+04    -1.72148453e-02 +8.53026154e-02  -3.30673178e+01 +1.66912116e+02  +2.33437617e-02 -1.39212315e-01 
-6.00789797e-03 +0.00000000e+00 +5.28253367e-03 -6.40294395e+05 -1.60191689e+05  +6.86041986e+02 -1.10097864e+02  -7.98499295e+05 -5.17522924e+04    +3.93479371e-02 -3.12090694e-01  -4.61196369e+01 +3.51177601e+02  +1.14730668e-02 +5.87304671e-02 
+1.19901768e-03 +0.00000000e+00 +7.90963695e-03 +1.48382752e+07 +9.60317947e+05  -1.18409144e+04 -6.14219812e+02  +1.63682816e+07 +1.21734058e+06    +1.63767473e-01 -1.64992081e+00  +4.40044875e+01 -6.20397813e+02  -4.62210700e-03 +2.62959851e-01 
+7.30356201e-03 +0.00000000e+00 +3.26465649e-03 +4.38190850e+04 +7.01909800e+04  +5.20842670e+02 +4.09025672e+02  -6.33925761e+05 -9.23983951e+04    -2.93665805e-02 +5.98115610e-02  +4.32849958e+01 -2.75969555e+02  +4.87368621e-02 -8.24940617e-02 
+6.69324511e-03 +0.00000000e+00 -4.38183408e-03 -6.22845060e+05 -1.28771577e+05  +2.74790677e+03 +7.35969379e+02  +1.62349950e+05 +1.50019905e+04    +5.10722450e-02 -1.79880309e-01  +2.68500697e+01 -1.28177573e+02  +4.49108356e-02 -1.33094382e-01 
-7.08104743e-05 +0.00000000e+00 -7.99968661e-03 +1.04953916e+04 +2.60730838e+03  +1.41264545e+03 +3.90832220e+02  +7.46950317e+05 +1.67816713e+05    +4.54223307e-03 +1.18010263e-02  -2.68722409e-01 +1.17645525e+00  +6.50809769e-04 -3.24008593e-03 
-6.76976323e-03 +0.00000000e+00 -4.26266416e-03 +6.26872226e+05 +1.28828998e+05  +2.65707502e+00 +8.69571949e+01  +1.47410399e+05 +1.15696203e+04    -1.76348845e-03 +2.74473363e-02  -2.71798422e+01 +1.30147096e+02  -3.18031638e-03 -3.25726321e-02 
-7.24462690e-03 +0.00000000e+00 +3.39343206e-03 -6.27893830e+04 -7.42904815e+04  -1.16467209e+02 -2.72056697e+02  -6.39969428e+05 -8.99766130e+04    +3.76421035e-02 -2.22583627e-01  -4.33581846e+01 +2.78965913e+02  +3.52278403e-02 -1.39915791e-01 
-1.05881400e-03 +0.00000000e+00 +7.92962249e-03 -1.40219985e+07 -9.17403775e+05  -1.76983456e+04 -7.16251041e+03  +1.87639755e+07 +1.36974142e+06    +2.87633816e-01 +1.39334734e+00  -4.06748094e+01 +5.70667394e+02  +1.62098222e-02 -2.36727154e-01 
+6.10046760e-03 +0.00000000e+00 +5.17535458e-03 +5.90115179e+05 +1.55637119e+05  -8.99758791e+02 +3.50407197e+02  -7.83578172e+05 -5.34559585e+04    -5.57687861e-02 +1.73972331e-01  +4.59678814e+01 -3.45717448e+02  +2.50639423e-02 +1.08317195e-02 
+7.65100743e-03 +0.00000000e+00 -2.33711047e-03 -5.81061734e+05 -1.01283713e+05  +1.02138766e+03 +2.14276922e+02  -1.04797741e+05 -4.39836263e+04    +2.99302035e-02 -1.06273377e-01  +3.27961620e+01 -1.64858191e+02  +3.61853135e-02 -9.67925319e-02 
+2.16724631e-03 +0.00000000e+00 -7.70084693e-03 -2.55263332e+05 -6.12633921e+04  -2.88714515e+03 -7.77669060e+02  +6.94218881e+05 +1.53245095e+05    -2.00404459e-02 +9.88819529e-02  +8.01717326e+00 -3.58225597e+01  -2.45899513e-03 +1.51065515e-02 
-5.30907107e-03 +0.00000000e+00 -5.98446024e-03 +5.54929220e+05 +1.24524899e+05  +3.12706363e+03 +8.00444826e+02  +4.09024809e+05 +7.65762039e+04    +1.92958892e-02 -5.21583792e-02  -2.02830681e+01 +9.36459501e+01  -2.29147110e-03 -1.99884539e-02 
