# scuff-scatter run on pekka-pc (09/25/15::22:31:27)
# columns: 
# 1,2,3   x,y,z (evaluation point coordinates)
# 4,5     real, imag Ex
# 6,7     real, imag Ey
# 8,9     real, imag Ez
# 10,11   real, imag Hx
# 12,13   real, imag Hy
# 14,15   real, imag Hz
+0.00000000e+00 +0.00000000e+00 +8.00000000e-03 -1.13544043e+05 -1.33123642e+03  -8.64542736e+04 -1.72747722e+03  +1.95421227e+07 +4.91985915e+05    +4.93845050e-02 -1.91725076e+00  +1.33380998e-03 -8.28358215e-02  -1.24247663e-04 +3.32578884e-02 
+6.73176788e-03 +0.00000000e+00 +4.32241845e-03 -5.45932100e+03 +7.35498389e+03  -6.71690577e+02 +6.14240399e+00  -3.93450004e+05 -1.27356137e+04    -1.63190349e-03 +5.51276942e-03  +4.93067985e+00 -1.29179894e+02  -5.43234725e-04 +4.87359592e-02 
+7.27437941e-03 +0.00000000e+00 -3.32917469e-03 -2.50365741e+05 -1.20809031e+04  +3.81198720e+02 +2.50947155e+01  +4.55444578e+04 +3.40987448e+02    +1.95137868e-03 -3.10216325e-02  +2.49666975e+00 -4.86622222e+01  +1.75826996e-03 -2.36527356e-02 
+1.12896006e-03 +0.00000000e+00 -7.91993997e-03 -4.42256559e+04 -2.67681330e+03  -2.98069751e+02 -2.13730948e+01  +2.66019033e+05 +1.49566159e+04    -1.29861751e-03 +1.81776463e-02  +3.16683673e-01 -5.60730949e+00  -3.43973011e-05 -4.14994043e-04 
-6.05441996e-03 +0.00000000e+00 -5.22914897e-03 +2.22688774e+05 +1.20480230e+04  +8.06614692e+02 +5.38830913e+01  +1.35803742e+05 +5.89059191e+03    +7.48032655e-04 -1.60251286e-02  -1.88554182e+00 +3.52469591e+01  +1.37004134e-04 -3.72710973e-03 
-7.67139420e-03 +0.00000000e+00 +2.26929748e-03 +1.61567187e+05 +1.59592465e+03  +6.85431916e+02 +7.89005206e+00  -2.36925289e+05 -1.08263798e+04    +2.63626110e-03 -6.21910329e-02  -4.10432031e+00 +9.61711224e+01  +4.13448115e-03 -4.80383108e-02 
-2.23532399e-03 +0.00000000e+00 +7.68136229e-03 -6.81108921e+06 -1.66654316e+05  +4.94755152e+04 -1.87381314e+02  +1.21677523e+06 +5.23812561e+04    +6.33872013e-02 -1.35567048e+00  -9.75204210e+00 +3.84195384e+02  -6.08709552e-02 +5.51164362e+00 
+5.25589279e-03 +0.00000000e+00 +6.03121803e-03 +4.54339431e+05 +2.36267999e+04  -1.23487351e+03 -4.96584426e+01  -6.59681577e+05 -1.37516260e+04    -3.02850770e-03 +2.07271617e-01  +6.15220880e+00 -1.85768046e+02  -1.23140760e-02 +4.55566111e-01 
+7.91486597e-03 +0.00000000e+00 -1.16400027e-03 -2.48492645e+05 -9.82296834e+03  +6.70403317e+02 +3.86000152e+01  -5.65228418e+04 -4.89776724e+03    +2.09632455e-03 -3.75911131e-02  +3.10405186e+00 -6.41263960e+01  +2.88891940e-03 -3.89126502e-02 
+3.29694788e-03 +0.00000000e+00 -7.28904210e-03 -1.28008689e+05 -7.58101116e+03  -9.26984541e+02 -6.61749900e+01  +2.33581348e+05 +1.25949037e+04    -1.64818349e-03 +2.31566186e-02  +9.47946940e-01 -1.69864048e+01  -5.50665435e-04 +6.68244838e-03 
-4.35216889e-03 +0.00000000e+00 -6.71257223e-03 +1.65763254e+05 +9.58846937e+03  +6.90391604e+02 +4.39837881e+01  +2.05911032e+05 +1.06279194e+04    +1.79870040e-04 -6.05799051e-03  -1.27263860e+00 +2.30948261e+01  +5.99064498e-04 -1.07776701e-02 
-7.99992165e-03 +0.00000000e+00 +3.54055839e-05 +2.31397954e+05 +7.60641845e+03  -2.03836214e+01 -6.27350122e+00  -1.15199317e+05 -7.33179139e+03    -3.06343331e-04 +6.56898694e-04  -3.43227581e+00 +7.37087897e+01  +2.70032892e-03 -3.13558957e-02 
-4.29258334e-03 +0.00000000e+00 +6.75083167e-03 -1.14016889e+06 -4.20143542e+04  -1.42851298e+03 -1.80996351e+02  -8.46127562e+05 -1.29188304e+04    +2.20678119e-03 +7.38387522e-01  -7.14201370e+00 +2.35895882e+02  +1.10741285e-02 -1.67879778e-01 
+3.36133629e-03 +0.00000000e+00 +7.25957425e-03 +2.60730737e+06 +7.70049367e+04  -2.51851109e+03 -1.31011330e+02  -8.27975930e+05 -5.74135176e+03    +1.01197249e-02 -9.44768101e-02  +8.33951531e+00 -2.98936907e+02  -5.66933072e-03 +1.16005586e-01 
+7.92485885e-03 +0.00000000e+00 +1.09389775e-03 -2.06216078e+05 -5.09906624e+03  +2.86235340e+02 +2.13911979e+01  -1.69921548e+05 -9.15571851e+03    +1.42326696e-04 -3.71141290e-03  +3.74211483e+00 -8.34376603e+01  +1.91230864e-03 -1.38973233e-02 
+5.20230272e-03 +0.00000000e+00 -6.07750330e-03 -1.94870313e+05 -1.09633799e+04  +5.40935405e+02 +3.49878339e+01  +1.75973535e+05 +8.55333751e+03    +2.07831419e-03 -3.00567947e-02  +1.56512735e+00 -2.87268363e+01  +1.35157182e-03 -2.14762511e-02 
-2.30322653e-03 +0.00000000e+00 -7.66127584e-03 +9.02170227e+04 +5.41413662e+03  +1.80284880e+02 +1.14387022e+01  +2.53208713e+05 +1.40193528e+04    -7.25254325e-04 +9.56684011e-03  -6.49519801e-01 +1.15871329e+01  +2.26525280e-04 -3.38830441e-03 
-7.69117994e-03 +0.00000000e+00 -2.20130670e-03 +2.53720093e+05 +1.11914770e+04  -5.37316269e+02 -3.28294378e+01  -6.51232202e+03 -2.46720817e+03    -1.56323923e-03 +2.40311117e-02  -2.81158965e+00 +5.64539707e+01  +2.70476089e-03 -4.04791161e-02 
-6.00789797e-03 +0.00000000e+00 +5.28253367e-03 -1.68118579e+05 -1.42172332e+04  +8.49467765e+02 +1.52069028e+00  -5.16941367e+05 -1.34659902e+04    +5.87668642e-03 -1.20301204e-01  -5.49910041e+00 +1.54949877e+02  +1.43969595e-03 +9.70638284e-02 
+1.19901768e-03 +0.00000000e+00 +7.90963695e-03 +1.00698671e+07 +2.37410949e+05  -9.89288013e+03 -4.76437922e+01  +1.07791849e+07 +2.63018983e+05    +2.37543737e-02 -7.94683688e-01  +8.51466250e+00 -3.47176829e+02  +1.09292155e-03 +2.23765114e-01 
+7.30356201e-03 +0.00000000e+00 +3.26465649e-03 -1.02752142e+05 +2.23393527e+03  -2.84679330e+02 +1.01786992e+01  -3.03797054e+05 -1.19569310e+04    -9.67750587e-04 -2.94371812e-03  +4.47181444e+00 -1.10023500e+02  +9.52118212e-04 +6.57866760e-03 
+6.69324511e-03 +0.00000000e+00 -4.38183408e-03 -2.39242986e+05 -1.23589890e+04  +7.92475009e+02 +5.35305699e+01  +9.42750043e+04 +3.24089854e+03    +2.86389110e-03 -4.34461012e-02  +2.17724323e+00 -4.14080446e+01  +1.97674734e-03 -2.41441017e-02 
-7.08104743e-05 +0.00000000e+00 -7.99968661e-03 +3.39299104e+03 +2.10711982e+02  +4.09470157e+02 +2.76800390e+01  +2.69211765e+05 +1.51886234e+04    -4.42824895e-04 +5.47570761e-03  -1.99616415e-02 +3.60830351e-01  +5.44535135e-05 -1.08505402e-03 
-6.76976323e-03 +0.00000000e+00 -4.26266416e-03 +2.41960430e+05 +1.24286431e+04  -9.37164825e+01 -1.40883610e+00  +8.91103598e+04 +2.93617655e+03    -7.02889501e-04 +7.60025685e-03  -2.20946617e+00 +4.21704768e+01  +8.29074101e-04 -1.49692432e-02 
-7.24462690e-03 +0.00000000e+00 +3.39343206e-03 +9.61694715e+04 -2.62708783e+03  +4.31009991e+02 -6.00464780e+00  -3.13071799e+05 -1.20116747e+04    +3.88235876e-03 -7.88170962e-02  -4.51217801e+00 +1.11876949e+02  +3.36958712e-03 -1.39649819e-02 
-1.05881400e-03 +0.00000000e+00 +7.92962249e-03 -9.45281679e+06 -2.28062437e+05  +5.36580418e+03 -5.79290621e+02  +1.23861755e+07 +3.03501585e+05    +2.14149636e-02 +1.98901021e+00  -7.87684845e+00 +3.18465135e+02  -2.99535203e-03 -1.99207368e-01 
+6.10046760e-03 +0.00000000e+00 +5.17535458e-03 +1.39302716e+05 +1.32668761e+04  -1.17539226e+03 -1.79035642e+01  -5.00693239e+05 -1.33354548e+04    -2.57797464e-03 +4.53268755e-02  +5.42915105e+00 -1.51526783e+02  -1.46402045e-03 +1.68296958e-02 
+7.65100743e-03 +0.00000000e+00 -2.33711047e-03 -2.53591958e+05 -1.13105804e+04  +3.79568592e+02 +2.03173330e+01  -4.09171114e+02 -2.15987518e+03    +1.78899656e-03 -2.59435698e-02  +2.77914089e+00 -5.55553551e+01  +1.31812253e-03 -1.42679543e-02 
+2.16724631e-03 +0.00000000e+00 -7.70084693e-03 -8.54179440e+04 -5.14153988e+03  -8.20742404e+02 -5.73394727e+01  +2.54383813e+05 +1.41068091e+04    -1.88849482e-03 +2.64343321e-02  +6.14293995e-01 -1.09204947e+01  -3.15470925e-04 +3.94138210e-03 
-5.30907107e-03 +0.00000000e+00 -5.98446024e-03 +1.98270711e+05 +1.11100178e+04  +9.68393777e+02 +6.16128821e+01  +1.71700531e+05 +8.26936102e+03    +6.37483806e-04 -1.27445720e-02  -1.59822980e+00 +2.94207914e+01  +5.15458179e-04 -9.99057881e-03 
