# scuff-scatter run on pekka-pc (09/25/15::22:23:49)
# columns: 
# 1,2,3   x,y,z (evaluation point coordinates)
# 4,5     real, imag Ex
# 6,7     real, imag Ey
# 8,9     real, imag Ez
# 10,11   real, imag Hx
# 12,13   real, imag Hy
# 14,15   real, imag Hz
+0.00000000e+00 +0.00000000e+00 +8.00000000e-03 -9.88759763e+04 -6.40554794e+01  -6.72918839e+04 -8.44187294e+01  +1.34916474e+07 +2.98917390e+04    +5.66180713e-04 -3.68068667e-01  +2.95712449e-04 +1.31620337e-02  -7.59738403e-06 +7.93944713e-03 
+6.73176788e-03 +0.00000000e+00 +4.32241845e-03 -5.52302197e+04 +8.09300925e+01  -6.08132996e+02 -7.70368542e-01  -2.49344458e+05 -6.42452334e+02    -4.18041839e-05 -1.07287905e-03  +5.51712306e-02 -2.01471125e+01  +2.36717694e-06 +8.94677659e-03 
+7.27437941e-03 +0.00000000e+00 -3.32917469e-03 -1.34262599e+05 -4.36601429e+02  +1.64229482e+02 +7.22376365e-01  +3.61317065e+04 +6.26361594e+01    +1.23895060e-05 -3.77207316e-03  +2.20924101e-02 -6.58859825e+00  +1.13128903e-05 -2.40735444e-03 
+1.12896006e-03 +0.00000000e+00 -7.91993997e-03 -2.07959515e+04 -7.99980241e+01  -1.20527180e+02 -5.63039141e-01  +1.32101943e+05 +4.72433724e+02    -1.14280552e-05 +1.70907916e-03  +2.58719059e-03 -7.19426821e-01  +7.79165235e-07 -2.02436350e-04 
-6.05441996e-03 +0.00000000e+00 -5.22914897e-03 +1.12171006e+05 +3.96040859e+02  +3.47437127e+02 +1.50372954e+00  +7.74802285e+04 +2.29188495e+02    +4.57047041e-06 -2.63594308e-03  -1.61008576e-02 +4.66625982e+00  +5.00936290e-06 -3.18447280e-04 
-7.67139420e-03 +0.00000000e+00 +2.26929748e-03 +1.26201968e+05 +2.24000762e+02  +5.26904289e+02 +9.47356400e-01  -1.28755808e+05 -4.21011141e+02    +2.97201627e-05 -9.33690101e-03  -4.21253575e-02 +1.42771349e+01  +3.45357617e-05 -2.85309667e-03 
-2.23532399e-03 +0.00000000e+00 +7.68136229e-03 -4.79405915e+06 -9.80015303e+03  +4.93856989e+04 +1.20424458e+01  +6.68424545e+05 +2.23030083e+03    +8.16861280e-04 -1.75846258e-01  -1.45456489e-01 +6.93239860e+01  -1.00527315e-03 +1.21724621e+00 
+5.25589279e-03 +0.00000000e+00 +6.03121803e-03 +2.24837614e+05 +8.57287459e+02  -6.68260497e+02 -2.44575786e+00  -4.75731127e+05 -9.60004539e+02    -1.56812860e-04 +4.63804875e-02  +7.65400392e-02 -3.06508230e+01  -2.97836963e-04 +8.28069077e-02 
+7.91486597e-03 +0.00000000e+00 -1.16400027e-03 -1.46063071e+05 -4.17782153e+02  +3.10626383e+02 +1.29699683e+00  -1.61393105e+04 -1.21040832e+02    +1.60927094e-05 -5.05356588e-03  +2.88146858e-02 -8.95091485e+00  +2.40736660e-05 -3.99494936e-03 
+3.29694788e-03 +0.00000000e+00 -7.28904210e-03 -6.10340808e+04 -2.30845360e+02  -3.80875256e+02 -1.72146327e+00  +1.18974349e+05 +4.11542759e+02    -1.23695614e-05 +2.37191231e-03  +7.81951168e-03 -2.19523317e+00  -5.13664153e-06 +5.68089834e-04 
-4.35216889e-03 +0.00000000e+00 -6.71257223e-03 +8.02206101e+04 +2.97855219e+02  +3.12215553e+02 +1.26010922e+00  +1.07554374e+05 +3.59757201e+02    -1.25616214e-07 -1.34094196e-03  -1.05967568e-02 +3.00757067e+00  +6.37571632e-06 -1.28098455e-03 
-7.99992165e-03 +0.00000000e+00 +3.54055839e-05 +1.45643910e+05 +3.75661689e+02  +2.79393422e+01 -1.23501182e-01  -4.95328628e+04 -2.23036907e+02    +2.88154780e-07 -3.75309889e-04  -3.28597712e-02 +1.04935726e+01  +2.52066420e-05 -1.56033619e-03 
-4.29258334e-03 +0.00000000e+00 +6.75083167e-03 -6.90191409e+05 -1.90648677e+03  +4.18990651e+02 -7.23271988e+00  -6.49131437e+05 -1.13931249e+03    -1.56561478e-04 +1.92032950e-01  -9.46670567e-02 +4.02058308e+01  +5.29547801e-06 -1.35899025e-02 
+3.36133629e-03 +0.00000000e+00 +7.25957425e-03 +1.72498563e+06 +4.04081045e+03  -1.20469571e+03 -5.02972097e+00  -6.91297743e+05 -9.86499793e+02    +1.95500601e-04 +2.67374066e-03  +1.17175032e-01 -5.23521956e+01  -4.28955437e-05 +1.54287696e-02 
+7.92485885e-03 +0.00000000e+00 +1.09389775e-03 -1.40606455e+05 -3.18909308e+02  +1.00409975e+02 +6.17671112e-01  -8.34233467e+04 -3.14803740e+02    +2.69350277e-06 -5.82517495e-04  +3.69399827e-02 -1.20971026e+01  +6.16687647e-06 -1.23683216e-04 
+5.20230272e-03 +0.00000000e+00 -6.07750330e-03 -9.59164489e+04 -3.48720834e+02  +2.30558088e+02 +1.06633561e+00  +9.49614953e+04 +3.03838401e+02    +1.51046956e-05 -3.30887673e-03  +1.31709536e-02 -3.76358201e+00  +1.38090103e-05 -2.60296907e-03 
-2.30322653e-03 +0.00000000e+00 -7.66127584e-03 +4.26552224e+04 +1.63001032e+02  +8.38202988e+01 +3.18425231e-01  +1.26928563e+05 +4.48417355e+02    -7.93322103e-06 +6.70471466e-04  -5.32868229e-03 +1.49462716e+00  +2.44454351e-06 -2.99765162e-04 
-7.69117994e-03 +0.00000000e+00 -2.20130670e-03 +1.42163184e+05 +4.35335019e+02  -2.41317307e+02 -1.01985949e+00  +1.02019421e+04 -3.15960843e+01    -8.79024928e-06 +2.54252802e-03  -2.54845113e-02 +7.76628813e+00  +2.57560735e-05 -3.90284354e-03 
-6.00789797e-03 +0.00000000e+00 +5.28253367e-03 -4.48677242e+04 -3.85852445e+02  +7.70011079e+02 +6.15897634e-01  -3.51725212e+05 -7.97833967e+02    +1.32279906e-04 -1.53040219e-02  -6.49775622e-02 +2.48997546e+01  -5.04774402e-05 +2.79872200e-02 
+1.19901768e-03 +0.00000000e+00 +7.90963695e-03 +7.12334350e+06 +1.46956862e+04  -9.60100935e+03 -1.31028488e-01  +7.61231497e+06 +1.52991518e+04    +2.58400386e-04 -1.43951948e-01  +1.32282408e-01 -6.30379480e+01  -1.51163303e-05 +6.45881595e-02 
+7.30356201e-03 +0.00000000e+00 +3.26465649e-03 -1.02510204e+05 -1.04294986e+02  -2.96010668e+02 -3.25233726e-01  -1.77841994e+05 -5.20461044e+02    -5.31179744e-06 -2.24009215e-03  +4.76817681e-02 -1.66991318e+01  +1.26286748e-06 +2.42688613e-03 
+6.69324511e-03 +0.00000000e+00 -4.38183408e-03 -1.23717031e+05 -4.22159515e+02  +3.34218050e+02 +1.50346811e+00  +5.89546552e+04 +1.52128455e+02    +1.77762450e-05 -5.02075453e-03  +1.88775030e-02 -5.53265951e+00  +1.27607774e-05 -2.11569537e-03 
-7.08104743e-05 +0.00000000e+00 -7.99968661e-03 +1.56630871e+03 +6.16947475e+00  +1.77936245e+02 +7.50295958e-01  +1.33412923e+05 +4.78338916e+02    -4.51490409e-06 +2.26475238e-04  -1.62309103e-04 +4.73302792e-02  +1.55776468e-06 -1.56144882e-04 
-6.76976323e-03 +0.00000000e+00 -4.26266416e-03 +1.25508668e+05 +4.26569089e+02  -6.21017057e+01 -1.79664340e-01  +5.65095884e+04 +1.42705580e+02    -5.99066046e-06 +2.28057056e-04  -1.91997576e-02 +5.64660445e+00  +1.32915631e-05 -1.54413238e-03 
-7.24462690e-03 +0.00000000e+00 +3.39343206e-03 +9.95702452e+04 +9.17624225e+01  +4.09464541e+02 +4.32848476e-01  -1.85358367e+05 -5.33075613e+02    +4.67551952e-05 -1.07873545e-02  -4.83876815e-02 +1.70403715e+01  +3.72820276e-05 +3.98890057e-03 
-1.05881400e-03 +0.00000000e+00 +7.92962249e-03 -6.61807583e+06 -1.41607295e+04  +8.09528270e+03 +8.50627559e+00  +8.70854304e+06 +1.78876188e+04    -8.21041707e-06 +5.43046529e-01  -1.22432330e-01 +5.76114283e+01  -1.11311487e-04 -6.81878948e-02 
+6.10046760e-03 +0.00000000e+00 +5.17535458e-03 +2.69294656e+04 +3.37426777e+02  -8.52780899e+02 -1.86264388e+00  -3.38291584e+05 -7.78301470e+02    -1.59693819e-04 +7.71291302e-03  +6.37154408e-02 -2.42546768e+01  -6.30101287e-05 -7.25508987e-04 
+7.65100743e-03 +0.00000000e+00 -2.33711047e-03 -1.41353257e+05 -4.36028384e+02  +1.85199114e+02 +7.25398238e-01  +1.33681383e+04 -2.06857697e+01    +1.37856058e-05 -2.93707836e-03  +2.51104617e-02 -7.62344936e+00  +6.24641487e-06 -9.33238989e-04 
+2.16724631e-03 +0.00000000e+00 -7.70084693e-03 -4.02997421e+04 -1.54432460e+02  -3.42337488e+02 -1.53131794e+00  +1.27399157e+05 +4.50615452e+02    -1.52177547e-05 +2.63135183e-03  +5.03424474e-03 -1.40470328e+00  -2.41029405e-06 +3.02879047e-04 
-5.30907107e-03 +0.00000000e+00 -5.98446024e-03 +9.78307804e+04 +3.54558746e+02  +4.36195978e+02 +1.77691911e+00  +9.30938332e+04 +2.95954090e+02    +3.20518094e-06 -2.07630967e-03  -1.34709228e-02 +3.86206846e+00  +7.26758537e-06 -1.20338494e-03 
