# scuff-scatter run on pekka-pc (09/25/15::22:37:51)
# columns: 
# 1,2,3   x,y,z (evaluation point coordinates)
# 4,5     real, imag Ex
# 6,7     real, imag Ey
# 8,9     real, imag Ez
# 10,11   real, imag Hx
# 12,13   real, imag Hy
# 14,15   real, imag Hz
+0.00000000e+00 +0.00000000e+00 +8.00000000e-03 -7.53141671e+04 -3.94837223e+02  -3.53492424e+04 -6.23115094e+02  -4.78532217e+06 +9.25373200e+05    -6.89393459e-02 -2.06518182e+00  +1.98255175e-01 +2.72008858e+00  -4.54456609e-04 +3.19568672e-02 
+6.73176788e-03 +0.00000000e+00 +4.32241845e-03 +2.72867600e+04 -7.98193309e+03  -1.34979535e+02 -1.13559952e+01  +3.96083909e+04 -1.01844189e+04    -1.50419711e-04 -4.38241777e-03  +5.11856442e+00 +2.03057304e+01  +1.59335032e-03 +1.80820824e-02 
+7.27437941e-03 +0.00000000e+00 -3.32917469e-03 +1.64959668e+04 -3.92096330e+03  -1.24706552e+01 +1.72543361e+00  -8.50295528e+03 +2.14547228e+03    +8.85355663e-04 +3.78906519e-03  +1.18048113e+00 +5.12488627e+00  +6.71112154e-04 +4.57544762e-03 
+1.12896006e-03 +0.00000000e+00 -7.91993997e-03 +1.93919432e+03 -4.17037444e+02  -2.48260736e+00 -2.30655728e-01  -1.48958776e+04 +3.27721430e+03    +6.87891468e-04 +2.88761184e-03  +1.11378400e-01 +5.07313537e-01  +1.40450054e-04 -2.98903329e-04 
-6.05441996e-03 +0.00000000e+00 -5.22914897e-03 -1.21262804e+04 +2.76725883e+03  -7.06823498e+00 +2.99605247e+00  -1.16020201e+04 +2.74777310e+03    +1.10887436e-03 +1.64948946e-04  -7.91868060e-01 -3.50449827e+00  -5.48669065e-04 -7.45858917e-04 
-7.67139420e-03 +0.00000000e+00 +2.26929748e-03 -2.81993956e+04 +7.61726795e+03  +2.47623896e+01 +1.54613766e+01  +1.33520009e+04 -3.18392267e+03    +1.48438473e-03 -1.36104401e-03  -3.21651041e+00 -1.31012895e+01  -2.59731310e-03 +4.35507055e-03 
-2.23532399e-03 +0.00000000e+00 +7.68136229e-03 +9.08760447e+05 -2.74333965e+05  +2.28221641e+04 +2.24336836e+03  -1.09249920e+05 +1.43233599e+04    -2.19432456e-05 +3.06092073e-01  -2.53575302e+01 -9.04240944e+01  -2.82552153e-01 +2.74640972e+00 
+5.25589279e-03 +0.00000000e+00 +6.03121803e-03 -1.06139042e+04 +1.26449516e+03  -2.00203548e+02 +2.68028838e+01  +9.84312160e+04 -2.70089253e+04    -1.37167439e-02 +1.02288997e-01  +8.96483474e+00 +3.46463780e+01  -9.66434317e-03 +1.25066259e-01 
+7.91486597e-03 +0.00000000e+00 -1.16400027e-03 +2.12593004e+04 -5.29655446e+03  -2.72404471e+01 +2.80871984e+00  -3.36069469e+03 +1.01216956e+03    +1.10411581e-03 +2.07622599e-03  +1.73044546e+00 +7.34790146e+00  +1.00388350e-03 +7.20246026e-03 
+3.29694788e-03 +0.00000000e+00 -7.28904210e-03 +5.86809798e+03 -1.27931274e+03  -7.49314058e+00 -2.06579594e+00  -1.41927383e+04 +3.17698050e+03    +5.64398038e-04 +4.23195569e-03  +3.48288381e-01 +1.57442983e+00  +2.21269304e-04 +6.99581550e-04 
-4.35216889e-03 +0.00000000e+00 -6.71257223e-03 -8.00034043e+03 +1.76424353e+03  -3.17405648e+00 +3.44712488e+00  -1.35186621e+04 +3.07525411e+03    +9.85831963e-04 +1.13658677e-03  -4.89588967e-01 -2.19925121e+00  -2.10752680e-04 -1.46595001e-03 
-7.99992165e-03 +0.00000000e+00 +3.54055839e-05 -2.38087457e+04 +6.10759623e+03  +3.54917821e+00 +3.56816778e+00  +8.14744211e+02 +2.47974767e+01    +6.56463489e-04 +3.00085500e-03  -2.13313793e+00 -8.91944152e+00  -1.98199894e-03 +5.87146246e-03 
-4.29258334e-03 +0.00000000e+00 +6.75083167e-03 +1.01133056e+05 -2.49031454e+04  +1.10732270e+03 +1.48554580e+02  +1.56726164e+05 -4.32597841e+04    -5.61754727e-02 +5.82706706e-01  -1.27670460e+01 -4.82465591e+01  -1.09022395e-02 +2.61051120e-02 
+3.36133629e-03 +0.00000000e+00 +7.25957425e-03 -3.15239431e+05 +8.43320046e+04  -5.55915831e+02 +6.87171773e+01  +2.06836518e+05 -5.58095793e+04    -1.39854516e-02 +8.57574650e-02  +1.78493798e+01 +6.66678877e+01  +9.25323291e-03 +8.95182759e-02 
+7.92485885e-03 +0.00000000e+00 +1.09389775e-03 +2.61606077e+04 -6.84706633e+03  -3.84942822e+01 +3.70165978e-01  +5.62824748e+03 -1.17876314e+03    +4.69078968e-04 +4.33068480e-03  +2.56686481e+00 +1.06158530e+01  +9.43781366e-04 +1.15758740e-02 
+5.20230272e-03 +0.00000000e+00 -6.07750330e-03 +9.89868830e+03 -2.21449401e+03  -2.70211767e+01 +1.37835575e+00  -1.27599936e+04 +2.95214883e+03    +7.56723125e-04 +5.46864059e-03  +6.19584513e-01 +2.76586035e+00  +5.39237216e-04 +1.64124064e-03 
-2.30322653e-03 +0.00000000e+00 -7.66127584e-03 -4.03907633e+03 +8.71501683e+02  -1.59143677e+00 +1.44057610e+00  -1.46161564e+04 +3.23722357e+03    +7.90725897e-04 +2.12274758e-03  -2.37711596e-01 -1.07813332e+00  -1.66386568e-04 -2.87482677e-04 
-7.69117994e-03 +0.00000000e+00 -2.20130670e-03 -1.89913476e+04 +4.62431919e+03  -6.94548831e+00 -5.54780458e-01  -6.09745206e+03 +1.62598266e+03    +5.59716228e-04 +2.73975046e-03  -1.45143178e+00 -6.22486345e+00  -1.01218130e-03 +1.05181723e-03 
-6.00789797e-03 +0.00000000e+00 +5.28253367e-03 -1.59851967e+04 +5.48525771e+03  +2.20318889e+02 +3.27203789e+01  +6.49760404e+04 -1.73123084e+04    +2.02016537e-04 +2.65195660e-02  -6.81405700e+00 -2.65566816e+01  -1.16450728e-02 +6.71439690e-02 
+1.19901768e-03 +0.00000000e+00 +7.90963695e-03 -2.00408171e+06 +4.67561977e+05  -1.03953288e+04 +2.39656282e+01  -1.27274853e+06 +4.28575495e+05    -2.70725474e-02 -7.46832501e-01  +2.52486981e+01 +1.05439060e+02  +2.28051347e-02 +7.29075662e-01 
+7.30356201e-03 +0.00000000e+00 +3.26465649e-03 +2.89468553e+04 -8.12827573e+03  -1.83721706e+01 -7.96148028e+00  +2.28453045e+04 -5.73186395e+03    +6.64274304e-04 -3.23769255e-03  +3.96213032e+00 +1.58887679e+01  +1.55421343e-03 +1.11024922e-02 
+6.69324511e-03 +0.00000000e+00 -4.38183408e-03 +1.41060283e+04 -3.28330749e+03  -1.36170750e+01 +2.46391788e+00  -1.03203333e+04 +2.51073218e+03    +9.19067930e-04 +4.22203587e-03  +9.58099857e-01 +4.20018587e+00  +4.30755032e-04 +5.04591320e-03 
-7.08104743e-05 +0.00000000e+00 -7.99968661e-03 -1.33815725e+02 +2.88833681e+01  -3.57516600e+00 +1.93684186e+00  -1.49516346e+04 +3.28911820e+03    +8.05615377e-04 +2.34012684e-03  -8.72081129e-03 -3.91491548e-02  +1.43820995e-05 -1.55413549e-04 
-6.76976323e-03 +0.00000000e+00 -4.26266416e-03 -1.43993942e+04 +3.35919587e+03  +7.38497206e-01 -2.59601353e-01  -1.01027126e+04 +2.46820621e+03    +8.82662699e-04 +5.86289793e-04  -9.86014174e-01 -4.31941903e+00  -6.66366305e-04 -1.98278092e-04 
-7.24462690e-03 +0.00000000e+00 +3.39343206e-03 -2.89514206e+04 +8.13732981e+03  +2.80430854e+01 +1.63761471e+01  +2.47755376e+04 -6.20734681e+03    +1.22574002e-03 +2.56454698e-03  -4.08651747e+00 -1.63794659e+01  -4.39833892e-03 +1.74772495e-02 
-1.05881400e-03 +0.00000000e+00 +7.92962249e-03 +2.21674642e+06 -4.54623288e+05  -3.81577527e+04 +4.43607489e+03  -1.84802183e+06 +5.17243082e+05    -2.49084911e-01 +8.56162957e-01  -2.34160379e+01 -1.02628866e+02  -6.05652611e-02 -1.26476726e+00 
+6.10046760e-03 +0.00000000e+00 +5.17535458e-03 +1.85929111e+04 -6.09090083e+03  -6.75933319e+01 -1.07181075e+01  +6.14404479e+04 -1.62799966e+04    -3.44176714e-03 +8.22287290e-03  +6.56745039e+00 +2.56838792e+01  +4.64240721e-03 -1.65256457e-02 
+7.65100743e-03 +0.00000000e+00 -2.33711047e-03 +1.86904353e+04 -4.53756292e+03  -2.26949921e+01 +2.45269802e+00  -6.46445112e+03 +1.70218634e+03    +7.68291918e-04 +5.08181641e-03  +1.41276044e+00 +6.07193907e+00  +5.30899293e-04 +7.61098306e-03 
+2.16724631e-03 +0.00000000e+00 -7.70084693e-03 +3.78385524e+03 -8.15928317e+02  -2.35639988e+00 -1.87483793e+00  -1.46615821e+04 +3.24202526e+03    +6.20196111e-04 +3.23320892e-03  +2.19767057e-01 +9.98352111e-01  +1.69575201e-04 +1.72210063e-04 
-5.30907107e-03 +0.00000000e+00 -5.98446024e-03 -1.01685016e+04 +2.27821921e+03  -4.09070980e+00 +4.48233410e+00  -1.26378814e+04 +2.92850433e+03    +1.01976834e-03 +1.12150516e-03  -6.41622565e-01 -2.86214548e+00  -3.07894479e-04 -1.72187149e-03 
