# scuff-scatter run on pekka-pc (09/25/15::22:33:35)
# columns: 
# 1,2,3   x,y,z (evaluation point coordinates)
# 4,5     real, imag Ex
# 6,7     real, imag Ey
# 8,9     real, imag Ez
# 10,11   real, imag Hx
# 12,13   real, imag Hy
# 14,15   real, imag Hz
+0.00000000e+00 +0.00000000e+00 +8.00000000e-03 -nan -nan  -nan -nan  -nan -nan    -nan -nan  -nan -nan  -nan -nan 
+6.73176788e-03 +0.00000000e+00 +4.32241845e-03 +1.96130680e+05 +1.87903727e+05  +7.25777705e+02 +8.88436641e+02  -8.44033185e+05 -1.01572062e+05    -8.03360133e-02 +1.53553895e-01  +6.68507554e+01 -4.16743612e+02  +7.69258897e-02 -2.55668679e-02 
+7.27437941e-03 +0.00000000e+00 -3.32917469e-03 -7.89049447e+05 -1.82126479e+05  +1.70326835e+03 +5.95777951e+02  +3.69804332e+04 -3.40388472e+04    +6.03709029e-02 -1.64233798e-01  +4.79307117e+01 -1.94189537e+02  +7.63593384e-02 -1.72302175e-01 
+1.12896006e-03 +0.00000000e+00 -7.91993997e-03 -1.72115101e+05 -5.16402457e+04  -1.38276065e+03 -4.57691405e+02  +9.56215075e+05 +2.62315461e+05    -9.27309605e-03 +7.54613247e-02  +6.69359307e+00 -2.43514492e+01  +1.58541174e-03 -1.22404168e-04 
-6.05441996e-03 +0.00000000e+00 -5.22914897e-03 +7.78053292e+05 +2.07195704e+05  +3.57493957e+03 +1.22295139e+03  +3.83437763e+05 +6.97860791e+04    +3.85372800e-02 -8.24697925e-02  -3.78594858e+01 +1.45864627e+02  -2.35633626e-02 +1.62699527e-02 
-7.67139420e-03 +0.00000000e+00 +2.26929748e-03 +2.33264398e+05 -6.09817929e+04  +3.60782584e+02 -3.11891932e+02  -6.61803279e+05 -1.48547137e+05    +3.72911449e-02 -1.94085542e-01  -6.40047315e+01 +3.32476346e+02  +5.84040939e-02 -2.54517293e-01 
-2.23532399e-03 +0.00000000e+00 +7.68136229e-03 -8.23601371e+06 -9.53983957e+05  +3.49483900e+04 -5.35843524e+03  -3.48524212e+06 +5.38510397e+05    +5.54558512e-01 -3.94291143e+00  -7.24124632e+01 +1.45834496e+03  -2.76231848e-01 +8.24703689e+00 
+5.25589279e-03 +0.00000000e+00 +6.03121803e-03 +9.38420601e+05 +3.17204946e+05  -2.18109963e+03 +1.12605867e+02  -1.19884307e+06 -7.21088944e+03    -9.42480713e-02 +4.25976495e-01  +6.86465979e+01 -5.65612094e+02  -5.30184628e-02 +9.07513366e-01 
+7.91486597e-03 +0.00000000e+00 -1.16400027e-03 -6.66301999e+05 -1.10861879e+05  +2.42230357e+03 +6.82943920e+02  -2.85756508e+05 -1.12990833e+05    +4.92389008e-02 -1.60165207e-01  +5.59203018e+01 -2.43743733e+02  +1.04708891e-01 -2.55745000e-01 
+3.29694788e-03 +0.00000000e+00 -7.28904210e-03 -4.87842984e+05 -1.43303963e+05  -4.39953787e+03 -1.53895619e+03  +8.06024777e+05 +2.09952409e+05    -2.38406499e-02 +1.07574784e-01  +1.98522025e+01 -7.30091669e+01  -5.90669782e-03 +3.21361462e-02 
-4.35216889e-03 +0.00000000e+00 -6.71257223e-03 +6.17342148e+05 +1.76991975e+05  +2.86991409e+03 +9.54237833e+02  +6.81429009e+05 +1.67300488e+05    +2.72592372e-02 -3.96318956e-02  -2.63595738e+01 +9.81508105e+01  -1.98712549e-03 -3.00313444e-02 
-7.99992165e-03 +0.00000000e+00 +3.54055839e-05 +5.46241754e+05 +5.73978814e+04  -3.44536079e+02 -1.07777978e+02  -4.35936742e+05 -1.39276417e+05    -6.97761435e-03 +1.78285081e-02  -5.92587855e+01 +2.71692632e+02  +2.65544818e-02 -1.56607211e-01 
-4.29258334e-03 +0.00000000e+00 +6.75083167e-03 -1.82712842e+06 -4.14967861e+05  -7.11865076e+03 -1.29541494e+03  -1.63483073e+06 +6.63490430e+04    +5.12921752e-02 +6.80923251e-01  -6.99988780e+01 +7.12411501e+02  +1.03227949e-01 -6.39059691e-01 
+3.36133629e-03 +0.00000000e+00 +7.25957425e-03 +3.62841458e+06 +5.76172568e+05  -6.81527226e+03 -1.00003202e+03  -2.29366210e+06 +1.75952491e+05    +3.75153305e-02 -4.35748134e-01  +7.17662089e+01 -9.35449605e+02  -3.62250750e-02 +3.42607358e-01 
+7.92485885e-03 +0.00000000e+00 +1.09389775e-03 -4.12710243e+05 -3.49210254e+03  +1.44788619e+03 +5.22857451e+02  -5.49894381e+05 -1.49861113e+05    -3.60983692e-03 -2.21843780e-03  +6.18108503e+01 -2.98827580e+02  +1.00243013e-01 -1.96411389e-01 
+5.20230272e-03 +0.00000000e+00 -6.07750330e-03 -7.06361147e+05 -1.96493536e+05  +2.20190398e+03 +6.88534244e+02  +5.50555438e+05 +1.23619042e+05    +7.18147327e-02 -1.80165691e-01  +3.19899469e+01 -1.20818724e+02  +4.85904596e-02 -1.21480415e-01 
-2.30322653e-03 +0.00000000e+00 -7.66127584e-03 +3.48268097e+05 +1.03705050e+05  +7.79255405e+02 +2.89007146e+02  +8.96654926e+05 +2.41429720e+05    +7.81522920e-03 +2.83919139e-02  -1.36992875e+01 +5.00167512e+01  -1.82583017e-03 -1.01504870e-02 
-7.69117994e-03 +0.00000000e+00 -2.20130670e-03 +7.41374856e+05 +1.49821090e+05  -2.03880456e+03 -5.57353871e+02  -1.36471043e+05 -7.93033726e+04    -2.51436963e-02 +1.06338486e-01  -5.23138964e+01 +2.19706630e+02  +2.90932145e-02 -1.68847237e-01 
-6.00789797e-03 +0.00000000e+00 +5.28253367e-03 -5.05314988e+05 -2.50076241e+05  +5.64945287e+02 -1.93417481e+02  -9.91578092e+05 -5.83394757e+04    +4.93321387e-02 -3.62089412e-01  -6.77423616e+01 +4.82613638e+02  +9.88724319e-03 +4.53722851e-02 
+1.19901768e-03 +0.00000000e+00 +7.90963695e-03 +5.59971169e+06 +1.19246497e+06  -1.25548083e+04 -8.72369300e+02  -2.72810029e+07 +1.57704193e+06    +2.05897973e-01 -1.86376570e+00  +5.69188770e+01 -3.10339546e+03  -6.75206902e-03 +2.72872395e-01 
+7.30356201e-03 +0.00000000e+00 +3.26465649e-03 -4.44840208e+04 +1.21025850e+05  +9.79058005e+02 +7.41091930e+02  -7.49950987e+05 -1.34497002e+05    -5.36547996e-02 +9.40002265e-02  +6.56667531e+01 -3.68216840e+02  +9.35660822e-02 -1.38733016e-01 
+6.69324511e-03 +0.00000000e+00 -4.38183408e-03 -8.01251726e+05 -2.02064596e+05  +3.56652732e+03 +1.21993395e+03  +2.17417272e+05 +1.83260713e+04    +8.86694141e-02 -2.39990253e-01  +4.28990228e+01 -1.68777644e+02  +8.13830337e-02 -1.85928545e-01 
-7.08104743e-05 +0.00000000e+00 -7.99968661e-03 +1.36205012e+04 +4.24041062e+03  +1.84172842e+03 +6.57196285e+02  +9.70785038e+05 +2.67385175e+05    +1.46132153e-02 +7.59210579e-03  -4.41200901e-01 +1.55522328e+00  +1.00182775e-03 -4.01548163e-03 
-6.76976323e-03 +0.00000000e+00 -4.26266416e-03 +8.06328939e+05 +2.01915954e+05  +9.64306078e+01 +1.84477144e+02  +1.98614202e+05 +1.28488291e+04    +2.08211159e-03 +3.03552123e-02  -4.34096348e+01 +1.71370503e+02  -1.34109551e-02 -3.03709112e-02 
-7.24462690e-03 +0.00000000e+00 +3.39343206e-03 +2.65568625e+04 -1.27414460e+05  -4.23336697e+02 -4.71540341e+02  -7.56905334e+05 -1.29963320e+05    +5.46864624e-02 -2.68837263e-01  -6.56766881e+01 +3.72663419e+02  +4.85003848e-02 -1.83108773e-01 
-1.05881400e-03 +0.00000000e+00 +7.92962249e-03 -1.80546464e+06 -1.13746551e+06  -2.58730967e+04 -1.02376447e+04  -4.54375468e+07 +1.76205598e+06    +4.03483641e-01 +1.08096361e+00  -5.25888957e+01 +3.73940690e+03  +2.80603051e-02 -2.60499458e-01 
+6.10046760e-03 +0.00000000e+00 +5.17535458e-03 +4.63125280e+05 +2.44452198e+05  -5.09708986e+02 +7.23010838e+02  -9.65635165e+05 -6.15847663e+04    -1.00795782e-01 +2.38393980e-01  +6.76679772e+01 -4.73811665e+02  +5.80938157e-02 -1.70752758e-02 
+7.65100743e-03 +0.00000000e+00 -2.33711047e-03 -7.47571797e+05 -1.53767856e+05  +1.26051577e+03 +3.44200236e+02  -1.17547332e+05 -7.47012436e+04    +5.15405131e-02 -1.41230945e-01  +5.19165213e+01 -2.16991489e+02  +6.76593749e-02 -1.39414085e-01 
+2.16724631e-03 +0.00000000e+00 -7.70084693e-03 -3.30796227e+05 -9.87644214e+04  -3.74803527e+03 -1.27139790e+03  +9.02124176e+05 +2.43386921e+05    -2.71806845e-02 +1.23340549e-01  +1.29598050e+01 -4.72741266e+01  -2.40950725e-03 +1.82680721e-02 
-5.30907107e-03 +0.00000000e+00 -5.98446024e-03 +7.16013444e+05 +1.98329481e+05  +4.01186813e+03 +1.31478910e+03  +5.32678418e+05 +1.17742985e+05    +3.77940513e-02 -7.39700895e-02  -3.26098274e+01 +1.23430778e+02  -9.24581068e-03 -1.81246442e-02 
