# scuff-scatter run on pekka-pc (09/25/15::22:26:48)
# columns: 
# 1,2,3   x,y,z (evaluation point coordinates)
# 4,5     real, imag Ex
# 6,7     real, imag Ey
# 8,9     real, imag Ez
# 10,11   real, imag Hx
# 12,13   real, imag Hy
# 14,15   real, imag Hz
+0.00000000e+00 +0.00000000e+00 +8.00000000e-03 -1.00796416e+05 -1.89802248e+02  -6.98143122e+04 -2.49534744e+02  +1.43707805e+07 +8.53363465e+04    +3.41094549e-03 -8.21434265e-01  +1.60547227e-03 +9.92945084e-03  -8.13726035e-06 +1.72533878e-02 
+6.73176788e-03 +0.00000000e+00 +4.32241845e-03 -5.16290857e+04 +3.83695252e+02  -6.28294056e+02 -1.85686642e+00  -2.68430774e+05 -1.86611703e+03    -8.15343379e-05 -1.95723962e-03  +3.59043576e-01 -4.68483541e+01  -9.01767953e-05 +2.05057150e-02 
+7.27437941e-03 +0.00000000e+00 -3.32917469e-03 -1.48196419e+05 -1.37198956e+03  +1.87332528e+02 +2.33745262e+00  +3.80637061e+04 +1.78404937e+02    +1.00529524e-04 -9.06823910e-03  +1.52350340e-01 -1.56550570e+01  +7.46718291e-05 -5.93639112e-03 
+1.12896006e-03 +0.00000000e+00 -7.91993997e-03 -2.34299862e+04 -2.64522651e+02  -1.38953056e+02 -1.88542972e+00  +1.47658718e+05 +1.55669044e+03    -7.36500239e-05 +4.36054484e-03  +1.82681024e-02 -1.72412871e+00  +2.32158111e-08 -4.17647816e-04 
-6.05441996e-03 +0.00000000e+00 -5.22914897e-03 +1.25004873e+05 +1.27471036e+03  +3.96154600e+02 +4.94072953e+00  +8.48816532e+04 +7.26729910e+02    +3.44341782e-05 -6.00683080e-03  -1.12230021e-01 +1.11268289e+01  +2.16171119e-05 -8.83461632e-04 
-7.67139420e-03 +0.00000000e+00 +2.26929748e-03 +1.32436604e+05 +5.83466803e+02  +5.54049527e+02 +2.56519483e+00  -1.41733553e+05 -1.27943770e+03    +1.76848219e-04 -2.17739582e-02  -2.79521762e-01 +3.34451046e+01  +2.40469166e-04 -8.33440163e-03 
-2.23532399e-03 +0.00000000e+00 +7.68136229e-03 -5.08308104e+06 -2.81087709e+04  +4.96870682e+04 +2.47800211e+01  +7.38006512e+05 +6.78430219e+03    +4.90393749e-03 -4.24678925e-01  -8.97661396e-01 +1.57790746e+02  -6.35071459e-03 +2.67771064e+00 
+5.25589279e-03 +0.00000000e+00 +6.03121803e-03 +2.52054413e+05 +2.68576578e+03  -7.40829446e+02 -7.26862915e+00  -5.03126935e+05 -2.66701837e+03    -3.67387100e-04 +1.01597809e-01  +4.87484292e-01 -7.06846414e+01  -1.18779877e-03 +1.87617563e-01 
+7.91486597e-03 +0.00000000e+00 -1.16400027e-03 -1.59064259e+05 -1.26580122e+03  +3.51162272e+02 +4.06586586e+00  -2.00799748e+04 -4.01942623e+02    +1.26646386e-04 -1.19789066e-02  +1.96099544e-01 -2.11672992e+01  +1.45181956e-04 -9.88063705e-03 
+3.29694788e-03 +0.00000000e+00 -7.28904210e-03 -6.86098231e+04 -7.58956822e+02  -4.37358349e+02 -5.77175719e+00  +1.32477705e+05 +1.34634025e+03    -8.71790309e-05 +5.91258443e-03  +5.50503303e-02 -5.25472385e+00  -3.23537813e-05 +1.48035964e-03 
-4.35216889e-03 +0.00000000e+00 -6.71257223e-03 +8.99645601e+04 +9.73791442e+02  +3.53244880e+02 +4.15307689e+00  +1.19315024e+05 +1.16851485e+03    +4.02110766e-06 -2.92805798e-03  -7.44338547e-02 +7.19042557e+00  +3.94974491e-05 -3.12753624e-03 
-7.99992165e-03 +0.00000000e+00 +3.54055839e-05 +1.57091636e+05 +1.10567200e+03  +2.39371522e+01 -4.34665156e-01  -5.66379356e+04 -7.11176250e+02    -1.33025551e-05 -7.02666332e-04  -2.21850069e-01 +2.47395736e+01  +1.56021099e-04 -4.88063457e-03 
-4.29258334e-03 +0.00000000e+00 +6.75083167e-03 -7.48502226e+05 -5.70872323e+03  +1.99850793e+02 -2.22327544e+01  -6.80878192e+05 -3.08461763e+03    -3.81049996e-04 +4.13611386e-01  -5.95997620e-01 +9.22798197e+01  +6.35837067e-04 -3.68130014e-02 
+3.36133629e-03 +0.00000000e+00 +7.25957425e-03 +1.84594726e+06 +1.17983980e+04  -1.35779751e+03 -1.55243000e+01  -7.17447323e+05 -2.53183321e+03    +7.98628867e-04 -1.28105639e-03  +7.29775615e-01 -1.19688217e+02  -3.72760689e-04 +3.66949323e-02 
+7.92485885e-03 +0.00000000e+00 +1.09389775e-03 -1.50053623e+05 -9.03430150e+02  +1.19798373e+02 +1.97041103e+00  -9.32970269e+04 -9.79892782e+02    +1.74206936e-05 -1.38075475e-03  +2.47442818e-01 -2.84406938e+01  +6.07663974e-05 -8.65739919e-04 
+5.20230272e-03 +0.00000000e+00 -6.07750330e-03 -1.07280233e+05 -1.13264993e+03  +2.64634891e+02 +3.45083905e+00  +1.04848318e+05 +9.78018669e+02    +1.04575828e-04 -8.09869574e-03  +9.21777330e-02 -8.98928057e+00  +7.37115166e-05 -6.24849642e-03 
-2.30322653e-03 +0.00000000e+00 -7.66127584e-03 +4.80150130e+04 +5.37730394e+02  +9.43046652e+01 +1.06205633e+00  +1.41673276e+05 +1.47342052e+03    -4.66464725e-05 +1.86775638e-03  -3.76078868e-02 +3.57877665e+00  +1.42472192e-05 -7.82896656e-04 
-7.69117994e-03 +0.00000000e+00 -2.20130670e-03 +1.55895035e+05 +1.34462807e+03  -2.73598740e+02 -3.25307469e+00  +9.09541140e+03 -1.22790626e+02    -8.37665111e-05 +6.31868494e-03  -1.74594623e-01 +1.84073404e+01  +1.61503929e-04 -9.94348018e-03 
-6.00789797e-03 +0.00000000e+00 +5.28253367e-03 -5.78657280e+04 -1.29976438e+03  +7.86358859e+02 +1.52116519e+00  -3.74932053e+05 -2.26326581e+03    +4.88201705e-04 -3.70640745e-02  -4.18041848e-01 +5.76434939e+01  -2.81089691e-05 +5.97018679e-02 
+1.19901768e-03 +0.00000000e+00 +7.90963695e-03 +7.55414193e+06 +4.18309522e+04  -9.61020107e+03 -1.31463560e+00  +8.06501135e+06 +4.39729371e+04    +1.63086767e-03 -3.24177262e-01  +8.11124529e-01 -1.43436764e+02  +1.76764543e-04 +1.35704208e-01 
+7.30356201e-03 +0.00000000e+00 +3.26465649e-03 -1.04819760e+05 -1.95789007e+02  -3.03900388e+02 -6.57496868e-01  -1.93623468e+05 -1.54927374e+03    -1.76417692e-05 -4.65507741e-03  +3.13585178e-01 -3.89883074e+01  -7.06398179e-06 +5.34774313e-03 
+6.69324511e-03 +0.00000000e+00 -4.38183408e-03 -1.37312062e+05 -1.34523572e+03  +3.82621006e+02 +4.90988756e+00  +6.38132106e+04 +4.70833102e+02    +1.42590050e-04 -1.21798792e-02  +1.30940840e-01 -1.31734784e+01  +8.41518632e-05 -5.38964862e-03 
-7.08104743e-05 +0.00000000e+00 -7.99968661e-03 +1.76935672e+03 +2.04470314e+01  +2.02592417e+02 +2.51064117e+00  +1.49171328e+05 +1.57737705e+03    -2.91301600e-05 +7.73319840e-04  -1.15571501e-03 +1.12990721e-01  +4.19262786e-06 -3.65450766e-04 
-6.76976323e-03 +0.00000000e+00 -4.26266416e-03 +1.39232988e+05 +1.35744782e+03  -6.74632460e+01 -5.11930526e-01  +6.10580862e+04 +4.39865678e+02    -4.29097164e-05 +8.99476929e-04  -1.33131994e-01 +1.34402541e+01  +6.58937967e-05 -3.91493940e-03 
-7.24462690e-03 +0.00000000e+00 +3.39343206e-03 +1.01462707e+05 +1.55198012e+02  +4.20689893e+02 +9.78062654e-01  -2.01481587e+05 -1.58157636e+03    +2.68034405e-04 -2.55828382e-02  -3.17853846e-01 +3.97640189e+01  +1.85563060e-04 +6.89749553e-03 
-1.05881400e-03 +0.00000000e+00 +7.92962249e-03 -7.03304081e+06 -4.02894162e+04  +8.24195459e+03 +5.81498214e+00  +9.23687494e+06 +5.13069955e+04    +5.64855150e-05 +1.16580691e+00  -7.50714886e-01 +1.31184385e+02  -6.06578924e-04 -1.39269859e-01 
+6.10046760e-03 +0.00000000e+00 +5.17535458e-03 +3.84627635e+04 +1.15748532e+03  -9.05513270e+02 -5.11302989e+00  -3.60979189e+05 -2.21282832e+03    -2.83119194e-04 +1.73410913e-02  +4.10528433e-01 -5.61831681e+01  -1.94864249e-04 -2.11632438e-05 
+7.65100743e-03 +0.00000000e+00 -2.33711047e-03 -1.55127449e+05 -1.34962861e+03  +2.07886531e+02 +2.26393381e+00  +1.26110728e+04 -8.83420116e+01    +1.00512106e-04 -7.17217532e-03  +1.72156480e-01 -1.80759649e+01  +4.48993785e-05 -2.53686989e-03 
+2.16724631e-03 +0.00000000e+00 -7.70084693e-03 -4.53785336e+04 -5.09703917e+02  -3.92489066e+02 -5.11898856e+00  +1.42219761e+05 +1.48120839e+03    -1.02252770e-04 +6.60674690e-03  +3.55108531e-02 -3.36497358e+00  -1.73390658e-05 +8.11989009e-04 
-5.30907107e-03 +0.00000000e+00 -5.98446024e-03 +1.09378554e+05 +1.15054192e+03  +4.93852224e+02 +5.83095031e+00  +1.02716895e+05 +9.51329275e+02    +2.74662099e-05 -4.73147488e-03  -9.42710834e-02 +9.22163984e+00  +3.89451234e-05 -2.94612402e-03 
