# scuff-scatter run on pekka-pc (09/25/15::22:33:47)
# columns: 
# 1,2,3   x,y,z (evaluation point coordinates)
# 4,5     real, imag Ex
# 6,7     real, imag Ey
# 8,9     real, imag Ez
# 10,11   real, imag Hx
# 12,13   real, imag Hy
# 14,15   real, imag Hz
+0.00000000e+00 +0.00000000e+00 +8.00000000e-03 -1.65048308e+05 -1.40658734e+04  -1.51218774e+05 -1.66884885e+04  +3.48038496e+07 +3.47112852e+06    +6.26255966e-01 -4.84542892e+00  -4.68591879e-01 +8.06078222e-01  +1.82694798e-03 +4.22164084e-02 
+6.73176788e-03 +0.00000000e+00 +4.32241845e-03 +6.24187525e+05 +3.38586646e+05  +1.67712549e+03 +1.82009533e+03  -9.06564876e+05 -1.45862594e+05    -1.64961215e-01 +2.41917704e-01  +1.09470324e+02 -4.43997179e+02  +1.77899341e-01 -1.05618096e-01 
+7.27437941e-03 +0.00000000e+00 -3.32917469e-03 -9.43079991e+05 -3.11816974e+05  +2.34143386e+03 +1.13349031e+03  -3.81827619e+04 -7.17909880e+04    +1.19712552e-01 -2.31356128e-01  +8.44406939e+01 -2.38933638e+02  +1.60628056e-01 -2.55600545e-01 
+1.12896006e-03 +0.00000000e+00 -7.91993997e-03 -2.23568240e+05 -9.28501241e+04  -1.88847944e+03 -8.06874460e+02  +1.19807684e+06 +4.64046833e+05    +1.56837081e-03 +9.14541676e-02  +1.20136846e+01 -3.10142841e+01  +5.37152055e-03 -1.13385284e-03 
-6.05441996e-03 +0.00000000e+00 -5.22914897e-03 +9.73194485e+05 +3.64357482e+05  +4.88981246e+03 +2.27686530e+03  +4.19223364e+05 +1.12755935e+05    +8.55905020e-02 -1.22448364e-01  -6.73236824e+01 +1.82363800e+02  -6.10884789e-02 +3.82568653e-02 
-7.67139420e-03 +0.00000000e+00 +2.26929748e-03 +3.81412029e+04 -1.29371661e+05  +1.76705817e+01 -6.45666590e+02  -8.35367283e+05 -2.47308800e+05    +5.69396160e-02 -2.40401807e-01  -1.08029370e+02 +3.77018015e+02  +7.93622833e-02 -3.29302611e-01 
-2.23532399e-03 +0.00000000e+00 +7.68136229e-03 -1.21890306e+07 -1.27594421e+06  +2.87771883e+04 -8.30810312e+03  +3.60560833e+06 +8.35518292e+05    +7.37702595e-01 -4.64295211e+00  -1.01310632e+02 +8.68591353e+02  -3.32597035e-01 +8.67942241e+00 
+5.25589279e-03 +0.00000000e+00 +6.03121803e-03 +1.73292582e+06 +5.21558722e+05  -2.10366544e+03 +5.87299705e+02  -9.29267333e+05 +3.75911666e+04    -1.97710753e-01 +5.31093203e-01  +1.07428645e+02 -5.44593730e+02  -2.65675793e-02 +9.86242708e-01 
+7.91486597e-03 +0.00000000e+00 -1.16400027e-03 -7.22117377e+05 -1.76970072e+05  +3.16797424e+03 +1.21978265e+03  -4.43109636e+05 -2.05780807e+05    +9.19386779e-02 -2.15916475e-01  +9.72488302e+01 -2.92907446e+02  +2.13543844e-01 -3.71212503e-01 
+3.29694788e-03 +0.00000000e+00 -7.28904210e-03 -6.29456135e+05 -2.56702243e+05  -6.07008652e+03 -2.82073957e+03  +9.91848556e+05 +3.67748248e+05    -2.85167587e-02 +1.39127199e-01  +3.55877211e+01 -9.26522576e+01  -3.99790002e-03 +4.07213831e-02 
-4.35216889e-03 +0.00000000e+00 -6.71257223e-03 +7.90376256e+05 +3.15628145e+05  +3.89071188e+03 +1.77293447e+03  +8.21631632e+05 +2.89562892e+05    +6.76623179e-02 -6.57481276e-02  -4.71746530e+01 +1.24040582e+02  -1.53161565e-02 -3.10732895e-02 
-7.99992165e-03 +0.00000000e+00 +3.54055839e-05 +5.27843420e+05 +7.92821142e+04  -4.78710335e+02 -1.46485612e+02  -6.17845348e+05 -2.46497810e+05    -1.22688692e-02 +2.57045452e-02  -1.02167354e+02 +3.21133150e+02  +2.18636790e-02 -1.94994402e-01 
-4.29258334e-03 +0.00000000e+00 +6.75083167e-03 -3.00443843e+06 -6.42456595e+05  -8.61681738e+03 -1.56142547e+03  -8.85549253e+05 +1.69382069e+05    +4.80130498e-02 +6.22713540e-01  -1.06026982e+02 +6.29940696e+02  +1.28850455e-01 -7.71283452e-01 
+3.36133629e-03 +0.00000000e+00 +7.25957425e-03 +5.49804822e+06 +8.33542187e+05  -7.98594469e+03 -1.19133019e+03  -4.23458704e+05 +3.44966076e+05    -1.07842552e-02 -4.94608440e-01  +1.04915471e+02 -7.35706510e+02  -2.60295195e-02 +3.93414353e-01 
+7.92485885e-03 +0.00000000e+00 +1.09389775e-03 -3.16789536e+05 +1.71134106e+04  +2.01126496e+03 +9.98772105e+02  -7.37192981e+05 -2.58389666e+05    -1.00185396e-02 +1.38854388e-03  +1.05584115e+02 -3.47117574e+02  +2.11466286e-01 -3.05756650e-01 
+5.20230272e-03 +0.00000000e+00 -6.07750330e-03 -8.95796445e+05 -3.48392174e+05  +2.94500588e+03 +1.25600676e+03  +6.43954701e+05 +2.10089589e+05    +1.46749900e-01 -2.58796380e-01  +5.70731028e+01 -1.52030286e+02  +1.01152326e-01 -1.74309733e-01 
-2.30322653e-03 +0.00000000e+00 -7.66127584e-03 +4.51285359e+05 +1.86271403e+05  +1.07804062e+03 +5.71576531e+02  +1.11619758e+06 +4.25550514e+05    +3.39706202e-02 +2.51243762e-02  -2.46129754e+01 +6.36001906e+01  -9.10373990e-03 -9.79198374e-03 
-7.69117994e-03 +0.00000000e+00 -2.20130670e-03 +8.50517073e+05 +2.49702621e+05  -2.66761108e+03 -9.27374884e+02  -2.59256899e+05 -1.49857855e+05    -3.78470922e-02 +1.37542257e-01  -9.15930453e+01 +2.67194105e+02  +2.85577748e-02 -2.09669696e-01 
-6.00789797e-03 +0.00000000e+00 +5.28253367e-03 -1.09330380e+06 -4.29955277e+05  +3.50133407e+02 -3.59480554e+02  -9.25980834e+05 -5.95810808e+04    +5.62065981e-02 -4.27435847e-01  -1.08539827e+02 +4.90483846e+02  -5.38753986e-03 +2.95500995e-02 
+1.19901768e-03 +0.00000000e+00 +7.90963695e-03 +1.72054834e+07 +1.52920480e+06  -1.35900657e+04 -1.24716897e+03  +1.94497637e+07 +2.15342129e+06    +2.42414157e-01 -2.13736005e+00  +7.70445857e+01 -7.53377488e+02  -6.92771075e-03 +2.86563739e-01 
+7.30356201e-03 +0.00000000e+00 +3.26465649e-03 +2.51904360e+05 +2.30313198e+05  +1.77373156e+03 +1.49948641e+03  -8.88854897e+05 -2.13917412e+05    -1.10985008e-01 +1.52972673e-01  +1.09416325e+02 -4.06951179e+02  +2.03222130e-01 -2.39576972e-01 
+6.69324511e-03 +0.00000000e+00 -4.38183408e-03 -9.84875866e+05 -3.51813717e+05  +4.88370974e+03 +2.27013644e+03  +1.98056440e+05 +2.06599132e+04    +1.74825789e-01 -3.38904147e-01  +7.59736495e+01 -2.09635747e+02  +1.68721415e-01 -2.75249245e-01 
-7.08104743e-05 +0.00000000e+00 -7.99968661e-03 +1.79164003e+04 +7.70677929e+03  +2.53782516e+03 +1.24953874e+03  +1.21805643e+06 +4.73352376e+05    +4.67661487e-02 -3.34490319e-03  -8.11426057e-01 +1.99181349e+00  +1.65104428e-03 -5.20563727e-03 
-6.76976323e-03 +0.00000000e+00 -4.26266416e-03 +9.88959927e+05 +3.51034505e+05  +2.77343664e+02 +4.37878844e+02  +1.73453579e+05 +1.09119503e+04    +1.71393820e-02 +3.16638490e-02  -7.68508825e+01 +2.12599738e+02  -4.61646926e-02 -2.11797300e-02 
-7.24462690e-03 +0.00000000e+00 +3.39343206e-03 -2.82389268e+05 -2.41346623e+05  -9.48681447e+02 -8.86960041e+02  -8.87358967e+05 -2.04660469e+05    +8.30668906e-02 -3.36333596e-01  -1.09231830e+02 +4.10156519e+02  +6.36984700e-02 -2.45728363e-01 
-1.05881400e-03 +0.00000000e+00 +7.92962249e-03 -1.62810091e+07 -1.45551543e+06  -3.75937242e+04 -1.52761171e+04  +2.22152589e+07 +2.38264045e+06    +5.71652727e-01 +6.21293213e-01  -7.11199647e+01 +6.93492171e+02  +4.68507615e-02 -2.99399679e-01 
+6.10046760e-03 +0.00000000e+00 +5.17535458e-03 +1.03165106e+06 +4.23092864e+05  +2.51088065e+02 +1.61381704e+03  -9.16427429e+05 -6.62043640e+04    -2.06587229e-01 +3.48778610e-01  +1.08718493e+02 -4.84568407e+02  +1.44589742e-01 -7.64587658e-02 
+7.65100743e-03 +0.00000000e+00 -2.33711047e-03 -8.62245771e+05 -2.57293946e+05  +1.63014093e+03 +6.28589832e+02  -2.35579917e+05 -1.41996188e+05    +1.00689910e-01 -1.98526066e-01  +9.09574234e+01 -2.64323965e+02  +1.45435078e-01 -2.12720811e-01 
+2.16724631e-03 +0.00000000e+00 -7.70084693e-03 -4.29048050e+05 -1.77447766e+05  -5.13156536e+03 -2.30618230e+03  +1.12373052e+06 +4.29204622e+05    -3.29664755e-02 +1.59339155e-01  +2.32623856e+01 -6.01517722e+01  +3.46455650e-04 +2.24558388e-02 
-5.30907107e-03 +0.00000000e+00 -5.98446024e-03 +9.06773772e+05 +3.51367954e+05  +5.42586364e+03 +2.42254738e+03  +6.19825610e+05 +1.99340765e+05    +8.58123541e-02 -1.12555764e-01  -5.81801016e+01 +1.55182114e+02  -3.17480304e-02 -1.16193461e-02 
