# scuff-scatter run on pekka-pc (09/25/15::22:27:45)
# columns: 
# 1,2,3   x,y,z (evaluation point coordinates)
# 4,5     real, imag Ex
# 6,7     real, imag Ey
# 8,9     real, imag Ez
# 10,11   real, imag Hx
# 12,13   real, imag Hy
# 14,15   real, imag Hz
+0.00000000e+00 +0.00000000e+00 +8.00000000e-03 -1.01928470e+05 -2.62027717e+02  -7.12994616e+04 -3.44049450e+02  +1.48742197e+07 +1.15386133e+05    +5.56241894e-03 -9.81539717e-01  +2.32288454e-03 +6.63407376e-04  -1.25770331e-05 +2.02803828e-02 
+6.73176788e-03 +0.00000000e+00 +4.32241845e-03 -4.91012009e+04 +6.28483267e+02  -6.38673029e+02 -2.23863443e+00  -2.79638008e+05 -2.55741455e+03    -1.19593416e-04 -1.99595444e-03  +5.84035428e-01 -5.71860122e+01  -1.52872202e-04 +2.48069287e-02 
+7.27437941e-03 +0.00000000e+00 -3.32917469e-03 -1.56553658e+05 -1.94516262e+03  +2.01621998e+02 +3.37592752e+00  +3.90976780e+04 +2.35112633e+02    +1.70738975e-04 -1.12866834e-02  +2.53935692e-01 -1.93406449e+01  +1.27919158e-04 -7.49744914e-03 
+1.12896006e-03 +0.00000000e+00 -7.91993997e-03 -2.50340029e+04 -3.82769915e+02  -1.50427912e+02 -2.75655070e+00  +1.57048956e+05 +2.24353040e+03    -1.23296880e-04 +5.59296374e-03  +3.07233368e-02 -2.14006137e+00  -8.51829205e-07 -4.73952880e-04 
-6.05441996e-03 +0.00000000e+00 -5.22914897e-03 +1.32761718e+05 +1.82531169e+03  +4.26313747e+02 +7.17158818e+00  +8.92539500e+04 +1.02792936e+03    +5.92324107e-05 -7.25872449e-03  -1.87807526e-01 +1.37731589e+01  +3.31064367e-05 -1.17005017e-03 
-7.67139420e-03 +0.00000000e+00 +2.26929748e-03 +1.35881942e+05 +7.51298703e+02  +5.69205706e+02 +3.36128239e+00  -1.49539568e+05 -1.79502589e+03    +2.88572374e-04 -2.66381105e-02  -4.58620899e-01 +4.09946656e+01  +4.00679299e-04 -1.13332014e-02 
-2.23532399e-03 +0.00000000e+00 +7.68136229e-03 -5.24920753e+06 -3.81097281e+04  +4.98161748e+04 +2.60772557e+01  +7.79255570e+05 +9.47661233e+03    +7.89129843e-03 -5.28682603e-01  -1.42253809e+00 +1.90293226e+02  -9.99041434e-03 +3.16972256e+00 
+5.25589279e-03 +0.00000000e+00 +6.03121803e-03 +2.68470795e+05 +3.80768902e+03  -7.84184247e+02 -1.00597178e+01  -5.18772938e+05 -3.56380986e+03    -5.09544430e-04 +1.19995180e-01  +7.85029808e-01 -8.58794198e+01  -1.81735011e-03 +2.25845902e-01 
+7.91486597e-03 +0.00000000e+00 -1.16400027e-03 -1.66761812e+05 -1.76587685e+03  +3.75932389e+02 +5.78685050e+00  -2.25868848e+04 -5.90191984e+02    +2.10759344e-04 -1.47866473e-02  +3.25156319e-01 -2.60820970e+01  +2.42013521e-04 -1.24899585e-02 
+3.29694788e-03 +0.00000000e+00 -7.28904210e-03 -7.32166625e+04 -1.09589010e+03  -4.72541150e+02 -8.44530674e+00  +1.40600197e+05 +1.93405663e+03    -1.47872109e-04 +7.49957052e-03  +9.24812136e-02 -6.51817864e+00  -5.35168185e-05 +1.91873965e-03 
-4.35216889e-03 +0.00000000e+00 -6.71257223e-03 +9.58801996e+04 +1.40303199e+03  +3.78484606e+02 +6.02165859e+00  +1.26363814e+05 +1.67302777e+03    +8.03669967e-06 -3.44995605e-03  -1.24912548e-01 +8.91331404e+00  +6.52472876e-05 -3.92008553e-03 
-7.99992165e-03 +0.00000000e+00 +3.54055839e-05 +1.63791944e+05 +1.52148776e+03  +2.12435568e+01 -6.56299026e-01  -6.10271363e+04 -1.02212550e+03    -2.40870940e-05 -7.43965219e-04  -3.66643134e-01 +3.04321821e+01  +2.59931900e-04 -6.80691408e-03 
-4.29258334e-03 +0.00000000e+00 +6.75083167e-03 -7.82878016e+05 -7.91795141e+03  +6.65835361e+01 -3.12987729e+01  -6.98681425e+05 -4.05804586e+03    -4.57543389e-04 +4.83539063e-01  -9.54242577e-01 +1.11815385e+02  +1.11902604e-03 -4.83702338e-02 
+3.36133629e-03 +0.00000000e+00 +7.25957425e-03 +1.91625404e+06 +1.61518427e+04  -1.45126496e+03 -2.19183906e+01  -7.31596658e+05 -3.22231742e+03    +1.25299997e-03 -6.45217990e-03  +1.16248856e+00 -1.44703176e+02  -6.21471422e-04 +4.54097552e-02 
+7.92485885e-03 +0.00000000e+00 +1.09389775e-03 -1.55491473e+05 -1.21939193e+03  +1.31872984e+02 +2.83791234e+00  -9.93112617e+04 -1.39130828e+03    +2.73739438e-05 -1.69765428e-03  +4.07624978e-01 -3.49307918e+01  +1.09760398e-04 -1.47409262e-03 
+5.20230272e-03 +0.00000000e+00 -6.07750330e-03 -1.14166266e+05 -1.62771786e+03  +2.85570978e+02 +4.96942931e+00  +1.10744486e+05 +1.39416531e+03    +1.76558519e-04 -1.01761999e-02  +1.54505363e-01 -1.11373815e+01  +1.20858576e-04 -7.77352589e-03 
-2.30322653e-03 +0.00000000e+00 -7.66127584e-03 +5.12771271e+04 +7.77446737e+02  +1.00738643e+02 +1.54504699e+00  +1.50562250e+05 +2.12090339e+03    -7.67590916e-05 +2.49192186e-03  -6.32189115e-02 +4.43998220e+00  +2.35122308e-05 -1.01424348e-03 
-7.69117994e-03 +0.00000000e+00 -2.20130670e-03 +1.64082903e+05 +1.89220544e+03  -2.93496456e+02 -4.66887967e+00  +8.29163555e+03 -1.95222114e+02    -1.43535498e-04 +7.99736277e-03  -2.90248759e-01 +2.27095893e+01  +2.67772324e-04 -1.27327214e-02 
-6.00789797e-03 +0.00000000e+00 +5.28253367e-03 -6.59579274e+04 -1.90202164e+03  +7.95122326e+02 +1.89450386e+00  -3.88369398e+05 -3.06132843e+03    +7.53149045e-04 -4.62120742e-02  -6.76455230e-01 +7.01877306e+01  +5.03915792e-06 +6.93559596e-02 
+1.19901768e-03 +0.00000000e+00 +7.90963695e-03 +7.80048708e+06 +5.64740222e+04  -9.62001530e+03 -2.55437542e+00  +8.32530907e+06 +5.96753831e+04    +2.66696655e-03 -3.89357535e-01  +1.28101954e+00 -1.72932149e+02  +2.93755234e-04 +1.56619658e-01 
+7.30356201e-03 +0.00000000e+00 +3.26465649e-03 -1.05861024e+05 -1.93145327e+02  -3.07342871e+02 -6.65640700e-01  -2.03015356e+05 -2.15087810e+03    -3.47882764e-05 -5.28748007e-03  +5.12527621e-01 -4.76999827e+01  -4.18327371e-06 +6.29649795e-03 
+6.69324511e-03 +0.00000000e+00 -4.38183408e-03 -1.45503491e+05 -1.91844320e+03  +4.12631907e+02 +7.11599123e+00  +6.66291882e+04 +6.56668461e+02    +2.43369711e-04 -1.52327944e-02  +2.18743510e-01 -1.62935134e+01  +1.44247941e-04 -6.91991601e-03 
-7.08104743e-05 +0.00000000e+00 -7.99968661e-03 +1.89337221e+03 +2.96356980e+01  +2.17820841e+02 +3.66188847e+00  +1.58685705e+05 +2.27405711e+03    -4.83836242e-05 +1.11171069e-03  -1.94427835e-03 +1.39951246e-01  +6.25937757e-06 -4.48187086e-04 
-6.76976323e-03 +0.00000000e+00 -4.26266416e-03 +1.47499562e+05 +1.93483519e+03  -7.04905491e+01 -6.83346663e-01  +6.36857988e+04 +6.11986839e+02    -7.17872976e-05 +1.34817912e-03  -2.22349138e-01 +1.66203649e+01  +1.04854050e-04 -4.99820476e-03 
-7.24462690e-03 +0.00000000e+00 +3.39343206e-03 +1.02250612e+05 +1.34795828e+02  +4.26164236e+02 +1.11929403e+00  -2.11059048e+05 -2.19190891e+03    +4.33601627e-04 -3.15809507e-02  -5.19207433e-01 +4.86345831e+01  +3.06333793e-04 +6.82554049e-03 
-1.05881400e-03 +0.00000000e+00 +7.92962249e-03 -7.27025525e+06 -5.43786964e+04  +8.24231923e+03 -6.33869345e+00  +9.54028287e+06 +6.95509065e+04    +3.78598576e-04 +1.35962137e+00  -1.18553387e+00 +1.58220082e+02  -9.09584980e-04 -1.58194890e-01 
+6.10046760e-03 +0.00000000e+00 +5.17535458e-03 +4.56982563e+04 +1.70652053e+03  -9.35341298e+02 -6.75660751e+00  -3.74133491e+05 -2.99683300e+03    -3.71912406e-04 +2.08298807e-02  +6.64726693e-01 -6.84322102e+01  -2.88014480e-04 +1.03424152e-03 
+7.65100743e-03 +0.00000000e+00 -2.33711047e-03 -1.63346275e+05 -1.90098152e+03  +2.21617244e+02 +3.20781788e+00  +1.20174709e+04 -1.46276130e+02    +1.67745318e-04 -8.99654712e-03  +2.86292954e-01 -2.23056620e+01  +7.97535659e-05 -3.36345050e-03 
+2.16724631e-03 +0.00000000e+00 -7.70084693e-03 -4.84704925e+04 -7.37089986e+02  -4.23623427e+02 -7.47420192e+00  +1.51155360e+05 +2.13242417e+03    -1.72244137e-04 +8.40935495e-03  +5.97002078e-02 -4.17577728e+00  -2.91678318e-05 +1.06626841e-03 
-5.30907107e-03 +0.00000000e+00 -5.98446024e-03 +1.16374175e+05 +1.65282854e+03  +5.29346718e+02 +8.44498710e+00  +1.08451458e+05 +1.35520990e+03    +4.78370231e-05 -5.71808421e-03  -1.57986242e-01 +1.14232874e+01  +6.31952414e-05 -3.69520396e-03 
