# scuff-scatter run on pekka-pc (09/25/15::22:25:52)
# columns: 
# 1,2,3   x,y,z (evaluation point coordinates)
# 4,5     real, imag Ex
# 6,7     real, imag Ey
# 8,9     real, imag Ez
# 10,11   real, imag Hx
# 12,13   real, imag Hy
# 14,15   real, imag Hz
+0.00000000e+00 +0.00000000e+00 +8.00000000e-03 -nan -nan  -nan -nan  -nan -nan    -nan -nan  -nan -nan  -nan -nan 
+6.73176788e-03 +0.00000000e+00 +4.32241845e-03 -2.75904842e+05 +2.38165600e+02  -6.20020437e+02 -1.48449589e+00  -3.14718716e+05 -1.35777209e+03    -6.08862343e-05 -1.76329117e-03  +2.17233207e-01 -5.79072906e+01  -4.79367203e-05 +1.66160556e-02 
+7.27437941e-03 +0.00000000e+00 -3.32917469e-03 -1.86705965e+05 -9.79093967e+02  +1.77237732e+02 +1.64636862e+00  +7.41257981e+04 +1.47319713e+02    +5.80030684e-05 -7.19870219e-03  +9.07410614e-02 -1.65361340e+01  +4.35429318e-05 -4.66205298e-03 
+1.12896006e-03 +0.00000000e+00 -7.91993997e-03 -2.64366679e+04 -1.85312944e+02  -1.30882192e+02 -1.31222925e+00  +1.79982363e+05 +1.10687770e+03    -4.36341025e-05 +3.37905042e-03  +1.08204552e-02 -1.74821885e+00  +4.45669687e-07 -3.54211725e-04 
-6.05441996e-03 +0.00000000e+00 -5.22914897e-03 +1.48822490e+05 +9.01672086e+02  +3.74861533e+02 +3.46199661e+00  +1.20163049e+05 +5.31915450e+02    +1.97147426e-05 -4.87704644e-03  -6.66796693e-02 +1.15347037e+01  +1.40276269e-05 -6.63863245e-04 
-7.67139420e-03 +0.00000000e+00 +2.26929748e-03 +2.60269533e+05 +4.49037074e+02  +5.42608819e+02 +1.94488029e+00  -1.29135551e+05 -9.09394356e+02    +1.07167911e-04 -1.75087952e-02  -1.68165930e-01 +3.86796973e+01  +1.42239744e-04 -6.13477671e-03 
-2.23532399e-03 +0.00000000e+00 +7.68136229e-03 -2.06260718e+06 -2.07974738e+04  +4.95707529e+04 +2.13925931e+01  -5.79115209e+06 +4.91607641e+03    +2.99778117e-03 -3.36702986e-01  -5.52898382e-01 +3.90701559e+02  -3.91857417e-03 +2.20698805e+00 
+5.25589279e-03 +0.00000000e+00 +6.03121803e-03 -2.03395606e+05 +1.91785587e+03  -7.09490137e+02 -5.29598253e+00  -7.75117382e+05 -1.98369347e+03    -2.72212469e-04 +8.38857100e-02  +2.96945325e-01 -9.73250585e+01  -7.77799122e-04 +1.52712068e-01 
+7.91486597e-03 +0.00000000e+00 -1.16400027e-03 -2.20055761e+05 -9.15895279e+02  +3.33525109e+02 +2.89903012e+00  +1.40644426e+04 -2.65877142e+02    +7.42643762e-05 -9.56764295e-03  +1.17182084e-01 -2.29682249e+01  +8.68455036e-05 -7.75145523e-03 
+3.29694788e-03 +0.00000000e+00 -7.28904210e-03 -7.81997038e+04 -5.32763687e+02  -4.12616839e+02 -4.01479151e+00  +1.65667094e+05 +9.61779129e+02    -5.08057069e-05 +4.62437165e-03  +3.26285115e-02 -5.35079043e+00  -1.93757728e-05 +1.13745923e-03 
-4.35216889e-03 +0.00000000e+00 -6.71257223e-03 +1.03745375e+05 +6.84945494e+02  +3.35354715e+02 +2.90932605e+00  +1.53187260e+05 +8.38856589e+02    +1.79009570e-06 -2.42139449e-03  -4.41457710e-02 +7.35964037e+00  +2.36444991e-05 -2.46772210e-03 
-7.99992165e-03 +0.00000000e+00 +3.54055839e-05 +2.35236436e+05 +8.09124584e+02  +2.57440709e+01 -2.95636463e-01  -2.60267181e+04 -4.89494149e+02    -6.77629888e-06 -6.22043560e-04  -1.32846897e-01 +2.73424204e+01  +9.30473838e-05 -3.50635039e-03 
-4.29258334e-03 +0.00000000e+00 +6.75083167e-03 -6.56247075e+03 -4.14998058e+03  +2.95095175e+02 -1.59812041e+01  -1.34908908e+06 -2.32242831e+03    -2.98044767e-04 +3.44009540e-01  -3.64479873e-01 +1.39676981e+02  +3.36101388e-04 -2.79023533e-02 
+3.36133629e-03 +0.00000000e+00 +7.25957425e-03 +5.64178546e+05 +8.66523963e+03  -1.29116570e+03 -1.11375855e+01  -2.38670393e+06 -1.94889606e+03    +5.13994633e-04 +1.46733421e-03  +4.47893053e-01 -2.08518059e+02  -2.17192548e-04 +2.92591336e-02 
+7.92485885e-03 +0.00000000e+00 +1.09389775e-03 -2.47909055e+05 -6.71335206e+02  +1.11303761e+02 +1.39359722e+00  -6.85809808e+04 -6.86471352e+02    +1.07111091e-05 -1.10387950e-03  +1.48478654e-01 -3.20387217e+01  +3.32519549e-05 -4.97412267e-04 
+5.20230272e-03 +0.00000000e+00 -6.07750330e-03 -1.25350614e+05 -7.98562847e+02  +2.49780742e+02 +2.43304011e+00  +1.39385906e+05 +7.06818757e+02    +6.12702514e-05 -6.38183214e-03  +5.47109720e-02 -9.24735586e+00  +4.50325898e-05 -4.96289077e-03 
-2.30322653e-03 +0.00000000e+00 -7.66127584e-03 +5.43659680e+04 +3.77016024e+02  +8.97378740e+01 +7.41192405e-01  +1.74344982e+05 +1.04950324e+03    -2.81807353e-05 +1.39886564e-03  -2.22812009e-02 +3.63548782e+00  +8.59429260e-06 -6.01359520e-04 
-7.69117994e-03 +0.00000000e+00 -2.20130670e-03 +2.05068745e+05 +9.65798274e+02  -2.59508660e+02 -2.30364636e+00  +4.46506250e+04 -6.62236013e+01    -4.75672226e-05 +4.94906900e-03  -1.04161485e-01 +1.97058901e+01  +9.65367765e-05 -7.71264795e-03 
-6.00789797e-03 +0.00000000e+00 +5.28253367e-03 +2.60592255e+05 -9.03052915e+02  +7.79566752e+02 +1.19816157e+00  -5.00878213e+05 -1.66623032e+03    +3.20961609e-04 -2.93521434e-02  -2.53819295e-01 +7.48529771e+01  -4.26208139e-05 +4.98708311e-02 
+1.19901768e-03 +0.00000000e+00 +7.90963695e-03 -2.91977342e+06 +3.10493169e+04  -9.60509009e+03 -6.70816961e-01  -3.71252436e+07 +3.25230092e+04    +9.83096322e-04 -2.64457289e-01  +5.00810861e-01 -1.04879390e+03  +9.26811656e-05 +1.14027732e-01 
+7.30356201e-03 +0.00000000e+00 +3.26465649e-03 -2.69238175e+05 -1.75742762e+02  -3.00822760e+02 -5.74338955e-01  -2.00109476e+05 -1.11349047e+03    -9.93323475e-06 -3.94022923e-03  +1.89134443e-01 -4.63334849e+01  -5.19785491e-06 +4.41117054e-03 
+6.69324511e-03 +0.00000000e+00 -4.38183408e-03 -1.67292932e+05 -9.55052410e+02  +3.61452464e+02 +3.44687311e+00  +9.96614696e+04 +3.52986160e+02    +8.20374460e-05 -9.63311428e-03  +7.78796689e-02 -1.37605651e+01  +4.90556899e-05 -4.17722920e-03 
-7.08104743e-05 +0.00000000e+00 -7.99968661e-03 +1.93946777e+03 +1.43085541e+01  +1.91826469e+02 +1.74920998e+00  +1.81407423e+05 +1.12108957e+03    -1.73689691e-05 +5.39115746e-04  -6.83742660e-04 +1.13477628e-01  +2.93057733e-06 -2.93387392e-04 
-6.76976323e-03 +0.00000000e+00 -4.26266416e-03 +1.70098178e+05 +9.64192031e+02  -6.51939814e+01 -3.81166102e-01  +9.69451556e+04 +3.31240618e+02    -2.52450302e-05 +5.99255422e-04  -7.91942577e-02 +1.40600329e+01  +4.12823319e-05 -3.04233456e-03 
-7.24462690e-03 +0.00000000e+00 +3.39343206e-03 +2.71650076e+05 +1.47111717e+02  +4.16165452e+02 +8.06193767e-01  -2.11430921e+05 -1.13855777e+03    +1.63962653e-04 -2.04287170e-02  -1.91781480e-01 +4.74704492e+01  +1.13510149e-04 +6.35482040e-03 
-1.05881400e-03 +0.00000000e+00 +7.92962249e-03 +6.36477981e+06 -2.99109616e+04  +8.20231955e+03 +1.01125214e+01  -5.67052394e+07 +3.79773875e+04    -3.89837870e-05 +9.71118521e-01  -4.63529127e-01 +1.30427791e+03  -3.89170264e-04 -1.18431710e-01 
+6.10046760e-03 +0.00000000e+00 +5.17535458e-03 -2.66287399e+05 +7.98843066e+02  -8.83180962e+02 -3.85347791e+00  -4.74208148e+05 -1.62724327e+03    -2.26239080e-04 +1.41521901e-02  +2.49146443e-01 -7.24786417e+01  -1.33980300e-04 -5.69102731e-04 
+7.65100743e-03 +0.00000000e+00 -2.33711047e-03 -2.02918004e+05 -9.68618901e+02  +1.98050440e+02 +1.61839849e+00  +4.82833318e+04 -4.16853803e+01    +5.91352149e-05 -5.65792560e-03  +1.02684813e-01 -1.93151417e+01  +2.53677164e-05 -1.91527761e-03 
+2.16724631e-03 +0.00000000e+00 -7.70084693e-03 -5.13081014e+04 -3.57300562e+02  -3.70547863e+02 -3.56582564e+00  +1.74859912e+05 +1.05483607e+03    -6.01183459e-05 +5.15242157e-03  +2.10376835e-02 -3.41554949e+00  -1.01719510e-05 +6.17021427e-04 
-5.30907107e-03 +0.00000000e+00 -5.98446024e-03 +1.28076005e+05 +8.11448425e+02  +4.68704400e+02 +4.09023213e+00  +1.37340385e+05 +6.88274471e+02    +1.54451106e-05 -3.84144440e-03  -5.59590034e-02 +9.49747234e+00  +2.38586896e-05 -2.32256825e-03 
