# scuff-scatter run on pekka-pc (09/25/15::22:31:39)
# columns: 
# 1,2,3   x,y,z (evaluation point coordinates)
# 4,5     real, imag Ex
# 6,7     real, imag Ey
# 8,9     real, imag Ez
# 10,11   real, imag Hx
# 12,13   real, imag Hy
# 14,15   real, imag Hz
+0.00000000e+00 +0.00000000e+00 +8.00000000e-03 -nan -nan  -nan -nan  -nan -nan    -nan -nan  -nan -nan  -nan -nan 
+6.73176788e-03 +0.00000000e+00 +4.32241845e-03 -2.20842906e+05 +8.87619136e+03  -6.65460354e+02 +9.68540364e+00  -4.60781083e+05 -1.42677051e+04    -2.03507199e-03 +7.28129734e-03  +5.75876440e+00 -1.81461669e+02  -4.64052560e-04 +5.03560588e-02 
+7.27437941e-03 +0.00000000e+00 -3.32917469e-03 -3.07757895e+05 -1.39914117e+04  +4.07800045e+02 +2.96423260e+01  +8.34583327e+04 +4.00117666e+02    +2.34940650e-03 -3.36571309e-02  +2.97065658e+00 -6.11975162e+01  +2.15719626e-03 -2.60574000e-02 
+1.12896006e-03 +0.00000000e+00 -7.91993997e-03 -5.11439634e+04 -3.13509048e+03  -3.20260919e+02 -2.52805609e+01  +3.21029073e+05 +1.75739786e+04    -1.53607397e-03 +1.98830477e-02  +3.78996276e-01 -6.88498062e+00  -4.11539874e-05 -3.74805316e-04 
-6.05441996e-03 +0.00000000e+00 -5.22914897e-03 +2.64716097e+05 +1.40357442e+04  +8.63034790e+02 +6.36289526e+01  +1.81032549e+05 +6.89831222e+03    +9.15157472e-04 -1.70881021e-02  -2.24937377e+00 +4.38299744e+01  +1.28599571e-04 -3.95794691e-03 
-7.67139420e-03 +0.00000000e+00 +2.26929748e-03 +2.94269492e+05 +1.51361986e+03  +6.94341174e+02 +7.54973336e+00  -2.40737702e+05 -1.23635556e+04    +3.09433181e-03 -6.61870521e-02  -4.82777950e+00 +1.28536947e+02  +4.89990957e-03 -5.33462235e-02 
-2.23532399e-03 +0.00000000e+00 +7.68136229e-03 -4.08996327e+06 -1.85808284e+05  +4.92629145e+04 -2.46091245e+02  -5.22402247e+06 +5.99922490e+04    +7.32409436e-02 -1.44937188e+00  -1.11022795e+01 +9.79539695e+02  -6.81686571e-02 +5.68046681e+00 
+5.25589279e-03 +0.00000000e+00 +6.03121803e-03 +3.53347728e+04 +2.73171459e+04  -1.28881691e+03 -5.54797629e+01  -9.57046388e+05 -1.49104765e+04    -3.53792417e-03 +2.13985523e-01  +7.12043859e+00 -2.84507469e+02  -1.40335468e-02 +4.76918040e-01 
+7.91486597e-03 +0.00000000e+00 -1.16400027e-03 -3.25779287e+05 -1.12468739e+04  +7.11817720e+02 +4.50610127e+01  -2.85529646e+04 -5.67675681e+03    +2.49142350e-03 -4.04214705e-02  +3.68000819e+00 -8.20304190e+01  +3.50721679e-03 -4.27380304e-02 
+3.29694788e-03 +0.00000000e+00 -7.28904210e-03 -1.48751710e+05 -8.87034456e+03  -9.95662052e+02 -7.84022432e+01  +2.86180841e+05 +1.47872187e+04    -1.96363650e-03 +2.52917589e-02  +1.13370137e+00 -2.09063493e+01  -6.53194285e-04 +7.35452004e-03 
-4.35216889e-03 +0.00000000e+00 -6.71257223e-03 +1.93749683e+05 +1.12066606e+04  +7.35997697e+02 +5.17758903e+01  +2.56446658e+05 +1.24689114e+04    +2.36117051e-04 -6.33498493e-03  -1.52097209e+00 +2.85078166e+01  +6.96362326e-04 -1.16078347e-02 
-7.99992165e-03 +0.00000000e+00 +3.54055839e-05 +3.22918889e+05 +8.60305011e+03  -2.72010977e+01 -7.50563301e+00  -9.47135525e+04 -8.46556650e+03    -3.68656337e-04 +9.67228531e-04  -4.05946152e+00 +9.54454435e+01  +3.19173209e-03 -3.49028076e-02 
-4.29258334e-03 +0.00000000e+00 +6.75083167e-03 -4.67543722e+05 -4.78501840e+04  -1.62306240e+03 -2.06746319e+02  -1.54025296e+06 -1.35750533e+04    +3.03850327e-03 +7.48783825e-01  -8.21962881e+00 +3.91100746e+02  +1.29260108e-02 -1.83342040e-01 
+3.36133629e-03 +0.00000000e+00 +7.25957425e-03 +1.45866520e+06 +8.67011673e+04  -2.65977656e+03 -1.50228476e+02  -2.51248115e+06 -5.11257495e+03    +1.16843509e-02 -1.07197656e-01  +9.54763430e+00 -5.58884083e+02  -6.59518595e-03 +1.24309024e-01 
+7.92485885e-03 +0.00000000e+00 +1.09389775e-03 -3.13995416e+05 -5.63122562e+03  +3.09328256e+02 +2.53205629e+01  -1.58479377e+05 -1.05230649e+04    +1.53414035e-04 -3.88102568e-03  +4.41532234e+00 -1.09460431e+02  +2.38710259e-03 -1.62558050e-02 
+5.20230272e-03 +0.00000000e+00 -6.07750330e-03 -2.29318988e+05 -1.27962431e+04  +5.77709623e+02 +4.10320729e+01  +2.24253975e+05 +1.00266105e+04    +2.51319303e-03 -3.28303986e-02  +1.86914479e+00 -3.55618307e+01  +1.63369004e-03 -2.33332543e-02 
-2.30322653e-03 +0.00000000e+00 -7.66127584e-03 +1.04500504e+05 +6.33874353e+03  +1.91998601e+02 +1.34963812e+01  +3.07270477e+05 +1.64679716e+04    -8.43258011e-04 +1.05215256e-02  -7.77077728e-01 +1.42423931e+01  +2.64119940e-04 -3.69874626e-03 
-7.69117994e-03 +0.00000000e+00 -2.20130670e-03 +3.20856382e+05 +1.28974710e+04  -5.72371568e+02 -3.84753715e+01  +2.66524627e+04 -2.86616748e+03    -1.85653368e-03 +2.61587171e-02  -3.33933321e+00 +7.15947158e+01  +3.19406006e-03 -4.41699065e-02 
-6.00789797e-03 +0.00000000e+00 +5.28253367e-03 +1.30060889e+05 -1.66944963e+04  +8.51844190e+02 +7.13621492e-01  -6.66370916e+05 -1.48643691e+04    +6.80615036e-03 -1.28846536e-01  -6.39322368e+00 +2.26308630e+02  +1.76388989e-03 +9.71154337e-02 
+1.19901768e-03 +0.00000000e+00 +7.90963695e-03 +2.99496923e+04 +2.63490143e+05  -9.94594258e+03 -5.81751653e+01  -3.39344537e+07 +2.93697048e+05    +2.76646977e-02 -8.35262296e-01  +9.65672708e+00 -2.41391667e+03  +1.09695189e-03 +2.26611872e-01 
+7.30356201e-03 +0.00000000e+00 +3.26465649e-03 -2.66288429e+05 +2.95428755e+03  -2.73854479e+02 +1.36538247e+01  -3.29111565e+05 -1.35536549e+04    -1.22856362e-03 -1.92970393e-03  +5.24375439e+00 -1.50013585e+02  +1.28052664e-03 +5.66800595e-03 
+6.69324511e-03 +0.00000000e+00 -4.38183408e-03 -2.88158924e+05 -1.43648091e+04  +8.48941138e+02 +6.32406485e+01  +1.36242420e+05 +3.79013590e+03    +3.45360742e-03 -4.72934991e-02  +2.59450084e+00 -5.17233672e+01  +2.42202378e-03 -2.67842281e-02 
-7.08104743e-05 +0.00000000e+00 -7.99968661e-03 +3.86905615e+03 +2.47232677e+02  +4.37958675e+02 +3.26953428e+01  +3.24453040e+05 +1.78474638e+04    -5.06731240e-04 +6.06462830e-03  -2.38889729e-02 +4.40750301e-01  +6.44573372e-05 -1.16102025e-03 
-6.76976323e-03 +0.00000000e+00 -4.26266416e-03 +2.91900484e+05 +1.44418965e+04  -9.52659528e+01 -1.19056478e+00  +1.30669811e+05 +3.43433207e+03    -8.20638750e-04 +8.50120277e-03  -2.63242602e+00 +5.27233756e+01  +9.46452190e-04 -1.61622096e-02 
-7.24462690e-03 +0.00000000e+00 +3.39343206e-03 +2.64881400e+05 -3.41240874e+03  +4.24859974e+02 -8.50169488e+00  -3.42051702e+05 -1.35951472e+04    +4.55623845e-03 -8.43799731e-02  -5.28864948e+00 +1.53060955e+02  +4.01434581e-03 -1.78759137e-02 
-1.05881400e-03 +0.00000000e+00 +7.92962249e-03 +3.52767621e+06 -2.53047535e+05  +4.72602016e+03 -7.11463663e+02  -5.30037160e+07 +3.38491321e+05    +2.66227782e-02 +2.00207471e+00  -8.93293903e+00 +2.96802620e+03  -3.00553289e-03 -1.99668753e-01 
+6.10046760e-03 +0.00000000e+00 +5.17535458e-03 -1.46815176e+05 +1.56247903e+04  -1.19514057e+03 -1.76222237e+01  -6.37059307e+05 -1.47395486e+04    -3.10559242e-03 +4.84251043e-02  +6.31543616e+00 -2.20137220e+02  -1.55726565e-03 +1.86800852e-02 
+7.65100743e-03 +0.00000000e+00 -2.33711047e-03 -3.19476192e+05 -1.30426142e+04  +4.01221059e+02 +2.35930639e+01  +3.33445998e+04 -2.51005821e+03    +2.14478361e-03 -2.82446464e-02  +3.30158113e+00 -7.03708741e+01  +1.63727754e-03 -1.60716562e-02 
+2.16724631e-03 +0.00000000e+00 -7.70084693e-03 -9.88753998e+04 -6.02057555e+03  -8.80155228e+02 -6.77817153e+01  +3.08533318e+05 +1.65710271e+04    -2.24837425e-03 +2.88989839e-02  +7.35004689e-01 -1.34165674e+01  -3.74306044e-04 +4.34872133e-03 
-5.30907107e-03 +0.00000000e+00 -5.98446024e-03 +2.33584981e+05 +1.29649902e+04  +1.03256951e+03 +7.25221391e+01  +2.19664166e+05 +9.69290793e+03    +7.85071146e-04 -1.36247199e-02  -1.90843017e+00 +3.64461127e+01  +5.88149709e-04 -1.07128605e-02 
