# scuff-scatter run on pekka-pc (09/25/15::22:35:03)
# columns: 
# 1,2,3   x,y,z (evaluation point coordinates)
# 4,5     real, imag Ex
# 6,7     real, imag Ey
# 8,9     real, imag Ez
# 10,11   real, imag Hx
# 12,13   real, imag Hy
# 14,15   real, imag Hz
+0.00000000e+00 +0.00000000e+00 +8.00000000e-03 -nan -nan  -nan -nan  -nan -nan    -nan -nan  -nan -nan  -nan -nan 
+6.73176788e-03 +0.00000000e+00 +4.32241845e-03 -4.32861559e+06 -6.15825791e+06  +3.08354630e+04 -7.50220000e+04  +4.25028246e+06 -3.96778855e+06    +2.46676322e+00 +3.19329882e+00  +3.99319049e+02 +9.19123232e+02  -4.70998853e+00 -7.12855982e+00 
+7.27437941e-03 +0.00000000e+00 -3.32917469e-03 +2.64058484e+05 +2.31376417e+06  +7.41573378e+03 +1.95715141e+04  -2.34341063e+06 -3.44858408e+05    +2.53693089e-01 -1.26670507e+00  -2.19706239e+02 -2.29577223e+02  +1.13355211e+00 -1.73852722e+00 
+1.12896006e-03 +0.00000000e+00 -7.91993997e-03 -5.93871233e+05 -7.24587581e+05  -7.57370523e+03 -2.53072693e+04  +2.30638699e+06 +1.69764342e+06    -2.31503342e+00 +7.30300802e-01  +5.19226967e+01 -6.77995936e+01  -2.99766001e-01 +8.97563979e-02 
-6.05441996e-03 +0.00000000e+00 -5.22914897e-03 +1.73171768e+06 -7.03065676e+05  +2.86284591e+04 -7.43928830e+03  -9.07892237e+05 -1.58219063e+06    -4.00246198e-01 -4.42032180e-01  +1.01950331e+01 +3.00384059e+02  +4.28249535e-01 +1.08728719e-01 
-7.67139420e-03 +0.00000000e+00 +2.26929748e-03 -2.13488670e+06 +4.53582297e+06  -5.38916403e+04 +4.02150213e+04  +3.80226776e+06 +1.95177032e+06    -7.05828810e-01 -2.84162980e-01  +2.44570930e+02 -6.54549473e+02  -1.22164059e+00 -1.79169880e+00 
-2.23532399e-03 +0.00000000e+00 +7.68136229e-03 -2.21380145e+07 -3.40602321e+07  +3.19463935e+05 -9.51903105e+05  -1.38268557e+07 +1.62319082e+07    +7.37594298e+01 +7.84431696e-01  -2.53771045e+03 +2.34001848e+03  +8.79792444e+00 +2.78453109e+01 
+5.25589279e-03 +0.00000000e+00 +6.03121803e-03 -1.00253664e+07 +2.37971836e+06  +9.62082786e+04 -1.45575515e+05  -3.05563259e+06 -9.53740901e+06    +7.82649699e+00 +8.75440391e+00  +1.44312052e+03 +5.77971783e+02  -1.31051827e+01 -8.43174358e+00 
+7.91486597e-03 +0.00000000e+00 -1.16400027e-03 +2.99730747e+06 +1.62787805e+06  -1.01768224e+04 -1.86699509e+04  -1.44493952e+06 +2.24533984e+06    -6.98783393e-01 -7.65139089e-01  -4.09141698e+02 +2.91340049e+01  -4.73766899e-01 -2.81723004e+00 
+3.29694788e-03 +0.00000000e+00 -7.28904210e-03 -1.66122129e+06 -1.42120144e+06  -2.35574996e+04 -6.78588959e+04  +1.53783208e+06 +1.56914309e+05    -3.75450807e+00 +5.10979667e-01  +1.14784655e+02 -1.95358860e+02  -1.52430758e+00 +2.22991890e-01 
-4.35216889e-03 +0.00000000e+00 -6.71257223e-03 +1.98190840e+06 +1.07654972e+06  +1.51708195e+04 -5.43855161e+03  +8.35151302e+05 -7.53499083e+05    -1.04334568e+00 +1.79832905e-01  -1.04692906e+02 +2.47555516e+02  +8.56702407e-01 -3.79807119e-01 
-7.99992165e-03 +0.00000000e+00 +3.54055839e-05 -3.72841800e+06 +1.30064363e+05  -1.08272835e+04 -7.13894095e+02  +6.56998588e+04 +3.17945465e+06    +6.52315396e-03 -1.95390270e-01  +4.38042595e+02 -2.24249996e+02  -2.90790715e-01 -1.26109262e+00 
-4.29258334e-03 +0.00000000e+00 +6.75083167e-03 +8.21153773e+06 -1.04081796e+07  +6.54605314e+03 -3.33133359e+05  -1.04488343e+07 -8.03237026e+06    +2.65244809e+01 +4.99748515e+00  -1.96085240e+03 +3.98475781e+01  +1.94874462e+01 +1.43093323e+00 
+3.36133629e-03 +0.00000000e+00 +7.25957425e-03 -3.66448302e+05 +2.09150505e+07  +1.67498188e+05 -2.26993776e+05  -1.71452397e+07 -1.95044148e+06    +2.29643024e+01 +1.54989088e+01  +2.40125585e+03 -9.19692510e+02  -1.15406676e+01 -8.06798602e+00 
+7.92485885e-03 +0.00000000e+00 +1.09389775e-03 +3.69674565e+06 -2.20623441e+06  +2.11792224e+04 +1.67917217e+04  +1.95404315e+06 +3.14821256e+06    -6.56223033e-01 +4.83375859e-01  -3.95895283e+02 +4.44820776e+02  +6.59194602e-01 -5.87950120e+00 
+5.20230272e-03 +0.00000000e+00 -6.07750330e-03 -2.02943465e+06 -3.10080628e+05  +1.68879090e+04 -3.14298720e+04  +3.32689011e+04 -1.40807949e+06    -1.39042309e+00 -1.67248875e+00  +6.38751206e+01 -2.85367652e+02  -1.41675591e+00 -1.00774048e+00 
-2.30322653e-03 +0.00000000e+00 -7.66127584e-03 +1.19339104e+06 +1.26629479e+06  +6.09902789e+02 -2.85474897e+03  +2.02576107e+06 +1.05787432e+06    -1.29016846e+00 +7.37888208e-01  -9.31219416e+01 +1.34915352e+02  +4.61316776e-01 -2.56135798e-01 
-7.69117994e-03 +0.00000000e+00 -2.20130670e-03 -1.71327850e+06 -2.31623019e+06  -1.52502885e+04 +1.98148484e+04  -2.22863979e+06 +9.41279220e+05    +5.26883415e-01 +4.25192715e-01  +3.25845334e+02 +1.20975143e+02  -8.88248277e-01 -1.67909135e+00 
-6.00789797e-03 +0.00000000e+00 +5.28253367e-03 +7.82095615e+06 +2.90755882e+06  -6.14890314e+04 -3.94817535e+04  +1.71023126e+06 -7.40349874e+06    +7.51571903e+00 -2.66196175e+00  -9.02934242e+02 -8.39574185e+02  +8.01291291e+00 -3.17793337e+00 
+1.19901768e-03 +0.00000000e+00 +7.90963695e-03 +3.44817870e+07 +3.51269283e+07  +2.59740506e+05 -2.82820040e+05  -1.02773902e+07 +4.91756237e+07    +4.22580657e+01 +1.72575555e+01  +1.88627980e+03 -4.53331887e+03  -5.79573350e+00 -3.74022830e+00 
+7.30356201e-03 +0.00000000e+00 +3.26465649e-03 -6.01128440e+05 -6.01854205e+06  +2.85264384e+04 -3.81787425e+04  +4.90663551e+06 -2.76541708e+05    +6.01053143e-01 +2.29987067e+00  -2.34325989e+00 +8.39396663e+02  -1.67346790e+00 -6.53958693e+00 
+6.69324511e-03 +0.00000000e+00 -4.38183408e-03 -1.00324118e+06 +1.62002813e+06  +2.84589552e+04 +7.10042981e+03  -1.79562533e+06 -1.26095767e+06    +2.29208068e-01 -2.03792971e+00  -1.04058442e+02 -2.89344335e+02  +5.71435933e-01 -2.12747595e+00 
-7.08104743e-05 +0.00000000e+00 -7.99968661e-03 +4.56730882e+04 +6.52974499e+04  +6.49009046e+03 +8.99283395e+03  +2.37305169e+06 +1.86696020e+06    -1.30796929e+00 +5.54005060e-01  -3.36590095e+00 +3.61437013e+00  +4.21652453e-02 -2.13389210e-02 
-6.76976323e-03 +0.00000000e+00 -4.26266416e-03 +9.37805982e+05 -1.69812586e+06  +1.28693282e+04 +1.78706163e+04  -1.82134581e+06 -1.16667752e+06    +2.53842026e-01 +1.37262338e-01  +1.13237192e+02 +2.84254569e+02  -5.63808903e-01 -8.70152161e-02 
-7.24462690e-03 +0.00000000e+00 +3.39343206e-03 +6.76049462e+05 +6.12802806e+06  -3.15981190e+04 +4.46242367e+04  +4.82499583e+06 -7.84879763e+05    -6.65395106e-01 -4.63174797e-01  -3.86002444e+01 -8.33735143e+02  -2.50159315e-01 -2.35056518e+00 
-1.05881400e-03 +0.00000000e+00 +7.92962249e-03 -2.94695138e+07 -3.30048857e+07  +9.32632485e+04 -1.46340732e+06  -2.23912760e+07 +5.35730698e+07    +8.12559720e+01 +1.66286483e+01  -1.75652063e+03 +5.14566740e+03  +1.06410484e+01 +3.04361222e+00 
+6.10046760e-03 +0.00000000e+00 +5.17535458e-03 -7.52831785e+06 -3.72817166e+06  +4.23749179e+04 -1.17623594e+05  +1.89939278e+06 -7.46391414e+06    +5.14004757e+00 +4.66635796e+00  +8.61393364e+02 +8.58174225e+02  -7.02484282e+00 -7.80602741e+00 
+7.65100743e-03 +0.00000000e+00 -2.33711047e-03 +1.59984375e+06 +2.38725816e+06  -1.51127506e+04 +7.17102123e+03  -2.28908933e+06 +8.16584140e+05    -1.50736767e-01 -1.07448682e+00  -3.19992859e+02 -1.32446818e+02  +6.92082098e-01 -1.48962595e+00 
+2.16724631e-03 +0.00000000e+00 -7.70084693e-03 -1.14474606e+06 -1.26563185e+06  -1.97270301e+04 -4.75797437e+04  +2.04454686e+06 +1.10128987e+06    -3.19490025e+00 +8.47392428e-01  +9.23431186e+01 -1.29989586e+02  -7.19194639e-01 +2.02095630e-01 
-5.30907107e-03 +0.00000000e+00 -5.98446024e-03 +2.01277721e+06 +2.45548452e+05  +2.45919871e+04 -1.14837964e+04  -5.13999823e+04 -1.43291051e+06    -7.14269767e-01 -2.60381850e-01  -5.92692453e+01 +2.86082875e+02  +9.54542174e-01 -2.13367975e-01 
