# scuff-scatter run on pekka-pc (09/25/15::22:38:33)
# columns: 
# 1,2,3   x,y,z (evaluation point coordinates)
# 4,5     real, imag Ex
# 6,7     real, imag Ey
# 8,9     real, imag Ez
# 10,11   real, imag Hx
# 12,13   real, imag Hy
# 14,15   real, imag Hz
+0.00000000e+00 +0.00000000e+00 +8.00000000e-03 -nan -nan  -nan -nan  -nan -nan    -nan -nan  -nan -nan  -nan -nan 
+6.73176788e-03 +0.00000000e+00 +4.32241845e-03 -2.20201364e+05 -4.40859267e+03  -1.80375628e+02 -1.07594781e+01  -4.52517098e+04 -6.24973865e+03    +9.97097261e-05 -4.27434826e-03  +3.87429368e+00 -7.30544059e+01  +2.91281670e-04 +1.58964671e-02 
+7.27437941e-03 +0.00000000e+00 -3.32917469e-03 -4.26719898e+04 -2.98646882e+03  -4.98808956e+00 +1.85148332e+00  +3.81893463e+04 +2.14883880e+03    +6.40612027e-04 +9.44764813e-04  +1.12755745e+00 -1.48901113e+01  +3.98561131e-04 +2.56226320e-03 
+1.12896006e-03 +0.00000000e+00 -7.91993997e-03 -3.92807506e+03 -3.62629646e+02  -5.09114492e+00 -7.87808501e-01  +3.91596401e+04 +3.40320603e+03    +2.88008239e-04 +1.12167681e-03  +1.21595320e-01 -1.40830675e+00  +8.60339806e-05 -7.37801972e-04 
-6.05441996e-03 +0.00000000e+00 -5.22914897e-03 +2.79960910e+04 +2.22799990e+03  +6.58112391e+00 +3.52128683e+00  +3.92153320e+04 +2.75043869e+03    +6.75830306e-04 -3.35073057e-03  -7.96237745e-01 +9.87394429e+00  -2.49362080e-04 +7.33021354e-04 
-7.67139420e-03 +0.00000000e+00 +2.26929748e-03 +1.27541723e+05 +4.80805269e+03  +8.03848406e+01 +1.17498356e+01  +1.19451574e+04 -1.79569674e+03    +1.19802028e-03 -6.87610484e-03  -2.60034446e+00 +4.29787528e+01  -1.02690767e-03 +1.17543661e-02 
-2.23532399e-03 +0.00000000e+00 +7.68136229e-03 +2.93674211e+06 -1.71622272e+05  +2.94153392e+04 +1.22380430e+03  -6.54110561e+06 +1.42254355e+04    +1.38261053e-02 +2.79990686e-01  -1.66638267e+01 +9.67488167e+02  -1.74960458e-01 +3.78519874e+00 
+5.25589279e-03 +0.00000000e+00 +6.03121803e-03 -4.46840705e+05 +2.51187057e+03  -1.39708132e+02 +7.46158362e+00  -2.66885874e+05 -1.63084264e+04    -8.02029047e-03 +1.50285629e-01  +6.37776831e+00 -1.45442058e+02  -8.39079723e-03 +1.68655550e-01 
+7.91486597e-03 +0.00000000e+00 -1.16400027e-03 -6.42581489e+04 -3.78316760e+03  -1.40011505e+01 +3.68626756e+00  +3.46441594e+04 +1.18735884e+03    +8.78427396e-04 -1.50835722e-03  +1.55294271e+00 -2.21220465e+01  +7.00364220e-04 +4.30290296e-03 
+3.29694788e-03 +0.00000000e+00 -7.28904210e-03 -1.22030396e+04 -1.09290884e+03  -1.89056018e+01 -3.07396506e+00  +3.92719206e+04 +3.26137470e+03    +2.00510222e-04 +2.91991465e-03  +3.72069884e-01 -4.35835698e+00  +8.14815890e-05 +9.93028889e-05 
-4.35216889e-03 +0.00000000e+00 -6.71257223e-03 +1.70734887e+04 +1.48039823e+03  +1.18586720e+01 +3.68754428e+00  +3.93393716e+04 +3.12970824e+03    +5.66999471e-04 -1.86810906e-03  -5.12625426e-01 +6.07866133e+00  -3.60011030e-05 -1.03672135e-03 
-7.99992165e-03 +0.00000000e+00 +3.54055839e-05 +8.05359539e+04 +4.19456099e+03  +1.43050648e+01 +2.02056096e+00  +3.04927715e+04 +4.34571906e+02    +3.43515338e-04 +1.09052297e-03  -1.84550803e+00 +2.75137426e+01  -8.78849789e-04 +1.14771029e-02 
-4.29258334e-03 +0.00000000e+00 +6.75083167e-03 +7.33826955e+05 -1.79543136e+04  +1.47853140e+03 +5.84162090e+01  -6.54860648e+05 -2.55649491e+04    -3.21111193e-02 +7.80357560e-01  -8.80541711e+00 +2.35842161e+02  -4.04585168e-03 +5.42209730e-02 
+3.36133629e-03 +0.00000000e+00 +7.25957425e-03 -1.27188661e+06 +5.53604208e+04  -3.80840943e+02 +2.54348150e+01  -1.63767183e+06 -3.18700292e+04    -5.88574227e-03 +1.25699620e-01  +1.20167893e+01 -4.06164285e+02  +4.00422950e-03 +6.77432665e-02 
+7.92485885e-03 +0.00000000e+00 +1.09389775e-03 -9.90734871e+04 -4.53409453e+03  -3.55152070e+01 +8.41997398e-01  +2.41766546e+04 -4.34814838e+02    +3.18786562e-04 +3.01987384e-03  +2.15395833e+00 -3.36571490e+01  +4.47409438e-04 +9.50054186e-03 
+5.20230272e-03 +0.00000000e+00 -6.07750330e-03 -2.18527434e+04 -1.82586538e+03  -1.87664994e+01 +2.36116664e+00  +3.93352723e+04 +2.97872592e+03    +5.47127603e-04 +3.07275901e-03  +6.39436383e-01 -7.75383016e+00  +3.97168046e-04 -9.84035653e-05 
-2.30322653e-03 +0.00000000e+00 -7.66127584e-03 +8.20328086e+03 +7.51958351e+02  +3.74024361e+00 +1.27248819e+00  +3.92085991e+04 +3.34677427e+03    +3.76002938e-04 -7.17683528e-05  -2.55052824e-01 +2.93632945e+00  -7.38619769e-05 +1.51965688e-04 
-7.69117994e-03 +0.00000000e+00 -2.20130670e-03 +5.29792830e+04 +3.40766249e+03  -1.22832147e+01 -1.70054998e+00  +3.67904696e+04 +1.69462056e+03    +1.70175031e-04 +1.49327173e-03  -1.34020888e+00 +1.83584182e+01  -3.13470531e-04 +3.52711317e-03 
-6.00789797e-03 +0.00000000e+00 +5.28253367e-03 +3.12355123e+05 +2.32031466e+03  +3.21007275e+02 +1.93785147e+01  -1.23167632e+05 -1.05793367e+04    +1.17771068e-03 +2.35152389e-02  -4.98290884e+00 +1.02606556e+02  -6.44008384e-03 +1.05440090e-01 
+1.19901768e-03 +0.00000000e+00 +7.90963695e-03 -1.08276448e+07 +2.86757718e+05  -1.02882891e+04 +2.82472047e+01  -4.48929140e+07 +2.68578423e+05    -1.05744383e-02 -7.09304941e-01  +1.63427722e+01 -3.44225511e+03  +1.34260228e-02 +6.90745375e-01 
+7.30356201e-03 +0.00000000e+00 +3.26465649e-03 -1.62649615e+05 -4.87123319e+03  -4.94343675e+01 -7.16920510e+00  -6.93588089e+03 -3.45836310e+03    +5.19686236e-04 -5.59537418e-03  +3.10612420e+00 -5.44113204e+01  +5.33703195e-04 +7.73214792e-03 
+6.69324511e-03 +0.00000000e+00 -4.38183408e-03 -3.42829447e+04 -2.57880420e+03  -1.66769600e+00 +3.15862691e+00  +3.89164800e+04 +2.49896687e+03    +7.00895179e-04 +1.15682821e-03  +9.42848632e-01 -1.20341028e+01  +2.67051859e-04 +3.79971609e-03 
-7.08104743e-05 +0.00000000e+00 -7.99968661e-03 +2.43968915e+02 +2.56954334e+01  +4.78490753e+00 +2.05911153e+00  +3.91679933e+04 +3.41871376e+03    +4.11686535e-04 +6.52812009e-05  -8.66049603e-03 +8.57257884e-02  +1.13667369e-05 -2.27031071e-04 
-6.76976323e-03 +0.00000000e+00 -4.26266416e-03 +3.51882736e+04 +2.63026893e+03  -2.05331572e+00 -8.04412989e-01  +3.88663725e+04 +2.45908336e+03    +4.21631909e-04 -1.93553493e-03  -9.65214544e-01 +1.23370906e+01  -2.48339489e-04 +1.49048036e-03 
-7.24462690e-03 +0.00000000e+00 +3.39343206e-03 +1.68198600e+05 +4.85100516e+03  +8.36953087e+01 +1.13737420e+01  -1.01044990e+04 -3.75845305e+03    +1.26710767e-03 -2.15072556e-03  -3.18742633e+00 +5.62036172e+01  -2.23478971e-03 +3.08981775e-02 
-1.05881400e-03 +0.00000000e+00 +7.92962249e-03 +1.40127435e+07 -2.78405410e+05  -2.53236718e+04 +2.31994535e+03  -6.59087600e+07 +3.22388746e+05    -1.36747733e-01 +1.64830609e+00  -1.51488290e+01 +4.42668565e+03  -3.47577587e-02 -1.13153986e+00 
+6.10046760e-03 +0.00000000e+00 +5.17535458e-03 -2.98790272e+05 -2.77523670e+03  -1.18720008e+02 -1.31340575e+01  -1.10652212e+05 -9.97363893e+03    -1.91671982e-03 +1.93361855e-02  +4.82491266e+00 -9.82907082e+01  +1.95363889e-03 -2.91928693e-02 
+7.65100743e-03 +0.00000000e+00 -2.33711047e-03 -5.16473468e+04 -3.35747444e+03  -1.19245450e+01 +2.73757199e+00  +3.69711090e+04 +1.75705089e+03    +5.99737802e-04 +2.78861166e-03  +1.31161829e+00 -1.79135276e+01  +2.54074026e-04 +6.22817575e-03 
+2.16724631e-03 +0.00000000e+00 -7.70084693e-03 -7.69586166e+03 -7.06303017e+02  -1.32025344e+01 -2.90815002e+00  +3.91903713e+04 +3.35291142e+03    +2.16174501e-04 +1.76466151e-03  +2.37759989e-01 -2.75665563e+00  +7.67591768e-05 -2.92446991e-04 
-5.30907107e-03 +0.00000000e+00 -5.98446024e-03 +2.25193470e+04 +1.87249882e+03  +1.58326274e+01 +4.95196175e+00  +3.93224499e+04 +2.95324475e+03    +6.14542689e-04 -2.05064385e-03  -6.58663736e-01 +7.98359669e+00  -8.20992561e-05 -1.02721470e-03 
