# scuff-scatter run on pekka-pc (09/25/15::22:26:59)
# columns: 
# 1,2,3   x,y,z (evaluation point coordinates)
# 4,5     real, imag Ex
# 6,7     real, imag Ey
# 8,9     real, imag Ez
# 10,11   real, imag Hx
# 12,13   real, imag Hy
# 14,15   real, imag Hz
+0.00000000e+00 +0.00000000e+00 +8.00000000e-03 -1.00994829e+05 -2.02219874e+02  -7.00747085e+04 -2.65799091e+02  +1.44597789e+07 +9.05833946e+04    +3.76214615e-03 -8.52384721e-01  +1.73554214e-03 +8.48921679e-03  -8.73351410e-06 +1.78523290e-02 
+6.73176788e-03 +0.00000000e+00 +4.32241845e-03 -5.12078843e+04 +4.22714970e+02  -6.30195573e+02 -1.93386242e+00  -2.70397271e+05 -1.98530319e+03    -8.73587622e-05 -1.98034573e-03  +3.96034089e-01 -4.88024563e+01  -1.00811058e-04 +2.13282099e-02 
+7.27437941e-03 +0.00000000e+00 -3.32917469e-03 -1.49652971e+05 -1.46902500e+03  +1.89800232e+02 +2.51083028e+00  +3.82504059e+04 +1.88718096e+02    +1.11829307e-04 -9.47885200e-03  +1.68827945e-01 -1.63429831e+01  +8.30965082e-05 -6.22119236e-03 
+1.12896006e-03 +0.00000000e+00 -7.91993997e-03 -2.37082322e+04 -2.84346186e+02  -1.40930553e+02 -2.03022051e+00  +1.49291871e+05 +1.67227534e+03    -8.16341477e-05 +4.58319960e-03  +2.02794288e-02 -1.80140361e+00  -1.04130530e-07 -4.29608846e-04 
-6.05441996e-03 +0.00000000e+00 -5.22914897e-03 +1.26353576e+05 +1.36745827e+03  +4.01361352e+02 +5.31265371e+00  +8.56470859e+04 +7.78019011e+02    +3.83938612e-05 -6.24568462e-03  -1.24465013e-01 +1.16198146e+01  +2.35439422e-05 -9.34536395e-04 
-7.67139420e-03 +0.00000000e+00 +2.26929748e-03 +1.33052740e+05 +6.13971180e+02  +5.56751770e+02 +2.70820347e+00  -1.43093219e+05 -1.36694697e+03    +1.95077469e-04 -2.26905322e-02  -3.08819578e-01 +3.48657956e+01  +2.66385477e-04 -8.85825260e-03 
-2.23532399e-03 +0.00000000e+00 +7.68136229e-03 -5.11241628e+06 -2.98513168e+04  +4.97122046e+04 +2.52731372e+01  +7.45222327e+05 +7.24408430e+03    +5.39643344e-03 -4.43979273e-01  -9.85424545e-01 +1.64020349e+02  -6.96424143e-03 +2.77415542e+00 
+5.25589279e-03 +0.00000000e+00 +6.03121803e-03 +2.54911238e+05 +2.87554838e+03  -7.48401284e+02 -7.74758458e+00  -5.05895837e+05 -2.82470381e+03    -3.91331062e-04 +1.05213995e-01  +5.36707315e-01 -7.35719315e+01  -1.29257999e-03 +1.94953783e-01 
+7.91486597e-03 +0.00000000e+00 -1.16400027e-03 -1.60411231e+05 -1.35122284e+03  +3.55456206e+02 +4.35557618e+00  -2.05094590e+04 -4.33013267e+02    +1.40356402e-04 -1.25030408e-02  +2.17089808e-01 -2.20871100e+01  +1.60712330e-04 -1.03567325e-02 
+3.29694788e-03 +0.00000000e+00 -7.28904210e-03 -6.94093130e+04 -8.15493076e+02  -4.43420890e+02 -6.21586289e+00  +1.33891864e+05 +1.44542961e+03    -9.69037212e-05 +6.20158495e-03  +6.10981120e-02 -5.48960474e+00  -3.57772931e-05 +1.55894890e-03 
-4.35216889e-03 +0.00000000e+00 -6.71257223e-03 +9.09917044e+04 +1.04588880e+03  +3.57610334e+02 +4.46529112e+00  +1.20543592e+05 +1.25374386e+03    +4.64675135e-06 -3.03103935e-03  -8.25943785e-02 +7.51092898e+00  +4.36762792e-05 -3.27353077e-03 
-7.99992165e-03 +0.00000000e+00 +3.54055839e-05 +1.58268299e+05 +1.17730242e+03  +2.34828824e+01 -4.70700244e-01  -5.73963598e+04 -7.63177464e+02    -1.50348720e-05 -7.14758043e-04  -2.45441451e-01 +2.58068164e+01  +1.72748437e-04 -5.21349247e-03 
-4.29258334e-03 +0.00000000e+00 +6.75083167e-03 -7.54525878e+05 -6.08750884e+03  +1.76701617e+02 -2.37712545e+01  -6.84046689e+05 -3.25814980e+03    -3.97708667e-04 +4.27573424e-01  -6.55484476e-01 +9.60034037e+01  +7.14488813e-04 -3.88751787e-02 
+3.36133629e-03 +0.00000000e+00 +7.25957425e-03 +1.85832028e+06 +1.25515345e+04  -1.37401347e+03 -1.66067298e+01  -7.19994139e+05 -2.65908113e+03    +8.72913609e-04 -2.08707500e-03  +8.01869645e-01 -1.24468644e+02  -4.13375432e-04 +3.83170245e-02 
+7.92485885e-03 +0.00000000e+00 +1.09389775e-03 -1.51013577e+05 -9.58589025e+02  +1.21879631e+02 +2.11510441e+00  -9.43406205e+04 -1.04920805e+03    +1.91077899e-05 -1.44047451e-03  +2.73587162e-01 -2.96594193e+01  +6.83745334e-05 -9.64103835e-04 
+5.20230272e-03 +0.00000000e+00 -6.07750330e-03 -1.08476569e+05 -1.21590371e+03  +2.68257893e+02 +3.70529825e+00  +1.05877553e+05 +1.04851204e+03    +1.16122710e-04 -8.47993014e-03  +1.02259304e-01 -9.38908957e+00  +8.13074640e-05 -6.53076788e-03 
-2.30322653e-03 +0.00000000e+00 -7.66127584e-03 +4.85809824e+04 +5.77931666e+02  +9.54181431e+01 +1.14270953e+00  +1.43219836e+05 +1.58245675e+03    -5.15192446e-05 +1.97785668e-03  -4.17449228e-02 +3.73885325e+00  +1.57433661e-05 -8.24448018e-04 
-7.69117994e-03 +0.00000000e+00 -2.20130670e-03 +1.57324667e+05 +1.43770151e+03  -2.77039072e+02 -3.49025503e+00  +8.96261756e+03 -1.34245369e+02    -9.33882454e-05 +6.62512550e-03  -1.93379890e-01 +1.92114879e+01  +1.78677958e-04 -1.04484393e-02 
-6.00789797e-03 +0.00000000e+00 +5.28253367e-03 -5.92607133e+04 -1.39995800e+03  +7.87941335e+02 +1.59159600e+00  -3.77300020e+05 -2.40220975e+03    +5.31672190e-04 -3.87590720e-02  -4.60662312e-01 +6.00212681e+01  -2.34367978e-05 +6.16507813e-02 
+1.19901768e-03 +0.00000000e+00 +7.90963695e-03 +7.59771051e+06 +4.43906926e+04  -9.61168845e+03 -1.50133477e+00  +8.11096974e+06 +4.67072685e+04    +1.80005408e-03 -3.36698442e-01  +8.89882661e-01 -1.49092804e+02  +1.97205773e-04 +1.39955706e-01 
+7.30356201e-03 +0.00000000e+00 +3.26465649e-03 -1.05019466e+05 -1.97708125e+02  -3.04569598e+02 -6.67631181e-01  -1.95264679e+05 -1.65207487e+03    -2.00749153e-05 -4.78991101e-03  +3.46200927e-01 -4.06309719e+01  -7.05320627e-06 +5.53717231e-03 
+6.69324511e-03 +0.00000000e+00 -4.38183408e-03 -1.38737695e+05 -1.44198556e+03  +3.87799958e+02 +5.27768983e+00  +6.43090663e+04 +5.02818388e+02    +1.58751558e-04 -1.27424082e-02  +1.45166578e-01 -1.37551729e+01  +9.36559925e-05 -5.66527857e-03 
-7.08104743e-05 +0.00000000e+00 -7.99968661e-03 +1.79085054e+03 +2.19854713e+01  +2.05223005e+02 +2.70248112e+00  +1.50825941e+05 +1.69459982e+03    -3.22404126e-05 +8.31107331e-04  -1.28311493e-03 +1.18010020e-01  +4.52653064e-06 -3.80991213e-04 
-6.76976323e-03 +0.00000000e+00 -4.26266416e-03 +1.40671850e+05 +1.45492672e+03  -6.80012616e+01 -5.42483842e-01  +6.15212539e+04 +4.69547855e+02    -4.75783044e-05 +9.75119998e-04  -1.47589056e-01 +1.40332607e+01  +7.22847313e-05 -4.11175708e-03 
-7.24462690e-03 +0.00000000e+00 +3.39343206e-03 +1.01618425e+05 +1.54133838e+02  +4.21711029e+02 +1.01033424e+00  -2.03156173e+05 -1.68599140e+03    +2.95133970e-04 -2.67030607e-02  -3.50876229e-01 +4.14371818e+01  +2.04862160e-04 +6.94185138e-03 
-1.05881400e-03 +0.00000000e+00 +7.92962249e-03 -7.07499863e+06 -4.27528461e+04  +8.24644972e+03 +4.19817067e+00  +9.29046535e+06 +5.44865155e+04    +9.63037136e-05 +1.20468102e+00  -8.23597326e-01 +1.36366654e+02  -6.59479502e-04 -1.43226782e-01 
+6.10046760e-03 +0.00000000e+00 +5.17535458e-03 +3.97072530e+04 +1.24849708e+03  -9.10811007e+02 -5.40596889e+00  -3.63296329e+05 -2.34919665e+03    -2.97743005e-04 +1.80101735e-02  +4.52437188e-01 -5.85041367e+01  -2.10413079e-04 +1.42676452e-04 
+7.65100743e-03 +0.00000000e+00 -2.33711047e-03 -1.56562177e+05 -1.44329794e+03  +2.10273540e+02 +2.42349952e+00  +1.25148806e+04 -9.73453463e+01    +1.11409440e-04 -7.50765750e-03  +1.90691702e-01 -1.88663751e+01  +5.03095794e-05 -2.68247985e-03 
+2.16724631e-03 +0.00000000e+00 -7.70084693e-03 -4.59149360e+04 -5.47832356e+02  -3.97859407e+02 -5.51086382e+00  +1.43774386e+05 +1.59086600e+03    -1.13487375e-04 +6.93417451e-03  +3.94177508e-02 -3.51564415e+00  -1.92419707e-05 +8.57199533e-04 
-5.30907107e-03 +0.00000000e+00 -5.98446024e-03 +1.10594032e+05 +1.23502385e+03  +4.99990154e+02 +6.26775333e+00  +1.03718148e+05 +1.01977375e+03    +3.07108356e-05 -4.91967084e-03  -1.04578329e-01 +9.63148594e+00  +4.29011178e-05 -3.08414136e-03 
