# scuff-scatter run on pekka-pc (09/25/15::22:28:19)
# columns: 
# 1,2,3   x,y,z (evaluation point coordinates)
# 4,5     real, imag Ex
# 6,7     real, imag Ey
# 8,9     real, imag Ez
# 10,11   real, imag Hx
# 12,13   real, imag Hy
# 14,15   real, imag Hz
+0.00000000e+00 +0.00000000e+00 +8.00000000e-03 -1.02809464e+05 -3.21242662e+02  -7.24542978e+04 -4.21399327e+02  +1.52589529e+07 +1.39269166e+05    +7.48749326e-03 -1.08563837e+00  +2.82936033e-03 -7.64087961e-03  -1.75923604e-05 +2.21428030e-02 
+6.73176788e-03 +0.00000000e+00 +4.32241845e-03 -4.69239906e+04 +8.57968668e+02  -6.45947689e+02 -2.44010443e+00  -2.88339510e+05 -3.12182074e+03    -1.57926280e-04 -1.89411247e-03  +7.82517701e-01 -6.42283734e+01  -2.04308323e-04 +2.76572723e-02 
+7.27437941e-03 +0.00000000e+00 -3.32917469e-03 -1.63139491e+05 -2.42923699e+03  +2.13100988e+02 +4.27791408e+00  +3.98507412e+04 +2.75757395e+02    +2.35320832e-04 -1.28688419e-02  +3.45797488e-01 -2.19203698e+01  +1.78551184e-04 -8.64510083e-03 
+1.12896006e-03 +0.00000000e+00 -7.91993997e-03 -2.63108667e+04 -4.84426693e+02  -1.59686263e+02 -3.51858138e+00  +1.64483674e+05 +2.82934439e+03    -1.68979959e-04 +6.51347683e-03  +4.20744980e-02 -2.43405324e+00  -1.79948174e-06 -5.02166572e-04 
-6.05441996e-03 +0.00000000e+00 -5.22914897e-03 +1.38905714e+05 +2.29462579e+03  +4.50556802e+02 +9.11293679e+00  +9.26676392e+04 +1.27893153e+03    +8.23253864e-05 -8.09694030e-03  -2.56386197e-01 +1.56330692e+01  +4.28080073e-05 -1.38775737e-03 
-7.67139420e-03 +0.00000000e+00 +2.26929748e-03 +1.38446032e+05 +8.73509370e+02  +5.80557339e+02 +3.95424098e+00  -1.55696530e+05 -2.22910212e+03    +3.88621683e-04 -2.99766258e-02  -6.18110591e-01 +4.61878206e+01  +5.46734758e-04 -1.37095115e-02 
-2.23532399e-03 +0.00000000e+00 +7.68136229e-03 -5.37646679e+06 -4.60933706e+04  +4.98933488e+04 +2.46120935e+01  +8.11497725e+05 +1.17123622e+04    +1.05143610e-02 -6.02218119e-01  -1.87052859e+00 +2.11768897e+02  -1.30433591e-02 +3.47903344e+00 
+5.25589279e-03 +0.00000000e+00 +6.03121803e-03 +2.81445013e+05 +4.75678560e+03  -8.18150401e+02 -1.23544059e+01  -5.30696853e+05 -4.26694682e+03    -6.29664019e-04 +1.31494457e-01  +1.04441580e+00 -9.61129027e+01  -2.35991931e-03 +2.51059640e-01 
+7.91486597e-03 +0.00000000e+00 -1.16400027e-03 -1.72775386e+05 -2.18115559e+03  +3.95667942e+02 +7.25839068e+00  -2.46329461e+04 -7.57261763e+02    +2.86332792e-04 -1.67530944e-02  +4.41298353e-01 -2.95028126e+01  +3.31877692e-04 -1.44061479e-02 
+3.29694788e-03 +0.00000000e+00 -7.28904210e-03 -7.68804529e+04 -1.38509117e+03  -5.00935909e+02 -1.07869875e+01  +1.47016771e+05 +2.43352841e+03    -2.04070098e-04 +8.66795773e-03  +1.26561985e-01 -7.41005198e+00  -7.28145217e-05 +2.25107306e-03 
-4.35216889e-03 +0.00000000e+00 -6.71257223e-03 +1.00579777e+05 +1.77080052e+03  +3.98697376e+02 +7.63985019e+00  +1.31919227e+05 +2.10015818e+03    +1.19256298e-05 -3.77341916e-03  -1.70827296e-01 +1.01278143e+01  +8.84994601e-05 -4.48958826e-03 
-7.99992165e-03 +0.00000000e+00 +3.54055839e-05 +1.68985877e+05 +1.86118951e+03  +1.89772748e+01 -8.58357863e-01  -6.45476665e+04 -1.29138059e+03    -3.40708169e-05 -7.38416161e-04  -4.96530453e-01 +3.43795393e+01  +3.55390447e-04 -8.36043468e-03 
-4.29258334e-03 +0.00000000e+00 +6.75083167e-03 -8.09650967e+05 -9.73917907e+03  -3.90413557e+01 -3.89192479e+01  -7.12081273e+05 -4.79895709e+03    -4.83973263e-04 +5.25586904e-01  -1.26426680e+00 +1.24883240e+02  +1.55330360e-03 -5.71722972e-02 
+3.36133629e-03 +0.00000000e+00 +7.25957425e-03 +1.97050709e+06 +1.96777030e+04  -1.52554206e+03 -2.73204170e+01  -7.41976101e+05 -3.70910789e+03    +1.65811361e-03 -1.12640412e-02  +1.53447324e+00 -1.61339819e+02  -8.43952173e-04 +5.15491593e-02 
+7.92485885e-03 +0.00000000e+00 +1.09389775e-03 -1.59658618e+05 -1.47069524e+03  +1.41608963e+02 +3.59363991e+00  -1.04093200e+05 -1.74258630e+03    +3.55990818e-05 -1.91391723e-03  +5.50861627e-01 -3.94155869e+01  +1.57982640e-04 -2.02325175e-03 
+5.20230272e-03 +0.00000000e+00 -6.07750330e-03 -1.19629889e+05 -2.05097154e+03  +3.02315223e+02 +6.27800987e+00  +1.15376452e+05 +1.74460086e+03    +2.43209592e-04 -1.16838120e-02  +2.11144710e-01 -1.26499945e+01  +1.64235475e-04 -8.86160143e-03 
-2.30322653e-03 +0.00000000e+00 -7.66127584e-03 +5.38729558e+04 +9.83404643e+02  +1.05885927e+02 +1.96360154e+00  +1.57594416e+05 +2.67243187e+03    -1.04156489e-04 +2.97807278e-03  -8.65465163e-02 +5.04810366e+00  +3.19699759e-05 -1.18871996e-03 
-7.69117994e-03 +0.00000000e+00 -2.20130670e-03 +1.70509978e+05 +2.35122742e+03  -3.09436257e+02 -5.89050630e+00  +7.58886011e+03 -2.64532686e+02    -1.98414315e-04 +9.22659710e-03  -3.94578063e-01 +2.57120750e+01  +3.64721672e-04 -1.48064134e-02 
-6.00789797e-03 +0.00000000e+00 +5.28253367e-03 -7.24801702e+04 -2.42729293e+03  +8.01499853e+02 +2.14264311e+00  -3.98705530e+05 -3.70012377e+03    +9.87813866e-04 -5.27018558e-02  -9.03044690e-01 +7.86819184e+01  +4.22106193e-05 +7.49960864e-02 
+1.19901768e-03 +0.00000000e+00 +7.90963695e-03 +7.98856095e+06 +6.80853687e+04  -9.62985590e+03 -3.82658618e+00  +8.52476921e+06 +7.22251320e+04    +3.59363894e-03 -4.32331086e-01  +1.68014308e+00 -1.92396254e+02  +3.84401687e-04 +1.68695681e-01 
+7.30356201e-03 +0.00000000e+00 +3.26465649e-03 -1.06506507e+05 -1.68747374e+02  -3.09382520e+02 -5.85939843e-01  -2.10372077e+05 -2.65079081e+03    -5.40273993e-05 -5.59660340e-03  +6.88963116e-01 -5.36667118e+01  +3.51400716e-06 +6.85712492e-03 
+6.69324511e-03 +0.00000000e+00 -4.38183408e-03 -1.51978344e+05 -2.40524094e+03  +4.36775905e+02 +9.03651716e+00  +6.88002770e+04 +8.08126518e+02    +3.36663574e-04 -1.74301797e-02  +2.98302160e-01 -1.84826910e+01  +2.01427666e-04 -8.07269169e-03 
-7.08104743e-05 +0.00000000e+00 -7.99968661e-03 +1.99227466e+03 +3.75559151e+01  +2.30049437e+02 +4.66370530e+00  +1.66219977e+05 +2.86843236e+03    -6.59413535e-05 +1.38967824e-03  -2.66216003e-03 +1.58926356e-01  +8.14516820e-06 -5.05406567e-04 
-6.76976323e-03 +0.00000000e+00 -4.26266416e-03 +1.54032333e+05 +2.42497198e+03  -7.27726498e+01 -8.12439198e-01  +6.57073201e+04 +7.51695340e+02    -9.80967810e-05 +1.72437119e-03  -3.03167263e-01 +1.88508083e+01  +1.39403572e-04 -5.79659924e-03 
-7.24462690e-03 +0.00000000e+00 +3.39343206e-03 +1.02694829e+05 +9.51844389e+01  +4.29830970e+02 +1.15734291e+00  -2.18552060e+05 -2.69790819e+03    +5.81159619e-04 -3.57742563e-02  -6.97665837e-01 +5.47059069e+01  +4.18830317e-04 +6.33146033e-03 
-1.05881400e-03 +0.00000000e+00 +7.92962249e-03 -7.45132021e+06 -6.55463065e+04  +8.20157364e+03 -2.07050493e+01  +9.77258547e+06 +8.41073641e+04    +7.98837000e-04 +1.47473432e+00  -1.55483359e+00 +1.76076279e+02  -1.14468436e-03 -1.68360621e-01 
+6.10046760e-03 +0.00000000e+00 +5.17535458e-03 +5.15569561e+04 +2.18845870e+03  -9.57866571e+02 -8.00238045e+00  -3.84260872e+05 -3.62557204e+03    -4.50757160e-04 +2.31446551e-02  +8.87788369e-01 -7.67331369e+01  -3.67466607e-04 +2.01384276e-03 
+7.65100743e-03 +0.00000000e+00 -2.33711047e-03 -1.69800663e+05 -2.36358976e+03  +2.32492874e+02 +4.00784631e+00  +1.14805866e+04 -2.03316473e+02    +2.28828975e-04 -1.03142021e-02  +3.89289110e-01 -2.52589099e+01  +1.14022789e-04 -4.01250771e-03 
+2.16724631e-03 +0.00000000e+00 -7.70084693e-03 -5.09313582e+04 -9.32503482e+02  -4.48698060e+02 -9.53021266e+00  +1.58224876e+05 +2.68719801e+03    -2.36877455e-04 +9.74274897e-03  +8.17386057e-02 -4.74860766e+00  -4.00628387e-05 +1.26188286e-03 
-5.30907107e-03 +0.00000000e+00 -5.98446024e-03 +1.21923752e+05 +2.08212424e+03  +5.57781982e+02 +1.07089509e+01  +1.12954267e+05 +1.69503389e+03    +6.68935384e-05 -6.37920152e-03  -2.15873334e-01 +1.29730426e+01  +8.48508116e-05 -4.23273128e-03 
