# scuff-scatter run on pekka-pc (09/25/15::22:36:06)
# columns: 
# 1,2,3   x,y,z (evaluation point coordinates)
# 4,5     real, imag Ex
# 6,7     real, imag Ey
# 8,9     real, imag Ez
# 10,11   real, imag Hx
# 12,13   real, imag Hy
# 14,15   real, imag Hz
+0.00000000e+00 +0.00000000e+00 +8.00000000e-03 -9.69710090e+04 +2.14365740e+04  -5.57428053e+04 +2.16841796e+04  -3.30213093e+07 +9.24217482e+06    -2.59123584e+00 -6.54169193e+00  +3.13357505e+00 +9.80356151e+00  +2.75622713e-03 +1.47220280e-02 
+6.73176788e-03 +0.00000000e+00 +4.32241845e-03 +3.02617802e+05 -8.66057790e+04  -6.46713230e+02 +4.65063942e+02  +2.22127460e+05 -2.46200019e+04    -3.39838292e-02 -5.58873932e-02  +1.62729698e+01 +1.07339776e+02  +1.04743947e-01 +1.96592657e-01 
+7.27437941e-03 +0.00000000e+00 -3.32917469e-03 +7.17328893e+04 -4.97940692e+03  +1.70516494e+01 -1.82803701e+01  -5.96070280e+04 +1.02438216e+04    +1.19594974e-02 +3.08164406e-02  +1.45049055e+00 +1.97893523e+01  +1.49264597e-02 +3.40079403e-02 
+1.12896006e-03 +0.00000000e+00 -7.91993997e-03 +5.72164830e+03 +1.62077467e+02  -2.99713139e+01 +1.09915321e+01  -5.86152077e+04 +2.97465341e+03    +1.68116046e-02 +4.01700654e-02  +6.72894232e-02 +1.72153946e+00  +2.02669923e-03 +4.82780694e-03 
-6.05441996e-03 +0.00000000e+00 -5.22914897e-03 -4.47398753e+04 +1.32103145e+03  +4.19454971e+01 -2.44067825e+01  -6.12773379e+04 +7.10387369e+03    +1.75119151e-02 +4.17918669e-02  -8.46644368e-01 -1.29883700e+01  -1.41270530e-02 -3.08053658e-02 
-7.67139420e-03 +0.00000000e+00 +2.26929748e-03 -2.16747989e+05 +4.43863038e+04  +5.10141250e+01 -1.65632344e+02  +3.13679410e+04 +9.54237045e+03    +1.38901475e-03 +1.61927965e-02  -7.65839128e+00 -6.20527408e+01  -6.40534996e-02 -1.37982964e-01 
-2.23532399e-03 +0.00000000e+00 +7.68136229e-03 +8.69772622e+06 -2.32339518e+06  -7.38215363e+04 +3.99507250e+04  +2.79789828e+05 -4.07641854e+05    -1.50739144e+00 -1.98753690e+00  -1.91884502e+02 -7.18941951e+02  -3.08664446e+00 -6.12994796e+00 
+5.25589279e-03 +0.00000000e+00 +6.03121803e-03 +1.90580901e+05 -1.22759502e+05  -2.38760155e+03 +9.49327643e+02  +7.93810354e+05 -1.77052965e+05    -2.07874868e-01 -4.25006940e-01  +3.97494966e+01 +2.09519672e+02  +1.15963450e-01 +1.62912745e-01 
+7.91486597e-03 +0.00000000e+00 -1.16400027e-03 +1.12086859e+05 -1.28620007e+04  +1.05858337e+02 -7.29465914e+01  -4.88710385e+04 +1.36447008e+04    +1.00220474e-02 +2.79142639e-02  +2.67068999e+00 +3.02375399e+01  +2.06155497e-02 +4.63193006e-02 
+3.29694788e-03 +0.00000000e+00 -7.28904210e-03 +1.82051118e+04 +2.64399064e+02  -5.33818660e+01 +1.74306420e+01  -5.97175236e+04 +3.95158106e+03    +1.53175341e-02 +3.74272541e-02  +2.68963640e-01 +5.49707637e+00  +5.29799028e-03 +1.26276074e-02 
-4.35216889e-03 +0.00000000e+00 -6.71257223e-03 -2.61604136e+04 +8.10212667e+00  +3.57068047e+01 -2.84920681e+01  -6.03925449e+04 +4.79465894e+03    +1.71058210e-02 +4.11452068e-02  -4.60286081e-01 -7.89518497e+00  -7.99943076e-03 -1.79211077e-02 
-7.99992165e-03 +0.00000000e+00 +3.54055839e-05 -1.41989297e+05 +2.04710192e+04  -8.20569605e+01 +1.37632567e+01  -3.40909108e+04 +1.44480920e+04    +1.16788309e-02 +3.03008837e-02  -3.87328649e+00 -3.85145469e+01  -4.60713537e-02 -9.79732193e-02 
-4.29258334e-03 +0.00000000e+00 +6.75083167e-03 +4.36370132e+05 +1.46136822e+04  -9.56492603e+03 +5.39489371e+03  +1.44528930e+06 -3.89055607e+05    -9.42424878e-01 -1.69434458e+00  -6.88179932e+01 -3.19433361e+02  -4.12186315e-01 -7.60598703e-01 
+3.36133629e-03 +0.00000000e+00 +7.25957425e-03 -2.26059393e+06 +4.25978038e+05  -4.87452726e+03 +1.65776853e+03  +2.11752070e+06 -6.63707839e+05    -4.19205238e-01 -7.76416010e-01  +1.12831768e+02 +4.74079511e+02  +2.55181182e-01 +6.09444588e-01 
+7.92485885e-03 +0.00000000e+00 +1.09389775e-03 +1.73514803e+05 -2.94048179e+04  +1.86220424e+01 -2.44726055e+01  -1.30251388e+04 +1.43176260e+04    +6.02205801e-03 +1.87164863e-02  +5.13495041e+00 +4.74611025e+01  +3.59953749e-02 +7.53028656e-02 
+5.20230272e-03 +0.00000000e+00 -6.07750330e-03 +3.40172275e+04 -3.95921415e+02  +7.91272047e+01 -5.33099450e+01  -6.09711272e+04 +5.73350910e+03    +1.16409565e-02 +3.00984600e-02  +5.64805710e-01 +9.96067161e+00  +7.08038182e-03 +1.73131911e-02 
-2.30322653e-03 +0.00000000e+00 -7.66127584e-03 -1.21335158e+04 -2.74791464e+02  -3.00185800e+00 -3.64616990e+00  -5.90212872e+04 +3.35204824e+03    +1.73136318e-02 +4.11624924e-02  -2.11945975e-01 -3.80937628e+00  -3.96537735e-03 -9.07366868e-03 
-7.69117994e-03 +0.00000000e+00 -2.20130670e-03 -9.11687553e+04 +8.48155118e+03  -9.96353020e+01 +3.77716133e+01  -5.52395104e+04 +1.19609036e+04    +1.69169879e-02 +3.92510003e-02  -2.08430950e+00 -2.49796386e+01  -3.00839451e-02 -6.47745180e-02 
-6.00789797e-03 +0.00000000e+00 +5.28253367e-03 -3.03156048e+05 +1.14287649e+05  -8.10573148e+02 +3.14898354e+02  +4.51201090e+05 -8.06570482e+04    -1.01706423e-01 -1.31021659e-01  -2.60562258e+01 -1.51346862e+02  -2.17193616e-01 -4.32599175e-01 
+1.19901768e-03 +0.00000000e+00 +7.90963695e-03 -1.64183013e+07 +4.75702847e+06  -4.71281494e+03 -6.18269560e+03  -1.35693477e+07 +3.73665801e+06    -8.61646888e-01 -2.40077840e+00  +2.14587086e+02 +7.64433274e+02  +3.21550409e-01 +1.44989295e+00 
+7.30356201e-03 +0.00000000e+00 +3.26465649e-03 +2.60490360e+05 -6.24923429e+04  -3.17046345e+02 +2.96432597e+02  +9.49690961e+04 +1.45476712e+01    -8.86677441e-03 -5.68595404e-03  +1.06593665e+01 +7.90499766e+01  +7.31488342e-02 +1.40146759e-01 
+6.69324511e-03 +0.00000000e+00 -4.38183408e-03 +5.61007758e+04 -2.68961928e+03  +4.77137550e+01 -2.73275187e+01  -6.12669204e+04 +8.56174058e+03    +1.18745076e-02 +3.04039981e-02  +1.05151182e+00 +1.57793835e+01  +1.15365419e-02 +2.55924826e-02 
-7.08104743e-05 +0.00000000e+00 -7.99968661e-03 -3.41983868e+02 -2.78999471e+01  +1.45318369e+01 -1.23891823e+01  -5.85687429e+04 +2.90119572e+03    +1.67609659e-02 +4.01400014e-02  -2.56757636e-02 -1.74358911e-01  -2.69545421e-05 -3.19539330e-05 
-6.76976323e-03 +0.00000000e+00 -4.26266416e-03 -5.78079166e+04 +2.92641664e+03  -6.78396890e+01 +4.14875760e+01  -6.10212578e+04 +8.75361771e+03    +1.87725287e-02 +4.34965523e-02  -1.15468754e+00 -1.63877213e+01  -1.95544390e-02 -4.17824494e-02 
-7.24462690e-03 +0.00000000e+00 +3.39343206e-03 -2.63809408e+05 +6.41847080e+04  -7.95780086e+01 -1.10938849e+02  +1.08093090e+05 -2.16315935e+03    -1.32599421e-02 -9.21322228e-03  -1.13758414e+01 -8.23022871e+01  -8.76273099e-02 -1.82946294e-01 
-1.05881400e-03 +0.00000000e+00 +7.92962249e-03 +1.63265049e+07 -4.69741818e+06  -2.61035942e+05 +1.08009839e+05  -1.69964087e+07 +4.72492343e+06    -5.07854532e+00 -1.00597527e+01  -2.00370326e+02 -7.14851403e+02  -1.02828466e+00 -3.45562704e+00 
+6.10046760e-03 +0.00000000e+00 +5.17535458e-03 +3.09505828e+05 -1.11024500e+05  -1.05786855e+03 +7.30749649e+02  +4.12872986e+05 -6.88342673e+04    -8.85267214e-02 -1.75844857e-01  +2.42794910e+01 +1.44418064e+02  +1.54174923e-01 +2.83714719e-01 
+7.65100743e-03 +0.00000000e+00 -2.33711047e-03 +8.85321547e+04 -7.91291108e+03  +6.45785605e+01 -5.91180549e+01  -5.61780800e+04 +1.18152343e+04    +1.04234417e-02 +2.76203166e-02  +1.92655101e+00 +2.41124587e+01  +1.63773213e-02 +3.75341498e-02 
+2.16724631e-03 +0.00000000e+00 -7.70084693e-03 +1.12608798e+04 +2.94592634e+02  -6.25315872e+01 +2.79073234e+01  -5.90278616e+04 +3.32071152e+03    +1.66794432e-02 +4.00098311e-02  +1.54120643e-01 +3.43755168e+00  +3.70255494e-03 +8.65788560e-03 
-5.30907107e-03 +0.00000000e+00 -5.98446024e-03 -3.52925140e+04 +5.29134374e+02  +5.68839714e+01 -4.03502894e+01  -6.09536919e+04 +5.86561568e+03    +1.69018572e-02 +4.06389194e-02  -6.42372007e-01 -1.04316946e+01  -1.05737602e-02 -2.34774703e-02 
