# scuff-scatter run on pekka-pc (09/25/15::22:34:53)
# columns: 
# 1,2,3   x,y,z (evaluation point coordinates)
# 4,5     real, imag Ex
# 6,7     real, imag Ey
# 8,9     real, imag Ez
# 10,11   real, imag Hx
# 12,13   real, imag Hy
# 14,15   real, imag Hz
+0.00000000e+00 +0.00000000e+00 +8.00000000e-03 -3.25727595e+05 -3.56971579e+05  -4.38314929e+05 -4.72564192e+05  +7.43918560e+07 +4.16660543e+07    +3.10945327e+01 -2.00324886e+01  -2.07574195e+01 -1.70042583e+00  +9.28565429e-02 +1.30179005e-01 
+6.73176788e-03 +0.00000000e+00 +4.32241845e-03 -5.01184617e+06 -3.69544260e+05  -4.47236882e+04 -4.56635879e+04  -4.84092033e+05 -5.17249337e+06    +3.14027964e+00 -2.25189946e+00  +1.00460651e+03 +3.56752690e+02  -6.52752074e+00 +2.98683064e+00 
+7.27437941e-03 +0.00000000e+00 -3.32917469e-03 +2.24062863e+06 +3.68613603e+05  -2.55666511e+02 -2.03501321e+04  -3.84461344e+05 +3.36530283e+06    -1.66070009e+00 +5.67108635e-01  -6.03394665e+02 +3.49197137e+02  -2.06253028e+00 +8.57426715e-01 
+1.12896006e-03 +0.00000000e+00 -7.91993997e-03 -2.95914760e+05 +1.58643343e+06  -1.52351274e+04 +3.30253477e+04  +1.60457804e+05 -5.87879304e+06    +3.44342728e+00 +1.01100531e+00  -1.71240855e+02 -5.36002484e+00  +4.34310476e-01 +1.42335414e-01 
-6.05441996e-03 +0.00000000e+00 -5.22914897e-03 -1.17100315e+06 -3.42743737e+06  +4.01192549e+02 -2.64616973e+04  -1.41622464e+06 +1.36338239e+06    +4.68729435e-01 -1.16481228e+00  +6.84615691e+02 -1.62847501e+02  -1.13582297e+00 +1.39716071e+00 
-7.67139420e-03 +0.00000000e+00 +2.26929748e-03 +2.22950770e+06 +4.21547273e+06  +2.74233365e+04 +5.18495394e+04  +2.48028858e+06 -2.49451303e+06    -4.82162111e-01 +1.59297042e+00  -4.36176728e+02 -6.10159624e+02  -2.15694691e+00 +4.58528949e+00 
-2.23532399e-03 +0.00000000e+00 +7.68136229e-03 -2.63504898e+07 -1.85628638e+07  -8.69579224e+04 -4.01728597e+05  +1.89112874e+06 +1.31431813e+07    +2.93903328e+01 -2.09371492e+01  -1.51309868e+03 +1.80972697e+03  +3.00553520e+00 +1.54027990e+01 
+5.25589279e-03 +0.00000000e+00 +6.03121803e-03 -3.29714341e+06 +6.50329150e+06  -4.62713181e+04 -8.47607949e+04  -5.62697053e+06 -4.11669085e+06    +6.27290149e+00 -2.78160863e+00  +1.46361010e+03 -2.49143496e+02  -9.81723665e+00 +4.70861652e+00 
+7.91486597e-03 +0.00000000e+00 -1.16400027e-03 +1.92008223e+06 -3.10222708e+06  -2.61599011e+04 +7.28583460e+03  +1.53260386e+06 +2.58976798e+06    -9.75068252e-01 +7.47140871e-01  -3.09469933e+02 +5.37465570e+02  -2.47936291e+00 +2.28160570e+00 
+3.29694788e-03 +0.00000000e+00 -7.28904210e-03 -4.42818758e+05 +3.99507901e+06  -4.22719837e+04 +8.70256105e+04  -6.78683107e+05 -3.56118639e+06    +4.21628174e+00 +2.42035522e+00  -4.73209403e+02 +7.36170866e+00  +1.75005599e+00 +1.02280755e+00 
-4.35216889e-03 +0.00000000e+00 -6.71257223e-03 +1.02743084e+05 -4.41608411e+06  -2.45147991e+02 -1.50457109e+04  -1.15041306e+06 -1.86334121e+06    +1.72461160e+00 -7.81682461e-01  +5.82538516e+02 -3.91887775e+01  -1.65190346e+00 +4.24459650e-01 
-7.99992165e-03 +0.00000000e+00 +3.54055839e-05 -8.63577052e+05 +4.24155766e+06  +1.39651421e+04 +1.68742858e+04  +2.39138724e+06 +1.19159033e+06    -1.07391595e-01 -1.11580442e-01  +8.74014111e+01 -6.04895196e+02  -2.15077286e+00 +3.91050199e+00 
-4.29258334e-03 +0.00000000e+00 +6.75083167e-03 -8.07871747e+05 -1.03349035e+07  -8.52649263e+04 -8.72544618e+04  -7.94111694e+06 -8.80848759e+05    +7.08950990e+00 -2.62900873e+00  -1.58774247e+03 +7.13751995e+02  +6.07852008e+00 -3.80781101e+00 
+3.36133629e-03 +0.00000000e+00 +7.25957425e-03 +8.67372789e+06 +1.42274815e+07  -4.51541448e+04 -1.31937246e+05  -8.28182074e+06 +3.96944761e+06    +1.41192062e+01 -5.61649640e+00  +1.63251144e+03 -1.24134734e+03  -7.35809933e+00 +2.57400361e+00 
+7.92485885e-03 +0.00000000e+00 +1.09389775e-03 -4.63840362e+05 -4.77963336e+06  -8.41561940e+03 -1.81646560e+04  +2.73688331e+06 -5.45073006e+05    +2.24676409e-01 -2.07107595e-02  +1.59121418e+02 +6.35047538e+02  -4.68438298e+00 +1.74801891e+00 
+5.20230272e-03 +0.00000000e+00 -6.07750330e-03 +4.59486378e+05 +4.18807975e+06  -2.76073005e+04 +5.86218900e+02  -1.43758818e+06 -2.26717027e+05    -6.85165392e-01 +1.58016468e+00  -6.55362941e+02 +9.03815798e+01  +1.55951775e-01 +1.50445035e+00 
-2.30322653e-03 +0.00000000e+00 -7.66127584e-03 +4.79537374e+05 -3.04755332e+06  +1.18320163e+03 +2.22790420e+03  -1.97902135e+05 -4.95813734e+06    +2.64027210e+00 -3.96506614e-01  +3.33917487e+02 +5.66977093e+00  -8.84006285e-01 +6.50018478e-02 
-7.69117994e-03 +0.00000000e+00 -2.20130670e-03 -2.30057236e+06 +1.48883468e+06  +2.48836334e+04 +1.73402117e+04  +5.61402400e+05 +3.31203927e+06    +7.80434673e-01 -1.31882342e+00  +4.75210875e+02 -4.49173134e+02  -2.56759650e+00 +3.58653703e+00 
-6.00789797e-03 +0.00000000e+00 +5.28253367e-03 +4.75951564e+06 -2.93633129e+06  +2.69105404e+02 +4.13219571e+04  -3.00644977e+06 -5.31787102e+06    +2.05959955e-02 -1.94817448e-01  -1.26141219e+03 -8.65671554e+01  -9.54894186e-01 +1.65707323e-01 
+1.19901768e-03 +0.00000000e+00 +7.90963695e-03 +3.86246854e+07 +1.79042699e+07  -2.61428135e+04 -1.49200701e+05  +3.80225483e+07 +2.90548881e+07    +2.13635170e+01 -9.69424488e+00  +1.04748857e+03 -1.70888157e+03  -3.01000841e+00 +7.90943860e-01 
+7.30356201e-03 +0.00000000e+00 +3.26465649e-03 -3.77895116e+06 -2.77880275e+06  -3.02737054e+04 -3.68305456e+04  +1.54922881e+06 -4.12961277e+06    +2.12744501e+00 -1.25990816e+00  +7.17614136e+02 +5.33074832e+02  -5.65111993e+00 +2.31846471e+00 
+6.69324511e-03 +0.00000000e+00 -4.38183408e-03 +1.77183258e+06 +2.17267143e+06  -7.18275579e+03 -3.85463878e+04  -1.08366840e+06 +2.63152124e+06    -2.49982204e+00 +7.18599353e-01  -6.74837139e+02 +2.47307151e+02  -2.22668500e+00 +8.82837012e-01 
-7.08104743e-05 +0.00000000e+00 -7.99968661e-03 +3.27040944e+04 -1.30587319e+05  +5.26017591e+03 -1.59348811e+04  +2.52858119e+05 -6.11171262e+06    +2.35083848e+00 +1.36993112e-01  +9.14091801e+00 +1.55481450e+00  -6.57942261e-02 -1.77473566e-02 
-6.76976323e-03 +0.00000000e+00 -4.26266416e-03 -1.83764154e+06 -2.06411133e+06  +1.98138083e+04 -1.18884919e+04  -1.01465184e+06 +2.67649813e+06    +8.83226771e-01 -1.54632595e+00  +6.67237598e+02 -2.55633454e+02  -1.05058268e+00 +2.46425185e+00 
-7.24462690e-03 +0.00000000e+00 +3.39343206e-03 +3.90407361e+06 +2.71519429e+06  +3.47701512e+04 +3.64887180e+04  +1.27690716e+06 -4.23279064e+06    -5.95197294e-01 +2.29916143e+00  -7.35915566e+02 -5.12515506e+02  -2.10223543e+00 +3.97578607e+00 
-1.05881400e-03 +0.00000000e+00 +7.92962249e-03 -3.67579296e+07 -1.68454074e+07  -3.11453109e+05 -6.15139377e+05  +4.45532391e+07 +3.11084715e+07    +3.38560349e+01 -1.28773303e+01  -9.75764843e+02 +1.57434144e+03  +4.46508518e+00 -1.44486460e+00 
+6.10046760e-03 +0.00000000e+00 +5.17535458e-03 -5.00463280e+06 +2.47860280e+06  -5.58205555e+04 -5.92930513e+04  -2.88887563e+06 -5.34787016e+06    +4.37572691e+00 -3.12719408e+00  +1.24085997e+03 +1.16420804e+02  -6.93822055e+00 +3.11248724e+00 
+7.65100743e-03 +0.00000000e+00 -2.33711047e-03 +2.33038399e+06 -1.34689515e+06  -9.47349610e+03 +5.14860593e+03  +4.59984611e+05 +3.36544336e+06    -1.39350774e+00 +6.32323845e-01  -4.90692276e+02 +4.41469057e+02  -1.56239961e+00 +1.32688645e+00 
+2.16724631e-03 +0.00000000e+00 -7.70084693e-03 -4.91415601e+05 +2.95486047e+06  -2.85160116e+04 +6.77923828e+04  -1.68263829e+05 -5.02393135e+06    +4.29105945e+00 +1.78169042e+00  -3.23546776e+02 -6.15865893e+00  +1.00433853e+00 +4.16849760e-01 
-5.30907107e-03 +0.00000000e+00 -5.98446024e-03 -5.14571968e+05 -4.15390034e+06  -3.68319167e+03 -2.31893537e+04  -1.44695509e+06 -7.21096391e+04    +9.22000220e-01 -1.00664542e+00  +6.57186361e+02 -9.50138129e+01  -1.69779282e+00 +7.38900066e-01 
