# scuff-scatter run on pekka-pc (09/25/15::22:24:13)
# columns: 
# 1,2,3   x,y,z (evaluation point coordinates)
# 4,5     real, imag Ex
# 6,7     real, imag Ey
# 8,9     real, imag Ez
# 10,11   real, imag Hx
# 12,13   real, imag Hy
# 14,15   real, imag Hz
+0.00000000e+00 +0.00000000e+00 +8.00000000e-03 -9.90170987e+04 -7.51161242e+01  -6.74773653e+04 -9.89763758e+01  +1.35573854e+07 +3.49544440e+04    +7.41649893e-04 -4.21909107e-01  +3.93162827e-04 +1.42701548e-02  -7.24374068e-06 +9.08483465e-03 
+6.73176788e-03 +0.00000000e+00 +4.32241845e-03 -5.49946943e+04 +9.96503123e+01  -6.09720647e+02 -8.90250634e-01  -2.50750375e+05 -7.51936671e+02    -4.37288392e-05 -1.21471550e-03  +7.41204055e-02 -2.31694204e+01  -3.69369037e-06 +1.02779041e-02 
+7.27437941e-03 +0.00000000e+00 -3.32917469e-03 -1.35277141e+05 -5.14672577e+02  +1.65880055e+02 +8.53224539e-01  +3.62816250e+04 +7.34145512e+01    +1.75715933e-05 -4.34845696e-03  +2.98382087e-02 -7.58947998e+00  +1.49104794e-05 -2.78064941e-03 
+1.12896006e-03 +0.00000000e+00 -7.91993997e-03 -2.09860643e+04 -9.47630849e+01  -1.21838242e+02 -6.67318344e-01  +1.33230962e+05 +5.59628986e+02    -1.51014205e-05 +1.97973325e-03  +3.50221700e-03 -8.29263880e-01  +7.48801358e-07 -2.30771901e-04 
-6.05441996e-03 +0.00000000e+00 -5.22914897e-03 +1.13101322e+05 +4.67906977e+02  +3.50916159e+02 +1.77891905e+00  +7.80242726e+04 +2.70599186e+02    +6.22938300e-06 -3.02660080e-03  -2.17699535e-02 +5.37658792e+00  +6.10626077e-06 -3.71716735e-04 
-7.67139420e-03 +0.00000000e+00 +2.26929748e-03 +1.26676888e+05 +2.60004774e+02  +5.28959466e+02 +1.10334717e+00  -1.29698366e+05 -4.94551767e+02    +3.87353716e-05 -1.07391238e-02  -5.66913509e-02 +1.64281066e+01  +4.70039240e-05 -3.34482367e-03 
-2.23532399e-03 +0.00000000e+00 +7.68136229e-03 -4.81562376e+06 -1.14639407e+04  +4.94115549e+04 +1.37873617e+01  +6.73523858e+05 +2.62153801e+03    +1.07540560e-03 -2.02829503e-01  -1.94540163e-01 +7.95948195e+01  -1.35896622e-03 +1.39392333e+00 
+5.25589279e-03 +0.00000000e+00 +6.03121803e-03 +2.26811548e+05 +1.01012485e+03  -6.73543332e+02 -2.86825507e+00  -4.77781373e+05 -1.11982314e+03    -1.70944148e-04 +5.30955178e-02  +1.02632600e-01 -3.52267175e+01  -3.55474041e-04 +9.50354689e-02 
+7.91486597e-03 +0.00000000e+00 -1.16400027e-03 -1.47016755e+05 -4.90873879e+02  +3.13542648e+02 +1.52768548e+00  -1.64155710e+04 -1.43195321e+02    +2.28508429e-05 -5.82020169e-03  +3.88686436e-02 -1.03068959e+01  +3.12559477e-05 -4.61563527e-03 
+3.29694788e-03 +0.00000000e+00 -7.28904210e-03 -6.15813045e+04 -2.73295860e+02  -3.84894106e+02 -2.04045519e+00  +1.19956372e+05 +4.87185420e+02    -1.66986029e-05 +2.74226393e-03  +1.05820628e-02 -2.53015447e+00  -6.78625496e-06 +6.59186084e-04 
-4.35216889e-03 +0.00000000e+00 -6.71257223e-03 +8.09251220e+04 +3.52435811e+02  +3.15157552e+02 +1.49159009e+00  +1.08411489e+05 +4.25611741e+02    +4.28987304e-08 -1.53482215e-03  -1.43389234e-02 +3.46610266e+00  +8.35804612e-06 -1.47864586e-03 
-7.99992165e-03 +0.00000000e+00 +3.54055839e-05 +1.46489137e+05 +4.40282828e+02  +2.76697411e+01 -1.46814794e-01  -5.00405467e+04 -2.63029157e+02    -5.17523565e-07 -4.24444467e-04  -4.42932790e-02 +1.20804184e+01  +3.29663157e-05 -1.84153078e-03 
-4.29258334e-03 +0.00000000e+00 +6.75083167e-03 -6.94478528e+05 -2.23781760e+03  +4.03205831e+02 -8.50580116e+00  -6.51531635e+05 -1.32650404e+03    -1.76631521e-04 +2.19565212e-01  -1.26820605e-01 +4.61916166e+01  +4.36033576e-05 -1.58307117e-02 
+3.36133629e-03 +0.00000000e+00 +7.25957425e-03 +1.73395278e+06 +4.73341861e+03  -1.21569964e+03 -5.91648904e+00  -6.93312854e+05 -1.14415957e+03    +2.32755048e-04 +2.78488537e-03  +1.56801817e-01 -6.01285930e+01  -6.33043092e-05 +1.77717786e-02 
+7.92485885e-03 +0.00000000e+00 +1.09389775e-03 -1.41310502e+05 -3.72588280e+02  +1.01788570e+02 +7.28316226e-01  -8.41350349e+04 -3.70523654e+02    +3.66177275e-06 -6.70956698e-04  +4.97559677e-02 -1.39234680e+01  +9.08148693e-06 -1.63396055e-04 
+5.20230272e-03 +0.00000000e+00 -6.07750330e-03 -9.67389778e+04 -4.12361136e+02  +2.33002421e+02 +1.25994516e+00  +9.56841807e+04 +3.59178730e+02    +2.03385868e-05 -3.81998664e-03  +1.78141670e-02 -4.33705330e+00  +1.74136821e-05 -3.00033213e-03 
-2.30322653e-03 +0.00000000e+00 -7.66127584e-03 +4.30421880e+04 +1.93040634e+02  +8.45734956e+01 +3.77422191e-01  +1.27999440e+05 +5.31043990e+02    -1.02803965e-05 +7.82480055e-04  -7.21406543e-03 +1.72270046e+00  +3.15423603e-06 -3.47995385e-04 
-7.69117994e-03 +0.00000000e+00 -2.20130670e-03 +1.43166399e+05 +5.12373633e+02  -2.43627455e+02 -1.20301481e+00  +1.01317404e+04 -3.78349401e+01    -1.31909443e-05 +2.93901808e-03  -3.43991133e-02 +8.94435835e+00  +3.39125442e-05 -4.52120322e-03 
-6.00789797e-03 +0.00000000e+00 +5.28253367e-03 -4.57922071e+04 -4.57631194e+02  +7.71276276e+02 +7.12157605e-01  -3.53448451e+05 -9.32098961e+02    +1.54464966e-04 -1.76566360e-02  -8.72037863e-02 +2.86253896e+01  -5.01517150e-05 +3.19793195e-02 
+1.19901768e-03 +0.00000000e+00 +7.90963695e-03 +7.15558239e+06 +1.71806019e+04  -9.60135986e+03 -1.80829868e-01  +7.64608678e+06 +1.78998192e+04    +3.43234139e-04 -1.65119723e-01  +1.76825678e-01 -7.23763500e+01  -1.56955803e-06 +7.37071724e-02 
+7.30356201e-03 +0.00000000e+00 +3.26465649e-03 -1.02703066e+05 -1.18550382e+02  -2.96676239e+02 -3.72205971e-01  -1.78995417e+05 -6.10342732e+02    -5.54901766e-06 -2.55655812e-03  +6.41169762e-02 -1.92101067e+01  +2.06901465e-07 +2.78047358e-03 
+6.69324511e-03 +0.00000000e+00 -4.38183408e-03 -1.24704294e+05 -4.98293109e+02  +3.37670892e+02 +1.77738313e+00  +5.93157553e+04 +1.79290048e+02    +2.50263901e-05 -5.79231829e-03  +2.55102004e-02 -6.37415462e+00  +1.68117346e-05 -2.45019199e-03 
-7.08104743e-05 +0.00000000e+00 -7.99968661e-03 +1.58093670e+03 +7.30910981e+00  +1.79700164e+02 +8.89434223e-01  +1.34556404e+05 +5.66666530e+02    -6.00448039e-06 +2.69734334e-04  -2.20219519e-04 +5.45402277e-02  +1.71656411e-06 -1.79640217e-04 
-6.76976323e-03 +0.00000000e+00 -4.26266416e-03 +1.26505508e+05 +5.03432103e+02  -6.25048990e+01 -2.10286290e-01  +5.68482731e+04 +1.68134075e+02    -8.20918211e-06 +2.76079104e-04  -2.59464923e-02 +6.50526261e+00  +1.66136904e-05 -1.78768214e-03 
-7.24462690e-03 +0.00000000e+00 +3.39343206e-03 +9.97329671e+04 +1.03737706e+02  +4.10371716e+02 +4.98189271e-01  -1.86538057e+05 -6.24970747e+02    +6.05291106e-05 -1.24236022e-02  -6.50608651e-02 +1.96018725e+01  +4.59048562e-05 +4.49685908e-03 
-1.05881400e-03 +0.00000000e+00 +7.92962249e-03 -6.64913565e+06 -1.65545993e+04  +8.11267435e+03 +9.37832287e+00  +8.74798572e+06 +2.09249142e+04    -2.12960322e-05 +6.20775573e-01  -1.63664494e-01 +6.61497451e+01  -1.46107544e-04 -7.76489949e-02 
+6.10046760e-03 +0.00000000e+00 +5.17535458e-03 +2.77457926e+04 +4.00880700e+02  -8.56742390e+02 -2.17145942e+00  -3.39974968e+05 -9.09436580e+02    -1.67706002e-04 +8.84487928e-03  +8.55232178e-02 -2.78850373e+01  -7.14816676e-05 -7.70151484e-04 
+7.65100743e-03 +0.00000000e+00 -2.33711047e-03 -1.42359165e+05 -5.13288937e+02  +1.86841177e+02 +8.54335654e-01  +1.33233376e+04 -2.49683450e+01    +1.90131739e-05 -3.39028648e-03  +3.38957229e-02 -8.78011942e+00  +8.30055649e-06 -1.08630801e-03 
+2.16724631e-03 +0.00000000e+00 -7.70084693e-03 -4.06663577e+04 -1.82900519e+02  -3.45913262e+02 -1.81477696e+00  +1.28475485e+05 +5.33667224e+02    -2.03106545e-05 +3.04400358e-03  +6.81404134e-03 -1.61910980e+00  -3.30347290e-06 +3.52298561e-04 
-5.30907107e-03 +0.00000000e+00 -5.98446024e-03 +9.86667588e+04 +4.19226714e+02  +4.40327916e+02 +2.10229823e+00  +9.37975499e+04 +3.49817219e+02    +4.53373410e-06 -2.38396369e-03  -1.82212407e-02 +4.45044087e+00  +9.18123058e-06 -1.38952928e-03 
