# scuff-scatter run on pekka-pc (09/25/15::22:25:41)
# columns: 
# 1,2,3   x,y,z (evaluation point coordinates)
# 4,5     real, imag Ex
# 6,7     real, imag Ey
# 8,9     real, imag Ez
# 10,11   real, imag Hx
# 12,13   real, imag Hy
# 14,15   real, imag Hz
+0.00000000e+00 +0.00000000e+00 +8.00000000e-03 -9.98354959e+04 -1.29989869e+02  -6.85526343e+04 -1.71097536e+02  +1.39349969e+07 +5.95238607e+04    +1.86319109e-03 -6.43920596e-01  +9.57599744e-04 +1.49494697e-02  -6.57053540e-06 +1.37111610e-02 
+6.73176788e-03 +0.00000000e+00 +4.32241845e-03 -5.35382634e+04 +2.16631277e+02  -6.18599345e+02 -1.41350601e+00  -2.58892857e+05 -1.28889062e+03    -5.80101947e-05 -1.71237858e-03  +1.94655439e-01 -3.60074417e+01  -4.13053767e-05 +1.58758117e-02 
+7.27437941e-03 +0.00000000e+00 -3.32917469e-03 -1.41188776e+05 -9.15052680e+02  +1.75597755e+02 +1.53545704e+00  +3.71257834e+04 +1.25600723e+02    +5.16682485e-05 -6.85478016e-03  +8.05166819e-02 -1.19056620e+01  +3.89908753e-05 -4.43139244e-03 
+1.12896006e-03 +0.00000000e+00 -7.91993997e-03 -2.20990252e+04 -1.72594263e+02  -1.29573887e+02 -1.22100853e+00  +1.39820544e+05 +1.01827453e+03    -3.91665591e-05 +3.20421595e-03  +9.55831380e-03 -1.30573079e+00  +5.00056642e-07 -3.40960191e-04 
-6.05441996e-03 +0.00000000e+00 -5.22914897e-03 +1.18535033e+05 +8.41319414e+02  +3.71403263e+02 +3.22546946e+00  +8.11778259e+04 +4.83902265e+02    +1.75573347e-05 -4.66169309e-03  -5.90493405e-02 +8.44731325e+00  +1.28421880e-05 -6.25887510e-04 
-7.67139420e-03 +0.00000000e+00 +2.26929748e-03 +1.29378536e+05 +4.25187767e+02  +5.40689925e+02 +1.83665267e+00  -1.35198936e+05 -8.64825535e+02    +9.66155642e-05 -1.67082167e-02  -1.50225647e-01 +2.56125426e+01  +1.27478709e-04 -5.76318344e-03 
-2.23532399e-03 +0.00000000e+00 +7.68136229e-03 -4.93964280e+06 -1.95609219e+04  +4.95497000e+04 +2.06007330e+01  +7.03135619e+05 +4.59182021e+03    +2.70521053e-03 -3.20519895e-01  -4.98850069e-01 +1.22562843e+02  -3.53646813e-03 +2.11478745e+00 
+5.25589279e-03 +0.00000000e+00 +6.03121803e-03 +2.38339121e+05 +1.79274768e+03  -7.04344023e+02 -4.96847386e+00  -4.89554763e+05 -1.88295453e+03    -2.57191086e-04 +8.04053855e-02  +2.66897432e-01 -5.45501947e+01  -7.14163075e-04 +1.46026805e-01 
+7.91486597e-03 +0.00000000e+00 -1.16400027e-03 -1.52551819e+05 -8.58136933e+02  +3.30648875e+02 +2.70965324e+00  -1.80592667e+04 -2.60423463e+02    +6.63334555e-05 -9.11978250e-03  +1.04228179e-01 -1.61351559e+01  +7.81588568e-05 -7.36640468e-03 
+3.29694788e-03 +0.00000000e+00 -7.28904210e-03 -6.47835006e+04 -4.96389401e+02  -4.08606389e+02 -3.73536539e+00  +1.25681608e+05 +8.83530844e+02    -4.54256305e-05 +4.39224929e-03  +2.88396785e-02 -3.98184230e+00  -1.74250626e-05 +1.07701150e-03 
-4.35216889e-03 +0.00000000e+00 -6.71257223e-03 +8.50456294e+04 +6.38422913e+02  +3.32443133e+02 +2.71010230e+00  +1.13402747e+05 +7.69334643e+02    +1.48250580e-06 -2.32147571e-03  -3.90376725e-02 +5.45189964e+00  +2.12648838e-05 -2.34728468e-03 
-7.99992165e-03 +0.00000000e+00 +3.54055839e-05 +1.51377682e+05 +7.59621861e+02  +2.60294316e+01 -2.74083594e-01  -5.30296484e+04 -4.69927707e+02    -5.80111023e-06 -6.02752427e-04  -1.18329126e-01 +1.88864585e+01  +8.36583535e-05 -3.27874716e-03 
-4.29258334e-03 +0.00000000e+00 +6.75083167e-03 -7.19330839e+05 -3.89147337e+03  +3.10647022e+02 -1.49576857e+01  -6.65239358e+05 -2.20628137e+03    -2.82327001e-04 +3.30131427e-01  -3.28093504e-01 +7.13833409e+01  +2.90857329e-04 -2.63504388e-02 
+3.36133629e-03 +0.00000000e+00 +7.25957425e-03 +1.78570357e+06 +8.13982031e+03  -1.28029898e+03 -1.04211823e+01  -7.04704977e+05 -1.86057210e+03    +4.70768083e-04 +1.80634045e-03  +4.03673480e-01 -9.27646181e+01  -1.93563364e-04 +2.78824130e-02 
+7.92485885e-03 +0.00000000e+00 +1.09389775e-03 -1.45362337e+05 -6.31943331e+02  +1.09926896e+02 +1.30091136e+00  -8.83054094e+04 -6.54918487e+02    +9.65597101e-06 -1.05220000e-03  +1.32430875e-01 -2.17415979e+01  +2.93218879e-05 -4.43341241e-04 
+5.20230272e-03 +0.00000000e+00 -6.07750330e-03 -1.01546934e+05 -7.44653076e+02  +2.47362433e+02 +2.26922346e+00  +9.98858930e+04 +6.46605303e+02    +5.48413484e-05 -6.06930441e-03  +4.84117743e-02 -6.81899229e+00  +4.07391645e-05 -4.72627376e-03 
-2.30322653e-03 +0.00000000e+00 -7.66127584e-03 +4.53071959e+04 +3.51194861e+02  +8.89940137e+01 +6.89898560e-01  +1.34247178e+05 +9.65007215e+02    -2.54066348e-05 +1.31838697e-03  -1.96856168e-02 +2.71147151e+00  +7.74806625e-06 -5.69334111e-04 
-7.69117994e-03 +0.00000000e+00 -2.20130670e-03 +1.49001519e+05 +9.03693746e+02  -2.57217261e+02 -2.15056325e+00  +9.68973947e+03 -7.37428385e+01    -4.21780142e-05 +4.70169040e-03  -9.25361286e-02 +1.40158622e+01  +8.67995717e-05 -7.31451480e-03 
-6.00789797e-03 +0.00000000e+00 +5.28253367e-03 -5.12486308e+04 -8.39949763e+02  +7.78413284e+02 +1.13880917e+00  -3.63385669e+05 -1.58136981e+03    +2.95460345e-04 -2.79359660e-02  -2.27814823e-01 +4.44013948e+01  -4.42812316e-05 +4.78919974e-02 
+1.19901768e-03 +0.00000000e+00 +7.90963695e-03 +7.34069052e+06 +2.92188773e+04  -9.60441437e+03 -5.84545520e-01  +7.84032305e+06 +3.05718102e+04    +8.84768906e-04 -2.52987094e-01  +4.52144266e-01 -1.11434688e+02  +7.90058364e-05 +1.09619842e-01 
+7.30356201e-03 +0.00000000e+00 +3.26465649e-03 -1.03749300e+05 -1.70307692e+02  -3.00269763e+02 -5.53734495e-01  -1.85703750e+05 -1.05752900e+03    -9.01878325e-06 -3.79118924e-03  +1.69200750e-01 -2.99065949e+01  -4.62255973e-06 +4.22643789e-03 
+6.69324511e-03 +0.00000000e+00 -4.38183408e-03 -1.30465096e+05 -8.91734158e+02  +3.58016192e+02 +3.21265926e+00  +6.13964176e+04 +3.17303445e+02    +7.30619055e-05 -9.16712033e-03  +6.90296138e-02 -1.00082347e+01  +4.39269234e-05 -3.96150803e-03 
-7.08104743e-05 +0.00000000e+00 -7.99968661e-03 +1.66665890e+03 +1.33242711e+01  +1.90076544e+02 +1.62775719e+00  +1.41230930e+05 +1.03146043e+03    -1.56057892e-05 +5.01182229e-04  -6.03849268e-04 +8.57331632e-02  +2.74166630e-06 -2.79901020e-04 
-6.76976323e-03 +0.00000000e+00 -4.26266416e-03 +1.32321611e+05 +9.00350465e+02  -6.48147383e+01 -3.58710436e-01  +5.87978251e+04 +2.97041690e+02    -2.25968638e-05 +5.51910703e-04  -7.02009695e-02 +1.02125982e+01  +3.75211448e-05 -2.88614706e-03 
-7.24462690e-03 +0.00000000e+00 +3.39343206e-03 +1.00602861e+05 +1.43605133e+02  +4.15376064e+02 +7.71170806e-01  -1.93395110e+05 -1.08129451e+03    +1.48113335e-04 -1.94715415e-02  -1.71600410e-01 +3.05095434e+01  +1.02861395e-04 +6.19444961e-03 
-1.05881400e-03 +0.00000000e+00 +7.92962249e-03 -6.82745568e+06 -2.81485572e+04  +8.19246466e+03 +1.04251720e+01  +8.97474956e+06 +3.57063121e+04    -4.44439448e-05 +9.32160702e-01  -4.18493772e-01 +1.01880406e+02  -3.53845141e-04 -1.14081553e-01 
+6.10046760e-03 +0.00000000e+00 +5.17535458e-03 +3.25766754e+04 +7.42102625e+02  -8.79450624e+02 -3.63550549e+00  -3.49686392e+05 -1.54442931e+03    -2.17434133e-04 +1.35397440e-02  +2.23577268e-01 -4.32640182e+01  -1.24537578e-04 -6.33539628e-04 
+7.65100743e-03 +0.00000000e+00 -2.33711047e-03 -1.48211191e+05 -9.06201257e+02  +1.96441403e+02 +1.51320125e+00  +1.30294878e+04 -5.08169974e+01    +5.29105012e-05 -5.38174167e-03  +9.12121445e-02 -1.37608692e+01  +2.25850944e-05 -1.80806182e-03 
+2.16724631e-03 +0.00000000e+00 -7.70084693e-03 -4.28124500e+04 -3.32818849e+02  -3.66987484e+02 -3.31837381e+00  +1.34755216e+05 +9.69951503e+02    -5.38648818e-05 +4.89132038e-03  +1.85879427e-02 -2.54891909e+00  -9.10182827e-06 +5.83077059e-04 
-5.30907107e-03 +0.00000000e+00 -5.98446024e-03 +1.03552920e+05 +7.56716354e+02  +4.64612691e+02 +3.81122578e+00  +9.78880015e+04 +6.29360843e+02    +1.36904775e-05 -3.67180923e-03  -4.95182369e-02 +6.99632267e+00  +2.15827809e-05 -2.20882216e-03 
