# scuff-scatter run on pekka-pc (09/25/15::22:33:01)
# columns: 
# 1,2,3   x,y,z (evaluation point coordinates)
# 4,5     real, imag Ex
# 6,7     real, imag Ey
# 8,9     real, imag Ez
# 10,11   real, imag Hx
# 12,13   real, imag Hy
# 14,15   real, imag Hz
+0.00000000e+00 +0.00000000e+00 +8.00000000e-03 -1.33607734e+05 -4.70102242e+03  -1.12215212e+05 -5.95220916e+03  +2.62149078e+07 +1.41499506e+06    +2.17288958e-01 -3.09891379e+00  -7.07764473e-02 +4.69827846e-02  -1.45457450e-04 +4.02432745e-02 
+6.73176788e-03 +0.00000000e+00 +4.32241845e-03 +1.49557136e+05 +5.25092447e+04  -3.24661655e+02 +1.72496714e+02  -5.89686010e+05 -4.58035685e+04    -1.70609407e-02 +5.07665615e-02  +2.37266852e+01 -2.38675968e+02  +1.00085638e-02 +4.70996936e-02 
+7.27437941e-03 +0.00000000e+00 -3.32917469e-03 -4.58343839e+05 -5.96272934e+04  +8.75575810e+02 +1.58604721e+02  +3.75289787e+04 -5.68202443e+03    +1.46220298e-02 -7.96880162e-02  +1.45457950e+01 -1.05145599e+02  +1.61775213e-02 -7.32144710e-02 
+1.12896006e-03 +0.00000000e+00 -7.91993997e-03 -9.27748892e+04 -1.51783159e+04  -7.11275451e+02 -1.32770304e+02  +5.27503419e+05 +7.99892541e+04    -6.43801927e-03 +4.55341248e-02  +1.94761502e+00 -1.28023937e+01  -4.20566247e-05 +2.14322111e-04 
-6.05441996e-03 +0.00000000e+00 -5.22914897e-03 +4.36082834e+05 +6.40013574e+04  +1.85154081e+03 +3.35615309e+02  +2.28691602e+05 +2.54389335e+04    +7.29664510e-03 -3.71914308e-02  -1.12600941e+01 +7.79862402e+01  -2.34859044e-03 -2.68621025e-03 
-7.67139420e-03 +0.00000000e+00 +2.26929748e-03 +1.63168906e+05 -8.65022601e+03  +6.84580521e+02 -4.43009157e+01  -4.24588678e+05 -5.13256199e+04    +1.36313554e-02 -1.22100335e-01  -2.13141708e+01 +1.87998697e+02  +2.28088289e-02 -1.37801377e-01 
-2.23532399e-03 +0.00000000e+00 +7.68136229e-03 -9.11175750e+06 -4.96867003e+05  +4.40702612e+04 -1.80792612e+03  +2.05072226e+06 +2.12918555e+05    +2.59399254e-01 -2.66018714e+00  -3.44594696e+01 +5.97567354e+02  -1.70021269e-01 +7.22327738e+00 
+5.25589279e-03 +0.00000000e+00 +6.03121803e-03 +8.57799868e+05 +1.11352298e+05  -1.89803940e+03 -1.07646069e+02  -8.30559367e+05 -2.72420095e+04    -2.04084768e-02 +2.96623956e-01  +2.66916623e+01 -3.21200683e+02  -4.05619893e-02 +7.14958198e-01 
+7.91486597e-03 +0.00000000e+00 -1.16400027e-03 -4.07915309e+05 -4.16452875e+04  +1.38149380e+03 +2.08348661e+02  -1.55606487e+05 -3.17710929e+04    +1.34666067e-02 -8.58343772e-02  +1.74576004e+01 -1.34120272e+02  +2.38144960e-02 -1.14367115e-01 
+3.29694788e-03 +0.00000000e+00 -7.28904210e-03 -2.64973051e+05 -4.24867010e+04  -2.22353498e+03 -4.24201298e+02  +4.50744019e+05 +6.54210881e+04    -9.58195137e-03 +5.94160044e-02  +5.79716831e+00 -3.85185342e+01  -2.97698259e-03 +1.80372115e-02 
-4.35216889e-03 +0.00000000e+00 -6.71257223e-03 +3.38111959e+05 +5.30108648e+04  +1.52225669e+03 +2.65335450e+02  +3.86362291e+05 +5.34501469e+04    +3.68000827e-03 -1.38141380e-02  -7.73158072e+00 +5.19806872e+01  +2.07451270e-03 -2.23476377e-02 
-7.99992165e-03 +0.00000000e+00 +3.54055839e-05 +3.46771308e+05 +2.68600729e+04  -1.50000426e+02 -3.92963714e+01  -2.54034132e+05 -4.20174126e+04    -2.06403501e-03 +7.09387851e-03  -1.88524855e+01 +1.50929139e+02  +1.36535613e-02 -8.93461209e-02 
-4.29258334e-03 +0.00000000e+00 +6.75083167e-03 -1.79983398e+06 -1.65942480e+05  -4.27554879e+03 -6.71123048e+02  -9.72990315e+05 -8.48986692e+03    +2.38136461e-02 +7.64417036e-01  -2.89700513e+01 +3.92522280e+02  +4.90031451e-02 -3.98295483e-01 
+3.36133629e-03 +0.00000000e+00 +7.25957425e-03 +3.73683985e+06 +2.62414705e+05  -4.63140528e+03 -5.08382329e+02  -8.19308663e+05 +3.01948154e+04    +3.63184738e-02 -2.79728568e-01  +3.16817467e+01 -4.81320461e+02  -2.30464970e-02 +2.33927042e-01 
+7.92485885e-03 +0.00000000e+00 +1.09389775e-03 -2.73041405e+05 -1.12398772e+04  +7.18651031e+02 +1.37912479e+02  -3.36026779e+05 -4.80028272e+04    -1.11569168e-04 -4.84267099e-03  +2.00602259e+01 -1.67423163e+02  +2.04012055e-02 -7.02452550e-02 
+5.20230272e-03 +0.00000000e+00 -6.07750330e-03 -3.90714245e+05 -5.96096947e+04  +1.19370974e+03 +2.00256056e+02  +3.17884515e+05 +4.10160198e+04    +1.64832268e-02 -8.31791675e-02  +9.44198028e+00 -6.42360323e+01  +1.08409424e-02 -5.67368834e-02 
-2.30322653e-03 +0.00000000e+00 -7.66127584e-03 +1.88276276e+05 +3.05682049e+04  +3.99682715e+02 +7.30395572e+01  +4.97127077e+05 +7.41976300e+04    -2.09979867e-03 +2.28548818e-02  -3.98516016e+00 +2.63396542e+01  +7.30612512e-04 -7.76927415e-03 
-7.69117994e-03 +0.00000000e+00 -2.20130670e-03 +4.41659753e+05 +5.18158041e+04  -1.14866020e+03 -1.80545852e+02  -6.39693782e+04 -2.01722077e+04    -8.96821087e-03 +5.93571896e-02  -1.60960393e+01 +1.19956307e+02  +1.38504622e-02 -9.95682297e-02 
-6.00789797e-03 +0.00000000e+00 +5.28253367e-03 -4.31214852e+05 -7.90584855e+04  +7.99373793e+02 -3.97126930e+01  -7.05830174e+05 -3.80698042e+04    +2.46072725e-02 -2.41413278e-01  -2.51354911e+01 +2.76525826e+02  +8.21316874e-03 +7.78976732e-02 
+1.19901768e-03 +0.00000000e+00 +7.90963695e-03 +1.32543371e+07 +6.64286871e+05  -1.09628851e+04 -3.23483691e+02  +1.44328078e+07 +7.98551785e+05    +1.02590257e-01 -1.34279585e+00  +2.85994447e+01 -5.32197175e+02  -1.35054752e-03 +2.49899252e-01 
+7.30356201e-03 +0.00000000e+00 +3.26465649e-03 -3.55777617e+04 +2.85357072e+04  +7.08017952e+01 +1.54047186e+02  -5.01610510e+05 -5.09254716e+04    -1.11755513e-02 +2.58327449e-02  +2.24729462e+01 -2.09751121e+02  +1.67890410e-02 -3.01103129e-02 
+6.69324511e-03 +0.00000000e+00 -4.38183408e-03 -4.55775004e+05 -6.38077112e+04  +1.83942414e+03 +3.34696501e+02  +1.38571522e+05 +1.02559341e+04    +2.16218053e-02 -1.15150060e-01  +1.28695207e+01 -9.07271403e+01  +1.77344522e-02 -7.86269313e-02 
-7.08104743e-05 +0.00000000e+00 -7.99968661e-03 +7.26220268e+03 +1.22209541e+03  +9.42187590e+02 +1.74909760e+02  +5.34985508e+05 +8.14062633e+04    -2.51918204e-04 +1.22839471e-02  -1.24298212e-01 +8.15492988e-01  +3.20892330e-04 -2.31624629e-03 
-6.76976323e-03 +0.00000000e+00 -4.26266416e-03 +4.59464881e+05 +6.39482413e+04  -7.22289236e+01 +2.31911800e+01  +1.27979318e+05 +8.59681736e+03    -2.51194010e-03 +2.09666419e-02  -1.30366659e+01 +9.22068313e+01  +1.42592639e-03 -2.94967414e-02 
-7.24462690e-03 +0.00000000e+00 +3.39343206e-03 +2.19883877e+04 -3.05834302e+04  +1.91343010e+02 -1.06836221e+02  -5.10049055e+05 -5.01350996e+04    +2.00761157e-02 -1.64220319e-01  -2.25643999e+01 +2.12453544e+02  +1.92329975e-02 -8.55965599e-02 
-1.05881400e-03 +0.00000000e+00 +7.92962249e-03 -1.25068888e+07 -6.35876509e+05  -7.48417306e+03 -3.83471606e+03  +1.65724276e+07 +9.06985727e+05    +1.54282911e-01 +1.75680500e+00  -2.64456575e+01 +4.89205200e+02  +4.21924245e-03 -2.13068286e-01 
+6.10046760e-03 +0.00000000e+00 +5.17535458e-03 +3.88531472e+05 +7.59970539e+04  -1.19872299e+03 +8.73304065e+01  -6.89343447e+05 -3.85566215e+04    -2.19171104e-02 +1.08666811e-01  +2.49718428e+01 -2.71600082e+02  +4.32042534e-03 +2.80442942e-02 
+7.65100743e-03 +0.00000000e+00 -2.33711047e-03 -4.44102974e+05 -5.27883154e+04  +7.42060164e+02 +1.04514844e+02  -5.25666875e+04 -1.86558670e+04    +1.28554973e-02 -6.84055502e-02  +1.59477739e+01 -1.18341848e+02  +1.35665382e-02 -5.41361515e-02 
+2.16724631e-03 +0.00000000e+00 -7.70084693e-03 -1.78631719e+05 -2.90822937e+04  -1.92754144e+03 -3.57823293e+02  +4.99909096e+05 +7.47337907e+04    -1.09055332e-02 +6.81744300e-02  +3.77268395e+00 -2.48786375e+01  -1.62172263e-03 +1.06551268e-02 
-5.30907107e-03 +0.00000000e+00 -5.98446024e-03 +3.96565582e+05 +6.02707236e+04  +2.13566684e+03 +3.69826446e+02  +3.08389396e+05 +3.93421944e+04    +6.76739240e-03 -3.13036623e-02  -9.62935258e+00 +6.56717806e+01  +8.33302787e-04 -1.85535142e-02 
