# scuff-scatter run on pekka-pc (09/25/15::22:27:45)
# columns: 
# 1,2,3   x,y,z (evaluation point coordinates)
# 4,5     real, imag Ex
# 6,7     real, imag Ey
# 8,9     real, imag Ez
# 10,11   real, imag Hx
# 12,13   real, imag Hy
# 14,15   real, imag Hz
+0.00000000e+00 +0.00000000e+00 +8.00000000e-03 -nan -nan  -nan -nan  -nan -nan    -nan -nan  -nan -nan  -nan -nan 
+6.73176788e-03 +0.00000000e+00 +4.32241845e-03 -2.71810908e+05 +6.28475693e+02  -6.38673029e+02 -2.23863443e+00  -3.33862204e+05 -2.51930928e+03    -1.19593416e-04 -1.99595444e-03  +5.87086328e-01 -8.54741651e+01  -1.52872202e-04 +2.48069287e-02 
+7.27437941e-03 +0.00000000e+00 -3.32917469e-03 -2.01136259e+05 -1.94518782e+03  +2.01621998e+02 +3.37592752e+00  +7.61583939e+04 +2.73178146e+02    +1.70738975e-04 -1.12866834e-02  +2.57229270e-01 -2.50217181e+01  +1.27919158e-04 -7.49744914e-03 
+1.12896006e-03 +0.00000000e+00 -7.91993997e-03 -2.91917916e+04 -3.82775408e+02  -1.50427912e+02 -2.75655070e+00  +1.96301849e+05 +2.28158925e+03    -1.23296880e-04 +5.59296374e-03  +3.12341881e-02 -2.67089216e+00  -8.51829205e-07 -4.73952880e-04 
-6.05441996e-03 +0.00000000e+00 -5.22914897e-03 +1.62180118e+05 +1.82533617e+03  +4.26313747e+02 +7.17158818e+00  +1.27909822e+05 +1.06599055e+03    +5.92324107e-05 -7.25872449e-03  -1.90548081e-01 +1.75248580e+01  +3.31064367e-05 -1.17005017e-03 
-7.67139420e-03 +0.00000000e+00 +2.26929748e-03 +2.66410993e+05 +7.51312150e+02  +5.69205706e+02 +3.36128239e+00  -1.42335353e+05 -1.75693480e+03    +2.88572374e-04 -2.66381105e-02  -4.62096730e-01 +5.75886399e+01  +4.00679299e-04 -1.13332014e-02 
-2.23532399e-03 +0.00000000e+00 +7.68136229e-03 -2.35162526e+06 -3.81097278e+04  +4.98161748e+04 +2.60772557e+01  -5.71925624e+06 +9.51474638e+03    +7.89129843e-03 -5.28682603e-01  -1.42355159e+00 +5.57812014e+02  -9.99041434e-03 +3.16972256e+00 
+5.25589279e-03 +0.00000000e+00 +6.03121803e-03 -1.75285521e+05 +3.80768586e+03  -7.84184247e+02 -1.00597178e+01  -8.02085262e+05 -3.52569082e+03    -5.09544430e-04 +1.19995180e-01  +7.87412350e-01 -1.42203523e+02  -1.81735011e-03 +2.25845902e-01 
+7.91486597e-03 +0.00000000e+00 -1.16400027e-03 -2.33408825e+05 -1.76589902e+03  +3.75932389e+02 +5.78685050e+00  +1.00187077e+04 -5.52118857e+02    +2.10759344e-04 -1.47866473e-02  +3.28740883e-01 -3.45670995e+01  +2.42013521e-04 -1.24899585e-02 
+3.29694788e-03 +0.00000000e+00 -7.28904210e-03 -8.61163330e+04 -1.09590550e+03  -4.72541150e+02 -8.44530674e+00  +1.79822529e+05 +1.97211563e+03    -1.47872109e-04 +7.49957052e-03  +9.39731944e-02 -8.16466794e+00  -5.35168185e-05 +1.91873965e-03 
-4.35216889e-03 +0.00000000e+00 -6.71257223e-03 +1.13916849e+05 +1.40305156e+03  +3.78484606e+02 +6.02165859e+00  +1.65508960e+05 +1.71108713e+03    +8.03669967e-06 -3.44995605e-03  -1.26882198e-01 +1.12149276e+01  +6.52472876e-05 -3.92008553e-03 
-7.99992165e-03 +0.00000000e+00 +3.54055839e-05 +2.46909570e+05 +1.52150724e+03  +2.12435568e+01 -6.56299026e-01  -3.33136447e+04 -9.84046922e+02    -2.40870940e-05 -7.43965219e-04  -3.70266777e-01 +4.10087688e+01  +2.59931900e-04 -6.80691408e-03 
-4.29258334e-03 +0.00000000e+00 +6.75083167e-03 -6.58851303e+04 -7.91794977e+03  +6.65835361e+01 -3.12987729e+01  -1.37991056e+06 -4.01992047e+03    -4.57543389e-04 +4.83539063e-01  -9.56188622e-01 +2.02792317e+02  +1.11902604e-03 -4.83702338e-02 
+3.36133629e-03 +0.00000000e+00 +7.25957425e-03 +6.86070385e+05 +1.61518419e+04  -1.45126496e+03 -2.19183906e+01  -2.41127513e+06 -3.18418737e+03    +1.25299997e-03 -6.45217990e-03  +1.16401253e+00 -3.00763331e+02  -6.21471422e-04 +4.54097552e-02 
+7.92485885e-03 +0.00000000e+00 +1.09389775e-03 -2.57443587e+05 -1.21940867e+03  +1.31872984e+02 +2.83791234e+00  -7.86746208e+04 -1.35322415e+03    +2.73739438e-05 -1.69765428e-03  +4.11215109e-01 -4.78982545e+01  +1.09760398e-04 -1.47409262e-03 
+5.20230272e-03 +0.00000000e+00 -6.07750330e-03 -1.37198222e+05 -1.62774025e+03  +2.85570978e+02 +4.96942931e+00  +1.49738323e+05 +1.43222529e+03    +1.76558519e-04 -1.01761999e-02  +1.56859948e-01 -1.40756596e+01  +1.20858576e-04 -7.77352589e-03 
-2.30322653e-03 +0.00000000e+00 -7.66127584e-03 +5.99700878e+04 +7.77457761e+02  +1.00738643e+02 +1.54504699e+00  +1.89808765e+05 +2.15896227e+03    -7.67590916e-05 +2.49192186e-03  -6.42611498e-02 +5.54970610e+00  +2.35122308e-05 -1.01424348e-03 
-7.69117994e-03 +0.00000000e+00 -2.20130670e-03 +2.19236117e+05 +1.89222943e+03  -2.93496456e+02 -4.66887967e+00  +4.35307725e+04 -1.57152993e+02    -1.43535498e-04 +7.99736277e-03  -2.93731555e-01 +2.97343407e+01  +2.67772324e-04 -1.27327214e-02 
-6.00789797e-03 +0.00000000e+00 +5.28253367e-03 +2.46895144e+05 -1.90201665e+03  +7.95122326e+02 +1.89450386e+00  -5.23942582e+05 -3.02321565e+03    +7.53149045e-04 -4.62120742e-02  -6.79178401e-01 +1.09909503e+02  +5.03915792e-06 +6.93559596e-02 
+1.19901768e-03 +0.00000000e+00 +7.90963695e-03 -2.49054813e+06 +5.64740222e+04  -9.62001530e+03 -2.55437542e+00  -3.66709806e+07 +5.97135193e+04    +2.66696655e-03 -3.89357535e-01  +1.28156320e+00 -1.47808213e+03  +2.93755234e-04 +1.56619658e-01 
+7.30356201e-03 +0.00000000e+00 +3.26465649e-03 -2.71270145e+05 -1.93155907e+02  -3.07342871e+02 -6.65640700e-01  -2.16070858e+05 -2.11278046e+03    -3.47882764e-05 -5.28748007e-03  +5.15837214e-01 -6.87193549e+01  -4.18327371e-06 +6.29649795e-03 
+6.69324511e-03 +0.00000000e+00 -4.38183408e-03 -1.81414238e+05 -1.91846853e+03  +4.12631907e+02 +7.11599123e+00  +1.04746028e+05 +6.94731308e+02    +2.43369711e-04 -1.52327944e-02  +2.21773562e-01 -2.08715597e+01  +1.44247941e-04 -6.91991601e-03 
-7.08104743e-05 +0.00000000e+00 -7.99968661e-03 +2.15221359e+03 +2.96360442e+01  +2.17820841e+02 +3.66188847e+00  +1.97938964e+05 +2.31211596e+03    -4.83836242e-05 +1.11171069e-03  -1.97631956e-03 +1.72998984e-01  +6.25937757e-06 -4.48187086e-04 
-6.76976323e-03 +0.00000000e+00 -4.26266416e-03 +1.84350647e+05 +1.93486057e+03  -7.04905491e+01 -6.83346663e-01  +1.01707032e+05 +6.50049953e+02    -7.17872976e-05 +1.34817912e-03  -2.25413877e-01 +2.13180558e+01  +1.04854050e-04 -4.99820476e-03 
-7.24462690e-03 +0.00000000e+00 +3.39343206e-03 +2.73248118e+05 +1.34806037e+02  +4.26164236e+02 +1.11929403e+00  -2.27718729e+05 -2.15381038e+03    +4.33601627e-04 -3.15809507e-02  -5.22490373e-01 +7.03629139e+01  +3.06333793e-04 +6.82554049e-03 
-1.05881400e-03 +0.00000000e+00 +7.92962249e-03 +5.95143108e+06 -5.43786963e+04  +8.24231923e+03 -6.33869345e+00  -5.61756062e+07 +6.95890429e+04    +3.78598576e-04 +1.35962137e+00  -1.18601396e+00 +1.83503255e+03  -9.09584980e-04 -1.58194890e-01 
+6.10046760e-03 +0.00000000e+00 +5.17535458e-03 -2.54073921e+05 +1.70651526e+03  -9.35341298e+02 -6.75660751e+00  -4.96776318e+05 -2.95872108e+03    -3.71912406e-04 +2.08298807e-02  +6.67491784e-01 -1.06494887e+02  -2.88014480e-04 +1.03424152e-03 
+7.65100743e-03 +0.00000000e+00 -2.33711047e-03 -2.17135357e+05 -1.90100571e+03  +2.21617244e+02 +3.20781788e+00  +4.75244980e+04 -1.08207485e+02    +1.67745318e-04 -8.99654712e-03  +2.89757497e-01 -2.91570562e+01  +7.97535659e-05 -3.36345050e-03 
+2.16724631e-03 +0.00000000e+00 -7.70084693e-03 -5.66193950e+04 -7.37100385e+02  -4.23623427e+02 -7.47420192e+00  +1.90403381e+05 +2.17048304e+03    -1.72244137e-04 +8.40935495e-03  +6.06809084e-02 -5.21606496e+00  -2.91678318e-05 +1.06626841e-03 
-5.30907107e-03 +0.00000000e+00 -5.98446024e-03 +1.40113313e+05 +1.65285124e+03  +5.29346718e+02 +8.44498710e+00  +1.47416420e+05 +1.39326999e+03    +4.78370231e-05 -5.71808421e-03  -1.60389179e-01 +1.44516666e+01  +6.31952414e-05 -3.69520396e-03 
