# scuff-scatter run on pekka-pc (09/25/15::22:32:26)
# columns: 
# 1,2,3   x,y,z (evaluation point coordinates)
# 4,5     real, imag Ex
# 6,7     real, imag Ey
# 8,9     real, imag Ez
# 10,11   real, imag Hx
# 12,13   real, imag Hy
# 14,15   real, imag Hz
+0.00000000e+00 +0.00000000e+00 +8.00000000e-03 -1.23020747e+05 -2.68360515e+03  -9.86939847e+04 -3.44602858e+03  +2.28605981e+07 +8.90301728e+05    +1.14891778e-01 -2.48899939e+00  -1.89496077e-02 -6.41394094e-02  -1.94749477e-04 +3.75161004e-02 
+6.73176788e-03 +0.00000000e+00 +4.32241845e-03 +5.46610628e+04 +2.15760178e+04  -5.80951407e+02 +4.80640202e+01  -4.85849222e+05 -2.58031124e+04    -5.84870889e-03 +2.11250586e-02  +1.16807335e+01 -1.80034873e+02  +1.30736440e-03 +5.49036590e-02 
+7.27437941e-03 +0.00000000e+00 -3.32917469e-03 -3.40341852e+05 -2.84490324e+04  +5.80969078e+02 +6.69128141e+01  +4.50416133e+04 -9.95604729e+02    +5.74623793e-03 -5.06247625e-02  +6.50657315e+00 -7.32556250e+01  +5.78500975e-03 -4.24743672e-02 
+1.12896006e-03 +0.00000000e+00 -7.91993997e-03 -6.43737168e+04 -6.76199507e+03  -4.65312404e+02 -5.70485569e+01  +3.76227035e+05 +3.66239250e+04    -3.28916998e-03 +3.03038171e-02  +8.48131394e-01 -8.67800580e+00  -7.80885160e-05 -1.05807921e-04 
-6.05441996e-03 +0.00000000e+00 -5.22914897e-03 +3.13040444e+05 +2.94417446e+04  +1.23002162e+03 +1.43040823e+02  +1.77338557e+05 +1.29764827e+04    +2.48134615e-03 -2.40758908e-02  -4.97480213e+00 +5.36901070e+01  -2.10968091e-04 -4.59217748e-03 
-7.67139420e-03 +0.00000000e+00 +2.26929748e-03 +1.69376138e+05 -3.77393987e+02  +7.20347088e+02 -1.71994578e+00  -3.19224893e+05 -2.50763170e+04    +6.53743092e-03 -8.93284480e-02  -1.00979237e+01 +1.37777360e+02  +1.07593162e-02 -8.65888030e-02 
-2.23532399e-03 +0.00000000e+00 +7.68136229e-03 -7.94524192e+06 -3.07034337e+05  +4.75148861e+04 -7.33814154e+02  +1.59707628e+06 +1.12582054e+05    +1.41149326e-01 -1.97515745e+00  -1.99043771e+01 +4.92617815e+02  -1.11483550e-01 +6.46344604e+00 
+5.25589279e-03 +0.00000000e+00 +6.03121803e-03 +6.31166539e+05 +5.47204301e+04  -1.57922259e+03 -8.74756488e+01  -7.51124760e+05 -2.19237160e+04    -7.94123410e-03 +2.48925881e-01  +1.38527985e+01 -2.50705079e+02  -2.50057856e-02 +5.87770230e-01 
+7.91486597e-03 +0.00000000e+00 -1.16400027e-03 -3.20419850e+05 -2.14819425e+04  +9.71032941e+02 +9.53184959e+01  -9.63210187e+04 -1.34256331e+04    +5.70334836e-03 -5.78977630e-02  +7.94778069e+00 -9.49863673e+01  +8.95066774e-03 -6.82910849e-02 
+3.29694788e-03 +0.00000000e+00 -7.28904210e-03 -1.85060724e+05 -1.90365009e+04  -1.44725568e+03 -1.78877174e+02  +3.25880438e+05 +3.03846952e+04    -4.42211578e-03 +3.86404028e-02  +2.53127524e+00 -2.61963784e+01  -1.43566418e-03 +1.15662979e-02 
-4.35216889e-03 +0.00000000e+00 -6.71257223e-03 +2.37856145e+05 +2.39105091e+04  +1.03016948e+03 +1.14656066e+02  +2.83312438e+05 +2.52248341e+04    +9.09321697e-04 -8.43957885e-03  -3.38663065e+00 +3.54812981e+01  +1.33363062e-03 -1.63506486e-02 
-7.99992165e-03 +0.00000000e+00 +3.54055839e-05 +2.85926248e+05 +1.53077459e+04  -7.27880893e+01 -1.74196707e+01  -1.72958563e+05 -1.87545293e+04    -8.76734709e-04 +3.16048035e-03  -8.68447062e+00 +1.08037687e+02  +6.83430113e-03 -5.68215124e-02 
-4.29258334e-03 +0.00000000e+00 +6.75083167e-03 -1.44329695e+06 -8.87714758e+04  -2.75363995e+03 -3.80989927e+02  -9.24705644e+05 -1.58150104e+04    +9.93155710e-03 +7.76148241e-01  -1.55653890e+01 +3.12497278e+02  +2.59546986e-02 -2.73941694e-01 
+3.36133629e-03 +0.00000000e+00 +7.25957425e-03 +3.14621596e+06 +1.51250050e+05  -3.49040310e+03 -2.82481511e+02  -8.49214709e+05 +2.44211147e+03    +2.19308982e-02 -1.81829354e-01  +1.76150863e+01 -3.89789263e+02  -1.29260562e-02 +1.71710344e-01 
+7.92485885e-03 +0.00000000e+00 +1.09389775e-03 -2.41133604e+05 -8.57550252e+03  +4.60325386e+02 +5.77083734e+01  -2.40777011e+05 -2.23374343e+04    +1.65828215e-04 -4.59956039e-03  +9.35429677e+00 -1.21084560e+02  +6.89553434e-03 -3.38473099e-02 
+5.20230272e-03 +0.00000000e+00 -6.07750330e-03 -2.77208757e+05 -2.71086105e+04  +8.11812156e+02 +8.89484097e+01  +2.37657024e+05 +1.98230222e+04    +6.29318350e-03 -5.10434057e-02  +4.15077049e+00 -4.39922751e+01  +4.09994652e-03 -3.54431298e-02 
-2.30322653e-03 +0.00000000e+00 -7.66127584e-03 +1.30968486e+05 +1.36463347e+04  +2.68381406e+02 +3.04415869e+01  +3.56325203e+05 +3.41464247e+04    -1.57702500e-03 +1.60608658e-02  -1.73692260e+00 +1.78899688e+01  +5.05687151e-04 -5.50122836e-03 
-7.69117994e-03 +0.00000000e+00 -2.20130670e-03 +3.36508339e+05 +2.55357318e+04  -7.94108549e+02 -8.25779545e+01  -2.81306828e+04 -7.77529222e+03    -4.12875391e-03 +3.92712658e-02  -7.26290903e+00 +8.42780400e+01  +6.84444474e-03 -6.66009523e-02 
-6.00789797e-03 +0.00000000e+00 +5.28253367e-03 -2.78151026e+05 -3.60284872e+04  +8.48241937e+02 -8.86274053e+00  -6.10988069e+05 -2.45562225e+04    +1.32856095e-02 -1.77299024e-01  -1.27012682e+01 +2.12333524e+02  +4.16501726e-03 +9.21263711e-02 
+1.19901768e-03 +0.00000000e+00 +7.90963695e-03 +1.16637104e+07 +4.24429982e+05  -1.03171040e+04 -1.42788840e+02  +1.25727745e+07 +4.88235955e+05    +5.50391010e-02 -1.05798874e+00  +1.69694280e+01 -4.42287758e+02  +6.05311523e-04 +2.38230408e-01 
+7.30356201e-03 +0.00000000e+00 +3.26465649e-03 -8.12154209e+04 +9.72646424e+03  -1.74036364e+02 +4.84037826e+01  -3.93051232e+05 -2.62548157e+04    -3.73099600e-03 +6.60719799e-03  +1.08242067e+01 -1.55699413e+02  +4.81767730e-03 -3.87341657e-03 
+6.69324511e-03 +0.00000000e+00 -4.38183408e-03 -3.31703422e+05 -2.97685519e+04  +1.21650565e+03 +1.42452402e+02  +1.15699218e+05 +6.23106499e+03    +8.49086763e-03 -7.22217862e-02  +5.71539936e+00 -6.27700033e+01  +6.43463352e-03 -4.48709745e-02 
-7.08104743e-05 +0.00000000e+00 -7.99968661e-03 +4.98877643e+03 +5.38359058e+02  +6.23994186e+02 +7.37827280e+01  +3.81154873e+05 +3.72333164e+04    -7.98728344e-04 +9.28754115e-03  -5.36118476e-02 +5.54491915e-01  +1.43454440e-04 -1.61894076e-03 
-6.76976323e-03 +0.00000000e+00 -4.26266416e-03 +3.34931341e+05 +2.98855714e+04  -9.64994220e+01 +3.02441881e+00  +1.08255129e+05 +5.47650360e+03    -1.59747997e-03 +1.38740767e-02  -5.79446772e+00 +6.38578400e+01  +1.56796265e-03 -2.26462393e-02 
-7.24462690e-03 +0.00000000e+00 +3.39343206e-03 +7.16443983e+04 -1.06830331e+04  +3.59999229e+02 -3.34889478e+01  -4.02416082e+05 -2.61153663e+04    +9.62805748e-03 -1.17089759e-01  -1.08947621e+01 +1.58017122e+02  +8.98930754e-03 -4.37371611e-02 
-1.05881400e-03 +0.00000000e+00 +7.92962249e-03 -1.09826833e+07 -4.07018889e+05  +2.22307986e+02 -1.73921563e+03  +1.44491051e+07 +5.59160804e+05    +6.82090002e-02 +1.97024132e+00  -1.56951879e+01 +4.06196390e+02  -1.64474483e-03 -2.02365249e-01 
+6.10046760e-03 +0.00000000e+00 +5.17535458e-03 +2.42637871e+05 +3.41853515e+04  -1.25916495e+03 -1.06214656e+00  -5.94154310e+05 -2.45537650e+04    -7.94399699e-03 +6.92670716e-02  +1.25786858e+01 -2.08088395e+02  -1.17911815e-03 +2.68132293e-02 
+7.65100743e-03 +0.00000000e+00 -2.33711047e-03 -3.37325638e+05 -2.59082474e+04  +5.34790198e+02 +4.87028387e+01  -1.97348275e+04 -7.05046189e+03    +5.14719161e-03 -4.30796635e-02  +7.18787968e+00 -8.30418596e+01  +4.63248868e-03 -2.88915266e-02 
+2.16724631e-03 +0.00000000e+00 -7.70084693e-03 -1.24134953e+05 -1.29720104e+04  -1.26817177e+03 -1.52865304e+02  +3.58148889e+05 +3.43760177e+04    -5.04734400e-03 +4.42896863e-02  +1.64388548e+00 -1.68812278e+01  -8.14260647e-04 +6.87771949e-03 
-5.30907107e-03 +0.00000000e+00 -5.98446024e-03 +2.81697251e+05 +2.74395715e+04  +1.44607041e+03 +1.60390986e+02  +2.31243338e+05 +1.90910888e+04    +2.20818196e-03 -1.95788527e-02  -4.23547398e+00 +4.50130987e+01  +9.68208817e-04 -1.45878725e-02 
