# scuff-scatter run on pekka-pc (09/25/15::22:28:07)
# columns: 
# 1,2,3   x,y,z (evaluation point coordinates)
# 4,5     real, imag Ex
# 6,7     real, imag Ey
# 8,9     real, imag Ez
# 10,11   real, imag Hx
# 12,13   real, imag Hy
# 14,15   real, imag Hz
+0.00000000e+00 +0.00000000e+00 +8.00000000e-03 -1.02495662e+05 -2.99802346e+02  -7.20430518e+04 -3.93406187e+02  +1.51226013e+07 +1.30692332e+05    +6.77637277e-03 -1.05010974e+00  +2.65510172e-03 -4.62251260e-03  -1.56632988e-05 +2.15174651e-02 
+6.73176788e-03 +0.00000000e+00 +4.32241845e-03 -4.77206184e+04 +7.72146433e+02  -6.43438314e+02 -2.37815083e+00  -2.85242047e+05 -2.91762698e+03    -1.43336820e-04 -1.94191369e-03  +7.09470095e-01 -6.17953016e+01  -1.85794716e-04 +2.66806617e-02 
+7.27437941e-03 +0.00000000e+00 -3.32917469e-03 -1.60785142e+05 -2.25261858e+03  +2.08975702e+02 +3.94635120e+00  +3.95876167e+04 +2.61637022e+02    +2.11287540e-04 -1.23152472e-02  +3.11779404e-01 -2.10224966e+01  +1.59544986e-04 -8.24024718e-03 
+1.12896006e-03 +0.00000000e+00 -7.91993997e-03 -2.58531084e+04 -4.47173920e+02  -1.56355037e+02 -3.23803394e+00  +1.61822238e+05 +2.61513071e+03    -1.51984283e-04 +6.18774037e-03  +3.78630492e-02 -2.33146090e+00  -1.43374702e-06 -4.93365495e-04 
-6.05441996e-03 +0.00000000e+00 -5.22914897e-03 +1.36706163e+05 +2.12300078e+03  +4.41842817e+02 +8.39908111e+00  +9.14503869e+04 +1.18770537e+03    +7.37080911e-05 -7.80847363e-03  -2.30969213e-01 +1.49850134e+01  +3.92840490e-05 -1.31057887e-03 
-7.67139420e-03 +0.00000000e+00 +2.26929748e-03 +1.37544449e+05 +8.30711801e+02  +5.76558897e+02 +3.74538670e+00  -1.53495148e+05 -2.07080041e+03    +3.51654795e-04 -2.88206219e-02  -5.59272901e-01 +4.43888514e+01  +4.92504211e-04 -1.28571537e-02 
-2.23532399e-03 +0.00000000e+00 +7.68136229e-03 -5.33133524e+06 -4.32228999e+04  +4.98681337e+04 +2.53800932e+01  +7.99998465e+05 +1.09002022e+04    +9.55008153e-03 -5.76569241e-01  -1.70708131e+00 +2.04412069e+02  -1.19349941e-02 +3.37452892e+00 
+5.25589279e-03 +0.00000000e+00 +6.03121803e-03 +2.76803544e+05 +4.41035488e+03  -8.06032078e+02 -1.15232010e+01  -5.26474689e+05 -4.01533464e+03    -5.85902333e-04 +1.27615069e-01  +9.49247359e-01 -9.25884985e+01  -2.16143476e-03 +2.42424388e-01 
+7.91486597e-03 +0.00000000e+00 -1.16400027e-03 -1.70630870e+05 -2.03028312e+03  +3.88591882e+02 +6.71962656e+00  -2.38945745e+04 -6.95517491e+02    +2.58375072e-04 -1.60684097e-02  +3.98339641e-01 -2.83140480e+01  +2.98343796e-04 -1.37305290e-02 
+3.29694788e-03 +0.00000000e+00 -7.28904210e-03 -7.55673228e+04 -1.27915182e+03  -4.90718299e+02 -9.92458248e+00  +1.44721236e+05 +2.25105626e+03    -1.83131182e-04 +8.25588346e-03  +1.13920365e-01 -7.09892955e+00  -6.56483473e-05 +2.13303558e-03 
-4.35216889e-03 +0.00000000e+00 -6.71257223e-03 +9.88959236e+04 +1.63613978e+03  +3.91439359e+02 +7.04563716e+00  +1.29933062e+05 +1.94426843e+03    +1.04603971e-05 -3.66453547e-03  -1.53800272e-01 +9.70430351e+00  +7.98935735e-05 -4.29005064e-03 
-7.99992165e-03 +0.00000000e+00 +3.54055839e-05 +1.67137744e+05 +1.73829653e+03  +1.98015156e+01 -7.83197873e-01  -6.32831041e+04 -1.19248348e+03    -3.03472664e-05 -7.43540170e-04  -4.48525650e-01 +3.30091380e+01  +3.19890043e-04 -7.80111771e-03 
-4.29258334e-03 +0.00000000e+00 +6.75083167e-03 -8.00111878e+05 -9.07878476e+03  -1.23415573e+00 -3.61426242e+01  -7.07353476e+05 -4.53603200e+03    -4.78057136e-04 +5.11569416e-01  -1.15073784e+00 +1.20391182e+02  +1.39272999e-03 -5.40458514e-02 
+3.36133629e-03 +0.00000000e+00 +7.25957425e-03 +1.95122700e+06 +1.84051124e+04  -1.49893537e+03 -2.53493667e+01  -7.38341655e+05 -3.54028133e+03    +1.50862990e-03 -9.48406559e-03  +1.39849551e+00 -1.55630252e+02  -7.61764442e-04 +4.94084625e-02 
+7.92485885e-03 +0.00000000e+00 +1.09389775e-03 -1.58180722e+05 -1.38042948e+03  +1.38106695e+02 +3.31557011e+00  -1.02379648e+05 -1.61402045e+03    +3.26275005e-05 -1.83925651e-03  +4.97964855e-01 -3.78600688e+01  +1.39722667e-04 -1.82028629e-03 
+5.20230272e-03 +0.00000000e+00 -6.07750330e-03 -1.17672968e+05 -1.89607644e+03  +2.96305179e+02 +5.79805926e+00  +1.13721932e+05 +1.61688159e+03    +2.18362518e-04 -1.11539283e-02  +1.90145220e-01 -1.21226804e+01  +1.48085046e-04 -8.48080237e-03 
-2.30322653e-03 +0.00000000e+00 -7.66127584e-03 +5.29424413e+04 +9.07940967e+02  +1.04038052e+02 +1.80988910e+00  +1.55077648e+05 +2.47082232e+03    -9.39929831e-05 +2.80440163e-03  -7.78928673e-02 +4.83594735e+00  +2.88301299e-05 -1.12685630e-03 
-7.69117994e-03 +0.00000000e+00 -2.20130670e-03 +1.68214924e+05 +2.18406306e+03  -3.03712635e+02 -5.44222706e+00  +7.84692997e+03 -2.38452981e+02    -1.78008826e-04 +8.79372781e-03  -3.55966099e-01 +2.46678904e+01  +3.28726553e-04 -1.40735758e-02 
-6.00789797e-03 +0.00000000e+00 +5.28253367e-03 -7.01343402e+04 -2.23411415e+03  +7.99272364e+02 +2.05823279e+00  -3.95035893e+05 -3.47023794e+03    +9.01364233e-04 -5.04361426e-02  -8.19782950e-01 +7.57521316e+01  +2.77862311e-05 +7.31332837e-02 
+1.19901768e-03 +0.00000000e+00 +7.90963695e-03 +7.92192534e+06 +6.39180923e+04  -9.62613179e+03 -3.34120766e+00  +8.45402538e+06 +6.77115606e+04    +3.25134980e-03 -4.17607632e-01  +1.53471526e+00 -1.85731183e+02  +3.52253515e-04 +1.64715540e-01 
+7.30356201e-03 +0.00000000e+00 +3.26465649e-03 -1.06293145e+05 -1.79685542e+02  -3.08721021e+02 -6.23356383e-01  -2.07746806e+05 -2.46909259e+03    -4.65413926e-05 -5.50155153e-03  +6.23941364e-01 -5.16022075e+01  +1.53584026e-07 +6.67222111e-03 
+6.69324511e-03 +0.00000000e+00 -4.38183408e-03 -1.49661687e+05 -2.22738309e+03  +4.28095659e+02 +8.33019566e+00  +6.80288563e+04 +7.53413740e+02    +3.01892409e-04 -1.66594766e-02  +2.68825721e-01 -1.77202497e+01  +1.79961340e-04 -7.66360017e-03 
-7.08104743e-05 +0.00000000e+00 -7.99968661e-03 +1.95680017e+03 +3.46514636e+01  +2.25655014e+02 +4.29539372e+00  +1.63522777e+05 +2.65107276e+03    -5.94261272e-05 +1.28922959e-03  -2.39589923e-03 +1.52312167e-01  +7.44502590e-06 -4.85549041e-04 
-6.76976323e-03 +0.00000000e+00 -4.26266416e-03 +1.51695103e+05 +2.24591277e+03  -7.19674617e+01 -7.66892724e-01  +6.49894891e+04 +7.01284327e+02    -8.83339514e-05 +1.58782822e-03  -2.73226259e-01 +1.80740779e+01  +1.26670567e-04 -5.51519566e-03 
-7.24462690e-03 +0.00000000e+00 +3.39343206e-03 +1.02553575e+05 +1.11692950e+02  +4.28584791e+02 +1.15116123e+00  -2.15879057e+05 -2.51410798e+03    +5.26691249e-04 -3.43152481e-02  -6.31909447e-01 +5.26056137e+01  +3.76844518e-04 +6.54363167e-03 
-1.05881400e-03 +0.00000000e+00 +7.92962249e-03 -7.38717167e+06 -6.15387288e+04  +8.22007782e+03 -1.50921486e+01  +9.69021240e+06 +7.88744217e+04    +6.31209223e-04 +1.43651614e+00  -1.42027534e+00 +1.69960416e+02  -1.06125956e-03 -1.65085445e-01 
+6.10046760e-03 +0.00000000e+00 +5.17535458e-03 +4.94471655e+04 +2.01094077e+03  -9.49914041e+02 -7.56136170e+00  -3.80664448e+05 -3.39919012e+03    -4.21620465e-04 +2.23495687e-02  +8.05806925e-01 -7.38693789e+01  -3.38516509e-04 +1.65238088e-03 
+7.65100743e-03 +0.00000000e+00 -2.33711047e-03 -1.67495552e+05 -2.19508089e+03  +2.28599743e+02 +3.71563292e+00  +1.16793272e+04 -1.81715988e+02    +2.06164434e-04 -9.85171232e-03  +3.51167220e-01 -2.42317183e+01  +1.01055123e-04 -3.77984152e-03 
+2.16724631e-03 +0.00000000e+00 -7.70084693e-03 -5.00491800e+04 -8.60898631e+02  -4.39680372e+02 -8.77368390e+00  +1.55694694e+05 +2.48439627e+03    -2.12808907e-04 +9.27195852e-03  +7.35626253e-02 -4.54873557e+00  -3.60072007e-05 +1.19217078e-03 
-5.30907107e-03 +0.00000000e+00 -5.98446024e-03 +1.19936145e+05 +1.92502954e+03  +5.47570541e+02 +9.87754908e+00  +1.11346100e+05 +1.57120908e+03    +5.97740049e-05 -6.15161205e-03  -1.94412483e-01 +1.24328329e+01  +7.68612947e-05 -4.04451114e-03 
