# scuff-scatter run on pekka-pc (09/25/15::22:33:24)
# columns: 
# 1,2,3   x,y,z (evaluation point coordinates)
# 4,5     real, imag Ex
# 6,7     real, imag Ey
# 8,9     real, imag Ez
# 10,11   real, imag Hx
# 12,13   real, imag Hy
# 14,15   real, imag Hz
+0.00000000e+00 +0.00000000e+00 +8.00000000e-03 -nan -nan  -nan -nan  -nan -nan    -nan -nan  -nan -nan  -nan -nan 
+6.73176788e-03 +0.00000000e+00 +4.32241845e-03 +6.82432223e+04 +1.15196584e+05  +1.87092789e+02 +4.81686213e+02  -7.59002784e+05 -7.49729654e+04    -4.42506480e-02 +1.02181212e-01  +4.47421425e+01 -3.60840646e+02  +3.69142384e-02 +1.54211154e-02 
+7.27437941e-03 +0.00000000e+00 -3.32917469e-03 -6.58703635e+05 -1.17720142e+05  +1.30907288e+03 +3.54290520e+02  +5.73123136e+04 -1.76989819e+04    +3.46473681e-02 -1.23493089e-01  +3.01715520e+01 -1.58084033e+02  +4.16526580e-02 -1.23298425e-01 
+1.12896006e-03 +0.00000000e+00 -7.91993997e-03 -1.36954842e+05 -3.20104631e+04  -1.06661422e+03 -2.84409895e+02  +7.75907066e+05 +1.64964077e+05    -9.59762756e-03 +6.31475509e-02  +4.14603246e+00 -1.94436849e+01  +4.54732894e-04 +2.42589528e-04 
-6.05441996e-03 +0.00000000e+00 -5.22914897e-03 +6.33636728e+05 +1.30919337e+05  +2.75795996e+03 +7.37686726e+02  +3.32172714e+05 +4.72142365e+04    +2.00797784e-02 -5.95913228e-02  -2.36452880e+01 +1.17715603e+02  -1.02526151e-02 +5.28346946e-03 
-7.67139420e-03 +0.00000000e+00 +2.26929748e-03 +2.67018412e+05 -3.10221363e+04  +5.40078463e+02 -1.59935545e+02  -5.51357993e+05 -9.81175574e+04    +2.56035570e-02 -1.62315963e-01  -4.17743750e+01 +2.81244858e+02  +4.19341484e-02 -2.02939843e-01 
-2.23532399e-03 +0.00000000e+00 +7.68136229e-03 -7.41412983e+06 -7.46216499e+05  +3.91099456e+04 -3.61756530e+03  -3.90338316e+06 +3.76202850e+05    +4.22293613e-01 -3.40999012e+00  -5.46953887e+01 +1.37564062e+03  -2.32921151e-01 +7.86617782e+00 
+5.25589279e-03 +0.00000000e+00 +6.03121803e-03 +7.02930683e+05 +2.11329269e+05  -2.12423223e+03 -4.47787962e+01  -1.17295649e+06 -2.23675257e+04    -5.15130012e-02 +3.63490275e-01  +4.76577428e+01 -5.04153459e+02  -5.32162272e-02 +8.34928820e-01 
+7.91486597e-03 +0.00000000e+00 -1.16400027e-03 -5.81823579e+05 -7.57701377e+04  +1.94136875e+03 +4.28559423e+02  -2.08449873e+05 -6.89984852e+04    +2.96604074e-02 -1.25224844e-01  +3.55898530e+01 -2.00844565e+02  +5.86755285e-02 -1.86721489e-01 
+3.29694788e-03 +0.00000000e+00 -7.28904210e-03 -3.89856839e+05 -8.91239943e+04  -3.36610883e+03 -9.33569263e+02  +6.60514616e+05 +1.33160784e+05    -1.76219034e-02 +8.62019345e-02  +1.23120851e+01 -5.84190571e+01  -4.99724374e-03 +2.60603895e-02 
-4.35216889e-03 +0.00000000e+00 -6.71257223e-03 +4.95751879e+05 +1.10505557e+05  +2.23296541e+03 +5.77786379e+02  +5.64367679e+05 +1.07173220e+05    +1.26855265e-02 -2.56892727e-02  -1.63742066e+01 +7.87259681e+01  +1.38839877e-03 -2.76922055e-02 
-7.99992165e-03 +0.00000000e+00 +3.54055839e-05 +4.97589967e+05 +4.32496565e+04  -2.56122704e+02 -7.58375068e+01  -3.38100229e+05 -8.72984813e+04    -4.37311660e-03 +1.28064868e-02  -3.79922196e+01 +2.25670733e+02  +2.22950047e-02 -1.28129952e-01 
-4.29258334e-03 +0.00000000e+00 +6.75083167e-03 -1.50353174e+06 -2.90806258e+05  -5.94798917e+03 -1.03714858e+03  -1.65945130e+06 +2.21011539e+04    +4.16818919e-02 +7.21092076e-01  -4.98525479e+01 +6.46298171e+02  +8.00123736e-02 -5.38492146e-01 
+3.36133629e-03 +0.00000000e+00 +7.25957425e-03 +3.15642310e+06 +4.25753568e+05  -5.90932566e+03 -7.97808843e+02  -2.40157573e+06 +9.59152627e+04    +4.50314748e-02 -3.77412393e-01  +5.25042648e+01 -8.63055559e+02  -3.32523688e-02 +2.99486533e-01 
+7.92485885e-03 +0.00000000e+00 +1.09389775e-03 -4.01020939e+05 -9.86410037e+03  +1.10020779e+03 +3.09893793e+02  -4.42011544e+05 -9.61044097e+04    -1.37809542e-03 -3.89953705e-03  +3.99384384e+01 -2.50193339e+02  +5.41592523e-02 -1.33151162e-01 
+5.20230272e-03 +0.00000000e+00 -6.07750330e-03 -5.70563833e+05 -1.23289823e+05  +1.73053050e+03 +4.24131705e+02  +4.62848785e+05 +8.04036962e+04    +4.02955517e-02 -1.32963742e-01  +1.99215786e+01 -9.71482841e+01  +2.69119701e-02 -8.98709480e-02 
-2.30322653e-03 +0.00000000e+00 -7.66127584e-03 +2.77563477e+05 +6.43502031e+04  +5.96721992e+02 +1.67566008e+02  +7.30189555e+05 +1.52298031e+05    +4.60443372e-04 +2.77849519e-02  -8.48228068e+00 +3.99750758e+01  +1.39172173e-04 -9.61114774e-03 
-7.69117994e-03 +0.00000000e+00 -2.20130670e-03 +6.31434710e+05 +9.89856375e+04  -1.63023541e+03 -3.62276398e+02  -8.39743399e+04 -4.67342643e+04    -1.72148453e-02 +8.53026154e-02  -3.31061365e+01 +1.79950478e+02  +2.33437617e-02 -1.39212315e-01 
-6.00789797e-03 +0.00000000e+00 +5.28253367e-03 -3.27013574e+05 -1.60191587e+05  +6.86041986e+02 -1.10097864e+02  -9.32757011e+05 -5.15196140e+04    +3.93479371e-02 -3.12090694e-01  -4.61500575e+01 +4.24107039e+02  +1.14730668e-02 +5.87304671e-02 
+1.19901768e-03 +0.00000000e+00 +7.90963695e-03 +4.54677359e+06 +9.60317947e+05  -1.18409144e+04 -6.14219812e+02  -2.86217518e+07 +1.21757373e+06    +1.63767473e-01 -1.64992081e+00  +4.40105655e+01 -3.00728220e+03  -4.62210700e-03 +2.62959851e-01 
+7.30356201e-03 +0.00000000e+00 +3.26465649e-03 -1.21985053e+05 +7.01907639e+04  +5.20842670e+02 +4.09025672e+02  -6.45882428e+05 -9.21660261e+04    -2.93665805e-02 +5.98115610e-02  +4.33219448e+01 -3.14676193e+02  +4.87368621e-02 -8.24940617e-02 
+6.69324511e-03 +0.00000000e+00 -4.38183408e-03 -6.58982020e+05 -1.28772094e+05  +2.74790677e+03 +7.35969379e+02  +2.01389535e+05 +1.52336502e+04    +5.10722450e-02 -1.79880309e-01  +2.68838200e+01 -1.36700924e+02  +4.49108356e-02 -1.33094382e-01 
-7.08104743e-05 +0.00000000e+00 -7.99968661e-03 +1.07563485e+04 +2.60731544e+03  +1.41264545e+03 +3.90832220e+02  +7.87118199e+05 +1.68048291e+05    +4.54223307e-03 +1.18010263e-02  -2.69078912e-01 +1.23829343e+00  +6.50809769e-04 -3.24008593e-03 
-6.76976323e-03 +0.00000000e+00 -4.26266416e-03 +6.63953183e+05 +1.28829515e+05  +2.65707502e+00 +8.69571949e+01  +1.86355000e+05 +1.18012854e+04    -1.76348845e-03 +2.74473363e-02  -2.72139801e+01 +1.38891735e+02  -3.18031638e-03 -3.25726321e-02 
-7.24462690e-03 +0.00000000e+00 +3.39343206e-03 +1.08605322e+05 -7.42902730e+04  -1.16467209e+02 -2.72056697e+02  -6.55521660e+05 -8.97442258e+04    +3.76421035e-02 -2.22583627e-01  -4.33948375e+01 +3.18970528e+02  +3.52278403e-02 -1.39915791e-01 
-1.05881400e-03 +0.00000000e+00 +7.92962249e-03 -7.99845410e+05 -9.17403775e+05  -1.76983456e+04 -7.16251041e+03  -4.69448326e+07 +1.36997458e+06    +2.87633816e-01 +1.39334734e+00  -4.06801767e+01 +3.63716339e+03  +1.62098222e-02 -2.36727154e-01 
+6.10046760e-03 +0.00000000e+00 +5.17535458e-03 +2.89916918e+05 +1.55637012e+05  -8.99758791e+02 +3.50407197e+02  -9.04923714e+05 -5.32232978e+04    -5.57687861e-02 +1.73972331e-01  +4.59987693e+01 -4.15611872e+02  +2.50639423e-02 +1.08317195e-02 
+7.65100743e-03 +0.00000000e+00 -2.33711047e-03 -6.35133040e+05 -1.01284206e+05  +1.02138766e+03 +2.14276922e+02  -6.83525789e+04 -4.37518485e+04    +2.99302035e-02 -1.06273377e-01  +3.28347758e+01 -1.77577246e+02  +3.61853135e-02 -9.67925319e-02 
+2.16724631e-03 +0.00000000e+00 -7.70084693e-03 -2.63477570e+05 -6.12636040e+04  -2.88714515e+03 -7.77669060e+02  +7.34381569e+05 +1.53476674e+05    -2.00404459e-02 +9.88819529e-02  +8.02808590e+00 -3.77683212e+01  -2.45899513e-03 +1.51065515e-02 
-5.30907107e-03 +0.00000000e+00 -5.98446024e-03 +5.78837559e+05 +1.24525362e+05  +3.12706363e+03 +8.00444826e+02  +4.48906642e+05 +7.68078074e+04    +1.92958892e-02 -5.21583792e-02  -2.03098203e+01 +9.92967984e+01  -2.29147110e-03 -1.99884539e-02 
