# scuff-scatter run on pekka-pc (09/25/15::22:39:05)
# columns: 
# 1,2,3   x,y,z (evaluation point coordinates)
# 4,5     real, imag Ex
# 6,7     real, imag Ey
# 8,9     real, imag Ez
# 10,11   real, imag Hx
# 12,13   real, imag Hy
# 14,15   real, imag Hz
+0.00000000e+00 +0.00000000e+00 +8.00000000e-03 -nan -nan  -nan -nan  -nan -nan    -nan -nan  -nan -nan  -nan -nan 
+6.73176788e-03 +0.00000000e+00 +4.32241845e-03 -2.31265919e+05 -2.98639819e+03  -2.10096002e+02 -9.27805124e+00  -6.35780543e+04 -4.60413935e+03    +1.31556918e-04 -4.59391534e-03  +3.22647089e+00 -8.58211987e+01  -2.04275163e-05 +1.64122822e-02 
+7.27437941e-03 +0.00000000e+00 -3.32917469e-03 -5.09424095e+04 -2.49556041e+03  +6.29333622e-01 +1.74373129e+00  +4.22070132e+04 +1.92201164e+03    +5.51200447e-04 -7.11266460e-04  +1.04043353e+00 -1.81883128e+01  +2.94972126e-04 +1.49672783e-03 
+1.12896006e-03 +0.00000000e+00 -7.91993997e-03 -4.96861449e+03 -3.29053531e+02  -7.74082544e+00 -9.51221122e-01  +4.69413057e+04 +3.17949446e+03    +1.55198640e-04 +5.12516818e-04  +1.17514290e-01 -1.74122262e+00  +6.77615891e-05 -9.62107411e-04 
-6.05441996e-03 +0.00000000e+00 -5.22914897e-03 +3.42612424e+04 +1.92769463e+03  +1.72273555e+01 +3.47135319e+00  +4.49980985e+04 +2.49512994e+03    +5.21231122e-04 -5.19825533e-03  -7.48760593e-01 +1.21387249e+01  -1.53536825e-04 +1.32220864e-03 
-7.67139420e-03 +0.00000000e+00 +2.26929748e-03 +1.40138787e+05 +3.56715983e+03  +1.13132390e+02 +9.41977837e+00  +5.22205521e+03 -1.28445367e+03    +1.03829552e-03 -1.04383222e-02  -2.23609233e+00 +5.12491436e+01  -4.76993649e-04 +1.46749118e-02 
-2.23532399e-03 +0.00000000e+00 +7.68136229e-03 +2.48960910e+06 -1.28107419e+05  +3.24461407e+04 +8.45584368e+02  -6.50186813e+06 +1.27478542e+04    +1.60385793e-02 +2.40205594e-01  -1.28820238e+01 +1.04351666e+03  -1.30536398e-01 +4.37496381e+00 
+5.25589279e-03 +0.00000000e+00 +6.03121803e-03 -4.39041385e+05 +2.63031789e+03  -1.26789200e+02 +1.96091421e+00  -3.10968222e+05 -1.18736962e+04    -5.86818368e-03 +1.76148939e-01  +5.14390635e+00 -1.67382580e+02  -7.35173197e-03 +1.98162666e-01 
+7.91486597e-03 +0.00000000e+00 -1.16400027e-03 -7.45437179e+04 -3.03480397e+03  -3.26022229e+00 +3.62666002e+00  +3.59471136e+04 +1.08050838e+03    +7.99938910e-04 -3.68143187e-03  +1.39804256e+00 -2.68118918e+01  +5.98554565e-04 +2.68840443e-03 
+3.29694788e-03 +0.00000000e+00 -7.28904210e-03 -1.53248846e+04 -9.80933696e+02  -2.85981124e+01 -3.28992628e+00  +4.66098105e+04 +3.02335723e+03    +7.71315513e-05 +2.57984484e-03  +3.57150045e-01 -5.38611105e+00  +3.04499000e-05 -1.14177997e-04 
-4.35216889e-03 +0.00000000e+00 -6.71257223e-03 +2.12827545e+04 +1.31445258e+03  +2.28421975e+01 +3.56002603e+00  +4.62701420e+04 +2.88259407e+03    +4.21729489e-04 -3.35587762e-03  -4.88867058e-01 +7.50580149e+00  +2.07495638e-05 -1.00467223e-03 
-7.99992165e-03 +0.00000000e+00 +3.54055839e-05 +9.18086333e+04 +3.28273175e+03  +1.94148651e+01 +1.38131684e+00  +2.97316894e+04 +4.59833705e+02    +2.23420146e-04 +1.93144505e-04  -1.63612014e+00 +3.31861352e+01  -5.11855177e-04 +1.37594744e-02 
-4.29258334e-03 +0.00000000e+00 +6.75083167e-03 +6.85327233e+05 -1.43940950e+04  +1.60145967e+03 +3.06931084e+01  -7.22307933e+05 -1.83974704e+04    -2.31399942e-02 +8.86328991e-01  -6.98608449e+00 +2.67254997e+02  -1.97992329e-03 +6.37608469e-02 
+3.36133629e-03 +0.00000000e+00 +7.25957425e-03 -1.12578850e+06 +4.23709925e+04  -3.25332801e+02 +1.18255130e+01  -1.72032019e+06 -2.24861917e+04    -3.29736309e-03 +1.42117216e-01  +9.41042355e+00 -4.51699904e+02  +2.22959528e-03 +6.01474823e-02 
+7.92485885e-03 +0.00000000e+00 +1.09389775e-03 -1.11126810e+05 -3.46737518e+03  -3.24454531e+01 +8.70525902e-01  +2.10672683e+04 -2.34245790e+02    +2.65587926e-04 +2.33740421e-03  +1.88396584e+00 -4.03863083e+01  +3.02269860e-04 +8.76882426e-03 
+5.20230272e-03 +0.00000000e+00 -6.07750330e-03 -2.70205887e+04 -1.60348339e+03  -1.14071699e+01 +2.50763963e+00  +4.58038991e+04 +2.72471613e+03    +4.71439821e-04 +1.68148714e-03  +6.06728847e-01 -9.55101993e+00  +3.42113303e-04 -1.13224095e-03 
-2.30322653e-03 +0.00000000e+00 -7.66127584e-03 +1.03568222e+04 +6.79047881e+02  +7.27909490e+00 +1.15334878e+00  +4.68134103e+04 +3.11718245e+03    +2.36464872e-04 -9.75989799e-04  -2.45229947e-01 +3.63678318e+00  -4.43001963e-05 +3.15102605e-04 
-7.69117994e-03 +0.00000000e+00 -2.20130670e-03 +6.23277439e+04 +2.78839094e+03  -1.78583032e+01 -1.91411454e+00  +3.95154473e+04 +1.51734818e+03    +4.33185228e-05 +1.22809771e-03  -1.22059964e+00 +2.23430394e+01  -9.32238613e-05 +4.17907720e-03 
-6.00789797e-03 +0.00000000e+00 +5.28253367e-03 +3.17587012e+05 +1.21362326e+03  +3.70678787e+02 +1.38919872e+01  -1.52630060e+05 -7.75753811e+03    +1.31110387e-03 +1.98456521e-02  -4.07743783e+00 +1.19365267e+02  -4.54178937e-03 +1.25065263e-01 
+1.19901768e-03 +0.00000000e+00 +7.90963695e-03 -1.00845087e+07 +2.11846773e+05  -1.02136787e+04 +2.45857271e+01  -4.41936690e+07 +2.00746378e+05    -5.25586012e-03 -7.08537640e-01  +1.25317353e+01 -3.59714878e+03  +9.75127866e-03 +6.78310572e-01 
+7.30356201e-03 +0.00000000e+00 +3.26465649e-03 -1.75206306e+05 -3.49469556e+03  -6.91018812e+01 -6.09610358e+00  -1.80210115e+04 -2.53993948e+03    +4.32890819e-04 -7.04524459e-03  +2.63198850e+00 -6.44556088e+01  +2.43152232e-04 +6.86491950e-03 
+6.69324511e-03 +0.00000000e+00 -4.38183408e-03 -4.14857488e+04 -2.19702566e+03  +8.08563140e+00 +3.16460605e+00  +4.39521583e+04 +2.24910659e+03    +6.19198963e-04 -7.12626796e-04  +8.79711482e-01 -1.47500347e+01  +2.05510016e-04 +3.11696629e-03 
-7.08104743e-05 +0.00000000e+00 -7.99968661e-03 +3.18052851e+02 +2.35102017e+01  +1.09272989e+01 +2.00226338e+00  +4.69977700e+04 +3.19645752e+03    +2.80213804e-04 -9.24294499e-04  -8.14690721e-03 +1.09326221e-01  +9.20280489e-06 -2.76606903e-04 
-6.76976323e-03 +0.00000000e+00 -4.26266416e-03 +4.25285176e+04 +2.23638601e+03  -4.59326411e+00 -9.04136167e-01  +4.37863644e+04 +2.21200921e+03    +2.62297349e-04 -3.01972468e-03  -8.98906642e-01 +1.51214808e+01  -1.19491450e-04 +2.03494124e-03 
-7.24462690e-03 +0.00000000e+00 +3.39343206e-03 +1.80683250e+05 +3.46724574e+03  +1.14403783e+02 +8.75027201e+00  -2.19704116e+04 -2.76250672e+03    +1.22643590e-03 -5.57632074e-03  -2.69441493e+00 +6.65289472e+01  -1.46647323e-03 +3.72194473e-02 
-1.05881400e-03 +0.00000000e+00 +7.92962249e-03 +1.32915497e+07 -2.05520059e+05  -1.96009698e+04 +1.56318653e+03  -6.50703445e+07 +2.40281597e+05    -9.53262148e-02 +2.04935650e+00  -1.16136202e+01 +4.61013195e+03  -2.47723639e-02 -1.07619018e+00 
+6.10046760e-03 +0.00000000e+00 +5.17535458e-03 -3.05263299e+05 -1.58256425e+03  -1.56940501e+02 -1.20891799e+01  -1.38570271e+05 -7.32369226e+03    -1.44934814e-03 +2.47838538e-02  +3.95745101e+00 -1.14479817e+02  +1.10861134e-03 -3.42464695e-02 
+7.65100743e-03 +0.00000000e+00 -2.33711047e-03 -6.08694024e+04 -2.75437366e+03  -3.95858223e+00 +2.58477258e+00  +3.98715747e+04 +1.57119558e+03    +5.50920088e-04 +1.45339113e-03  +1.19704416e+00 -2.18064531e+01  +1.49621377e-04 +5.61391081e-03 
+2.16724631e-03 +0.00000000e+00 -7.70084693e-03 -9.72013812e+03 -6.38903073e+02  -2.24114671e+01 -3.13485897e+00  +4.68143344e+04 +3.12390857e+03    +8.14466788e-05 +1.37945241e-03  +2.29154637e-01 -3.40961780e+00  +4.58662958e-05 -4.73512033e-04 
-5.30907107e-03 +0.00000000e+00 -5.98446024e-03 +2.78143462e+04 +1.64137825e+03  +3.06469703e+01 +4.81221041e+00  +4.57151868e+04 +2.69928373e+03    +4.73287294e-04 -3.68561713e-03  -6.23900807e-01 +9.83660685e+00  -8.15343738e-06 -8.80978717e-04 
