# scuff-scatter run on pekka-pc (09/25/15::22:23:26)
# columns: 
# 1,2,3   x,y,z (evaluation point coordinates)
# 4,5     real, imag Ex
# 6,7     real, imag Ey
# 8,9     real, imag Ez
# 10,11   real, imag Hx
# 12,13   real, imag Hy
# 14,15   real, imag Hz
+0.00000000e+00 +0.00000000e+00 +8.00000000e-03 -nan -nan  -nan -nan  -nan -nan    -nan -nan  -nan -nan  -nan -nan 
+6.73176788e-03 +0.00000000e+00 +4.32241845e-03 -2.77980953e+05 +6.49167393e+01  -6.06776430e+02 -6.53949059e-01  -3.02828727e+05 -5.38036987e+02    -4.03292961e-05 -9.26480540e-04  +3.96021807e-02 -2.68560979e+01  +7.39027737e-06 +7.63513437e-03 
+7.27437941e-03 +0.00000000e+00 -3.32917469e-03 -1.77892060e+05 -3.64390194e+02  +1.62838208e+02 +6.01918688e-01  +7.27090022e+04 +5.40545837e+01    +8.17052243e-06 -3.20962274e-03  +1.58140670e-02 -7.54498614e+00  +8.39223294e-06 -2.04484175e-03 
+1.12896006e-03 +0.00000000e+00 -7.91993997e-03 -2.47807084e+04 -6.64789918e+01  -1.19422726e+02 -4.67710872e-01  +1.70050669e+05 +3.94113995e+02    -8.42437722e-06 +1.44818844e-03  +1.85008858e-03 -7.92560033e-01  +8.01620134e-07 -1.73905615e-04 
-6.05441996e-03 +0.00000000e+00 -5.22914897e-03 +1.40729864e+05 +3.29883627e+02  +3.44504784e+02 +1.25120459e+00  +1.15323738e+05 +1.92530750e+02    +3.23858428e-06 -2.25033755e-03  -1.15182121e-02 +5.24872161e+00  +4.09228929e-06 -2.68051347e-04 
-7.67139420e-03 +0.00000000e+00 +2.26929748e-03 +2.56185615e+05 +1.89468750e+02  +5.25157486e+02 +7.98958886e-01  -1.21153258e+05 -3.50953490e+02    +2.23077870e-05 -7.95988147e-03  -3.02088163e-02 +1.78378652e+01  +2.42985696e-05 -2.39244727e-03 
-2.23532399e-03 +0.00000000e+00 +7.68136229e-03 -1.87835797e+06 -8.23412414e+03  +4.93633389e+04 +1.03009009e+01  -5.83567400e+06 +1.86767141e+03    +6.03214926e-04 -1.49546478e-01  -1.04722147e-01 +1.85170530e+02  -7.11165932e-04 +1.04157997e+00 
+5.25589279e-03 +0.00000000e+00 +6.03121803e-03 -2.20421197e+05 +7.15802651e+02  -6.63796280e+02 -2.05056520e+00  -7.57866371e+05 -8.07054317e+02    -1.45049751e-04 +3.96975102e-02  +5.50087063e-02 -4.54364677e+01  -2.50048953e-04 +7.07247962e-02 
+7.91486597e-03 +0.00000000e+00 -1.16400027e-03 -2.11787580e+05 -3.49689730e+02  +3.08165836e+02 +1.08334175e+00  +1.63343377e+04 -9.91901351e+01    +1.05511311e-05 -4.30311422e-03  +2.06385339e-02 -1.05173838e+01  +1.82007345e-05 -3.39269352e-03 
+3.29694788e-03 +0.00000000e+00 -7.28904210e-03 -7.34343770e+04 -1.91932322e+02  -3.77489704e+02 -1.42990811e+00  +1.57016376e+05 +3.43709469e+02    -8.84840541e-06 +2.01316574e-03  +5.59234248e-03 -2.42781435e+00  -3.78119834e-06 +4.80664685e-04 
-4.35216889e-03 +0.00000000e+00 -6.71257223e-03 +9.76121055e+04 +2.47766946e+02  +3.09734280e+02 +1.04790656e+00  +1.45624340e+05 +3.00819186e+02    -2.46646315e-07 -1.14788991e-03  -7.57776724e-03 +3.34225764e+00  +4.75256892e-06 -1.08874807e-03 
-7.99992165e-03 +0.00000000e+00 +3.54055839e-05 +2.27920473e+05 +3.15119434e+02  +2.81644629e+01 -1.02345766e-01  -2.17635262e+04 -1.84567860e+02    +9.37593168e-07 -3.25090628e-04  -2.35434987e-02 +1.25488499e+01  +1.88586378e-05 -1.30064555e-03 
-4.29258334e-03 +0.00000000e+00 +6.75083167e-03 +3.02612397e+04 -1.59712482e+03  +4.32308664e+02 -6.04946186e+00  -1.32899937e+06 -9.59594886e+02    -1.39155063e-04 +1.64535283e-01  -6.80754193e-02 +6.54783053e+01  -2.60940239e-05 -1.14567759e-02 
+3.36133629e-03 +0.00000000e+00 +7.25957425e-03 +4.87374355e+05 +3.39105584e+03  -1.19541430e+03 -4.20603307e+00  -2.37011488e+06 -8.33400406e+02    +1.64840751e-04 +2.46402216e-03  +8.43448274e-02 -9.81680383e+01  -2.61191812e-05 +1.31367915e-02 
+7.92485885e-03 +0.00000000e+00 +1.09389775e-03 -2.41828358e+05 -2.68245691e+02  +9.92488578e+01 +5.15471621e-01  -6.25681021e+04 -2.61582676e+02    +1.88857115e-06 -4.96074493e-04  +2.64778640e-02 -1.47353553e+01  +3.83893307e-06 -9.20840756e-05 
+5.20230272e-03 +0.00000000e+00 -6.07750330e-03 -1.18192347e+05 -2.90242271e+02  +2.28496544e+02 +8.88192512e-01  +1.32993127e+05 +2.54470953e+02    +1.08392196e-05 -2.81191701e-03  +9.42176056e-03 -4.20271382e+00  +1.08454221e-05 -2.21504707e-03 
-2.30322653e-03 +0.00000000e+00 -7.66127584e-03 +5.09957043e+04 +1.35483519e+02  +8.31848475e+01 +2.64481733e-01  +1.64919921e+05 +3.74241354e+02    -6.00277169e-06 +5.64515458e-04  -3.80951072e-03 +1.64903811e+00  +1.86056622e-06 -2.53486521e-04 
-7.69117994e-03 +0.00000000e+00 -2.20130670e-03 +1.96361555e+05 +3.63836108e+02  -2.39369690e+02 -8.50777522e-01  +4.51398502e+04 -2.44888033e+01    -5.21121762e-06 +2.15823175e-03  -1.82467690e-02 +9.00802831e+00  +1.90647195e-05 -3.30650902e-03 
-6.00789797e-03 +0.00000000e+00 +5.28253367e-03 +2.68603447e+05 -3.20323215e+02  +7.68932340e+02 +5.22641049e-01  -4.86336399e+05 -6.69578663e+02    +1.13970074e-04 -1.30121375e-02  -4.66735104e-02 +3.48335973e+01  -5.05979399e-05 +2.39920105e-02 
+1.19901768e-03 +0.00000000e+00 +7.90963695e-03 -3.19487641e+06 +1.23534920e+04  -9.60075343e+03 -9.34002614e-02  -3.74149793e+07 +1.28538637e+04    +1.88540589e-04 -1.23005849e-01  +9.52787522e-02 -5.01277718e+02  -2.65010018e-05 +5.54275549e-02 
+7.30356201e-03 +0.00000000e+00 +3.26465649e-03 -2.67605233e+05 -8.97700979e+01  -2.95436901e+02 -2.78283044e-01  -1.90340075e+05 -4.34851507e+02    -5.21510876e-06 -1.92161520e-03  +3.42091333e-02 -2.14213614e+01  +2.21205482e-06 +2.07587837e-03 
+6.69324511e-03 +0.00000000e+00 -4.38183408e-03 -1.58709432e+05 -3.51934290e+02  +3.31308298e+02 +1.25177140e+00  +9.64121860e+04 +1.28508523e+02    +1.18852177e-05 -4.26912269e-03  +1.35094171e-02 -6.26861781e+00  +9.46911498e-06 -1.79303289e-03 
-7.08104743e-05 +0.00000000e+00 -7.99968661e-03 +1.81201996e+03 +5.12635829e+00  +1.76449040e+02 +6.23128117e-01  +1.71349817e+05 +3.98994526e+02    -3.28899845e-06 +1.87211211e-04  -1.15678394e-04 +5.15140810e-02  +1.42622729e-06 -1.33086427e-04 
-6.76976323e-03 +0.00000000e+00 -4.26266416e-03 +1.61431922e+05 +3.55651648e+02  -6.17593536e+01 -1.50857458e-01  +9.38902151e+04 +1.20674308e+02    -4.17281687e-06 +1.85799604e-04  -1.37386271e-02 +6.40656579e+00  +1.05352631e-05 -1.30924974e-03 
-7.24462690e-03 +0.00000000e+00 +3.39343206e-03 +2.70278271e+05 +7.93344528e+01  +4.08686620e+02 +3.68669457e-01  -2.01441449e+05 -4.45529691e+02    +3.53952958e-05 -9.18622120e-03  -3.47163244e-02 +2.19556818e+01  +3.02523274e-05 +3.45820523e-03 
-1.05881400e-03 +0.00000000e+00 +7.92962249e-03 +6.62979518e+06 -1.19041574e+04  +8.07971048e+03 +7.49623104e+00  -5.70434751e+07 +1.50304304e+04    +4.82494688e-06 +4.65367186e-01  -8.81779610e-02 +6.24069362e+02  -8.21785554e-05 -5.86234247e-02 
+6.10046760e-03 +0.00000000e+00 +5.17535458e-03 -2.73369848e+05 +2.79698889e+02  -8.49417816e+02 -1.56958407e+00  -4.59999571e+05 -6.53051979e+02    -1.53066775e-04 +6.59255326e-03  +4.57608521e-02 -3.37139123e+01  -5.60150283e-05 -6.58654118e-04 
+7.65100743e-03 +0.00000000e+00 -2.33711047e-03 -1.94186513e+05 -3.64353621e+02  +1.83812377e+02 +6.05929198e-01  +4.85529966e+04 -1.53862935e+01    +9.50892865e-06 -2.49625203e-03  +1.79790893e-02 -8.82695298e+00  +4.59981218e-06 -7.87643845e-04 
+2.16724631e-03 +0.00000000e+00 -7.70084693e-03 -4.81149064e+04 -1.28356828e+02  -3.39324254e+02 -1.27213023e+00  +1.65387425e+05 +3.76055706e+02    -1.10630212e-05 +2.23224453e-03  +3.60011059e-03 -1.54887438e+00  -1.67739040e-06 +2.55729524e-04 
-5.30907107e-03 +0.00000000e+00 -5.98446024e-03 +1.20801019e+05 +2.95124827e+02  +4.32711443e+02 +1.47835037e+00  +1.31112519e+05 +2.47932830e+02    +2.14214871e-06 -1.77265666e-03  -9.63493446e-03 +4.31730505e+00  +5.69905796e-06 -1.02243982e-03 
