# scuff-scatter run on pekka-pc (09/25/15::22:30:28)
# columns: 
# 1,2,3   x,y,z (evaluation point coordinates)
# 4,5     real, imag Ex
# 6,7     real, imag Ey
# 8,9     real, imag Ez
# 10,11   real, imag Hx
# 12,13   real, imag Hy
# 14,15   real, imag Hz
+0.00000000e+00 +0.00000000e+00 +8.00000000e-03 -1.08413624e+05 -7.79457590e+02  -7.97801050e+04 -1.01670069e+03  +1.75791331e+07 +3.08965809e+05    +2.50514775e-02 -1.57200601e+00  +4.22322066e-03 -5.79146122e-02  -6.84912261e-05 +2.94743071e-02 
+6.73176788e-03 +0.00000000e+00 +4.32241845e-03 -2.87383425e+04 +3.27827331e+03  -6.74647686e+02 -1.16375909e+00  -3.43368769e+05 -7.47510859e+03    -6.43339420e-04 +6.65570095e-04  +2.53480937e+00 -1.00558922e+02  -5.10601830e-04 +4.08686148e-02 
+7.27437941e-03 +0.00000000e+00 -3.32917469e-03 -2.06947939e+05 -6.50781248e+03  +2.93996018e+02 +1.25375710e+01  +4.36223864e+04 +4.37170240e+02    +8.85553404e-04 -2.21527049e-02  +1.21141061e+00 -3.62110068e+01  +7.39224941e-04 -1.59380489e-02 
+1.12896006e-03 +0.00000000e+00 -7.91993997e-03 -3.50844001e+04 -1.38028697e+03  -2.25759422e+02 -1.05771176e+01  +2.14769553e+05 +7.87001204e+03    -6.18443501e-04 +1.23677892e-02  +1.51081323e-01 -4.10363716e+00  -1.40649503e-05 -5.20380920e-04 
-6.05441996e-03 +0.00000000e+00 -5.22914897e-03 +1.80450858e+05 +6.34362663e+03  +6.21731707e+02 +2.69039691e+01  +1.14764846e+05 +3.29821103e+03    +3.23213591e-04 -1.23832357e-02  -9.08029743e-01 +2.60450880e+01  +1.09461629e-04 -2.70496442e-03 
-7.67139420e-03 +0.00000000e+00 +2.26929748e-03 +1.52382632e+05 +1.47906845e+03  +6.43295876e+02 +7.06464511e+00  -1.96622144e+05 -5.87683501e+03    +1.31073133e-03 -4.76457076e-02  -2.06269355e+00 +7.36810544e+01  +1.96856723e-03 -3.03439579e-02 
-2.23532399e-03 +0.00000000e+00 +7.68136229e-03 -6.14951825e+06 -1.03550917e+05  +4.99599379e+04 -3.80253259e+01  +1.02000269e+06 +2.96359259e+04    +3.33203610e-02 -1.01132184e+00  -5.46047229e+00 +3.13663912e+02  -3.60390162e-02 +4.77094113e+00 
+5.25589279e-03 +0.00000000e+00 +6.03121803e-03 +3.68216111e+05 +1.27655500e+04  -1.03646003e+03 -2.99130674e+01  -6.01640325e+05 -9.05058847e+03    -1.62379162e-03 +1.79190976e-01  +3.25845729e+00 -1.47292005e+02  -6.83253815e-03 +3.71105538e-01 
+7.91486597e-03 +0.00000000e+00 -1.16400027e-03 -2.11664017e+05 -5.52532737e+03  +5.30960797e+02 +2.01491934e+01  -3.96396088e+04 -2.36351913e+03    +1.00191169e-03 -2.77510237e-02  +1.52251036e+00 -4.81775469e+01  +1.27153318e-03 -2.64575226e-02 
+3.29694788e-03 +0.00000000e+00 -7.28904210e-03 -1.01978822e+05 -3.92403925e+03  -7.03917661e+02 -3.25772927e+01  +1.90114972e+05 +6.68868387e+03    -7.67129961e-04 +1.59479013e-02  +4.53117183e-01 -1.24585364e+01  -2.61375670e-04 +4.43414333e-03 
-4.35216889e-03 +0.00000000e+00 -6.71257223e-03 +1.32662852e+05 +4.98502483e+03  +5.39927645e+02 +2.22396317e+01  +1.68962697e+05 +5.70027896e+03    +6.03726471e-05 -5.11995873e-03  -6.09663811e-01 +1.69785132e+01  +3.03178115e-04 -7.80685848e-03 
-7.99992165e-03 +0.00000000e+00 +3.54055839e-05 +2.01719881e+05 +4.47257695e+03  +1.11768296e+00 -2.91351770e+00  -8.91548929e+04 -3.72656566e+03    -1.37019153e-04 -2.46930536e-04  -1.69581114e+00 +5.57224336e+01  +1.29091367e-03 -1.94751644e-02 
-4.29258334e-03 +0.00000000e+00 +6.75083167e-03 -9.80938331e+05 -2.40999833e+04  -7.44088431e+02 -1.01441614e+02  -7.88503229e+05 -9.34532778e+03    +1.64311831e-04 +6.77223610e-01  -3.85457169e+00 +1.89032649e+02  +5.53928850e-03 -1.13647896e-01 
+3.36133629e-03 +0.00000000e+00 +7.25957425e-03 +2.30773682e+06 +4.61380446e+04  -2.02578543e+03 -7.23692595e+01  -7.95776593e+05 -5.82417467e+03    +5.28831005e-03 -5.09273607e-02  +4.58103177e+00 -2.41705584e+02  -2.87456118e-03 +8.60405830e-02 
+7.92485885e-03 +0.00000000e+00 +1.09389775e-03 -1.84909524e+05 -3.24893307e+03  +2.10848645e+02 +1.05984725e+01  -1.36666162e+05 -4.80616002e+03    +9.28744340e-05 -2.98556799e-03  +1.86253280e+00 -6.34450229e+01  +7.44237596e-04 -6.98865064e-03 
+5.20230272e-03 +0.00000000e+00 -6.07750330e-03 -1.56779020e+05 -5.73015049e+03  +4.18591693e+02 +1.79365008e+01  +1.45950681e+05 +4.65315970e+03    +9.28012563e-04 -2.08843888e-02  +7.51299052e-01 -2.11587555e+01  +6.07092496e-04 -1.52764659e-02 
-2.30322653e-03 +0.00000000e+00 -7.66127584e-03 +7.16882672e+04 +2.79582463e+03  +1.41830283e+02 +5.74828698e+00  +2.05038190e+05 +7.40127361e+03    -3.63425745e-04 +6.25963394e-03  -3.10233330e-01 +8.49331891e+00  +1.12580095e-04 -2.30459812e-03 
-7.69117994e-03 +0.00000000e+00 -2.20130670e-03 +2.12722103e+05 +6.14339650e+03  -4.20457110e+02 -1.68300872e+01  +1.52543168e+03 -1.04867754e+03    -7.37222829e-04 +1.67572280e-02  -1.37166668e+00 +4.22189877e+01  +1.30211626e-03 -2.78094398e-02 
-6.00789797e-03 +0.00000000e+00 +5.28253367e-03 -1.18649168e+05 -7.19847485e+03  +8.33257750e+02 +2.82179419e+00  -4.62120903e+05 -8.34330597e+03    +3.07000438e-03 -8.91556420e-02  -2.86976568e+00 +1.21795864e+02  +5.42826677e-04 +9.29777090e-02 
+1.19901768e-03 +0.00000000e+00 +7.90963695e-03 +9.11902416e+06 +1.50018911e+05  -9.73551779e+03 -1.94464286e+01  +9.73800395e+06 +1.62862329e+05    +1.20483085e-02 -6.40305660e-01  +4.83081477e+00 -2.84278294e+02  +8.80136343e-04 +2.08573450e-01 
+7.30356201e-03 +0.00000000e+00 +3.26465649e-03 -1.07231638e+05 +5.15521819e+02  -3.08468211e+02 +2.24895749e+00  -2.58224697e+05 -6.70471446e+03    -3.39701358e-04 -5.39663300e-03  +2.26949116e+00 -8.48956620e+01  +2.38626859e-04 +8.16028698e-03 
+6.69324511e-03 +0.00000000e+00 -4.38183408e-03 -1.95472384e+05 -6.56618260e+03  +6.07592179e+02 +2.66837613e+01  +8.22904682e+04 +1.94180814e+03    +1.28860815e-03 -3.05959545e-02  +1.05172585e+00 -3.06856769e+01  +8.33917601e-04 -1.57433030e-02 
-7.08104743e-05 +0.00000000e+00 -7.99968661e-03 +2.67554504e+03 +1.07901031e+02  +3.16272226e+02 +1.38166999e+01  +2.17206335e+05 +7.98651170e+03    -2.29867211e-04 +3.40335219e-03  -9.53421433e-03 +2.65645914e-01  +2.64443290e-05 -8.16389567e-04 
-6.76976323e-03 +0.00000000e+00 -4.26266416e-03 +1.97882844e+05 +6.61007287e+03  -8.55032361e+01 -1.46291635e+00  +7.81768879e+04 +1.78295558e+03    -3.48226417e-04 +4.54793841e-03  -1.06795926e+00 +3.12713065e+01  +4.44011595e-04 -1.06234129e-02 
-7.24462690e-03 +0.00000000e+00 +3.39343206e-03 +1.02049613e+05 -7.21589379e+02  +4.40697291e+02 -4.43713695e-01  -2.67106337e+05 -6.77487675e+03    +1.93487509e-03 -5.89035170e-02  -2.29349454e+00 +8.64235539e+01  +1.56430262e-03 -1.85725483e-03 
-1.05881400e-03 +0.00000000e+00 +7.92962249e-03 -8.53895078e+06 -1.44254849e+05  +7.20531008e+03 -2.19126502e+02  +1.11819034e+07 +1.88724371e+05    +7.65847196e-03 +1.86646318e+00  -4.46954747e+00 +2.60527655e+02  -2.43598493e-03 -1.94594215e-01 
+6.10046760e-03 +0.00000000e+00 +5.17535458e-03 +9.35634520e+04 +6.63121843e+03  -1.08553081e+03 -1.50074870e+01  -4.46571624e+05 -8.22135513e+03    -1.22873964e-03 +3.49601560e-02  +2.82800436e+00 -1.18956068e+02  -9.60984781e-04 +9.62534871e-03 
+7.65100743e-03 +0.00000000e+00 -2.33711047e-03 -2.12256586e+05 -6.19452886e+03  +3.05785143e+02 +1.08361325e+01  +6.52525483e+03 -8.83627774e+02    +8.28040364e-04 -1.82337632e-02  +1.35476939e+00 -4.15146474e+01  +5.23539113e-04 -8.70608785e-03 
+2.16724631e-03 +0.00000000e+00 -7.70084693e-03 -6.78295084e+04 -2.65334846e+03  -6.26803639e+02 -2.84755008e+01  +2.05930840e+05 +7.44526855e+03    -8.81972115e-04 +1.81133579e-02  +2.93231132e-01 -7.99804078e+00  -1.48486029e-04 +2.57571086e-03 
-5.30907107e-03 +0.00000000e+00 -5.98446024e-03 +1.59635752e+05 +5.81103595e+03  +7.56584195e+02 +3.11541351e+01  +1.42630146e+05 +4.50873498e+03    +2.69239146e-04 -9.78356695e-03  -7.67583458e-01 +2.16828103e+01  +2.75851670e-04 -7.32364786e-03 
