# scuff-scatter run on pekka-pc (09/25/15::22:30:16)
# columns: 
# 1,2,3   x,y,z (evaluation point coordinates)
# 4,5     real, imag Ex
# 6,7     real, imag Ey
# 8,9     real, imag Ez
# 10,11   real, imag Hx
# 12,13   real, imag Hy
# 14,15   real, imag Hz
+0.00000000e+00 +0.00000000e+00 +8.00000000e-03 -1.07664372e+05 -7.09552489e+02  -7.88027631e+04 -9.26206642e+02  +1.72805194e+07 +2.84395756e+05    +2.21618068e-02 -1.51665367e+00  +4.26999605e-03 -5.22966595e-02  -6.05306789e-05 +2.87613342e-02 
+6.73176788e-03 +0.00000000e+00 +4.32241845e-03 -3.16054579e+04 +2.84577992e+03  -6.72653986e+02 -1.65636677e+00  -3.36037159e+05 -6.81079547e+03    -5.48925546e-04 +1.54132938e-04  +2.25020062e+00 -9.61606454e+01  -4.78143935e-04 +3.94344867e-02 
+7.27437941e-03 +0.00000000e+00 -3.32917469e-03 -2.00884593e+05 -5.85126116e+03  +2.82353316e+02 +1.11430404e+01  +4.32188382e+04 +4.28164725e+02    +7.71488911e-04 -2.09178836e-02  +1.06562161e+00 -3.43906630e+01  +6.36120120e-04 -1.49169202e-02 
+1.12896006e-03 +0.00000000e+00 -7.91993997e-03 -3.38419762e+04 -1.23236373e+03  -2.16175579e+02 -9.38031162e+00  +2.07722756e+05 +7.04882127e+03    -5.41443012e-04 +1.15624087e-02  +1.32536949e-01 -3.88735427e+00  -1.17832116e-05 -5.28529156e-04 
-6.05441996e-03 +0.00000000e+00 -5.22914897e-03 +1.74633341e+05 +5.68295161e+03  +5.97067409e+02 +2.39018468e+01  +1.11763467e+05 +2.98222797e+03    +2.79913845e-04 -1.18553925e-02  -7.97787288e-01 +2.47092196e+01  +1.01144868e-04 -2.53735829e-03 
-7.67139420e-03 +0.00000000e+00 +2.26929748e-03 +1.50755579e+05 +1.41995779e+03  +6.35886017e+02 +6.74304341e+00  -1.90968769e+05 -5.29068406e+03    +1.15736863e-03 -4.54610991e-02  -1.82461582e+00 +7.02889522e+01  +1.72519389e-03 -2.79566100e-02 
-2.23532399e-03 +0.00000000e+00 +7.68136229e-03 -6.04948454e+06 -9.51619238e+04  +4.99899920e+04 -2.39447440e+01  +9.91757172e+05 +2.68395959e+04    +2.96602036e-02 -9.59649442e-01  -4.91079111e+00 +3.02102812e+02  -3.26669039e-02 +4.63840410e+00 
+5.25589279e-03 +0.00000000e+00 +6.03121803e-03 +3.56181169e+05 +1.14779109e+04  -1.00721435e+03 -2.72821601e+01  -5.92627766e+05 -8.38150004e+03    -1.46400793e-03 +1.74285151e-01  +2.90591795e+00 -1.41239797e+02  -6.13717681e-03 +3.57394860e-01 
+7.91486597e-03 +0.00000000e+00 -1.16400027e-03 -2.06391413e+05 -5.00130426e+03  +5.11870742e+02 +1.80279727e+01  -3.74302060e+04 -2.08654273e+03    +8.80265584e-04 -2.63352788e-02  +1.34159980e+00 -4.58227145e+01  +1.10311268e-03 -2.47862145e-02 
+3.29694788e-03 +0.00000000e+00 -7.28904210e-03 -9.84321376e+04 -3.50569104e+03  -6.74430669e+02 -2.88715328e+01  +1.84104604e+05 +5.99942531e+03    -6.69532269e-04 +1.49524569e-02  +3.97626858e-01 -1.18059467e+01  -2.29003992e-04 +4.12812605e-03 
-4.35216889e-03 +0.00000000e+00 -6.71257223e-03 +1.28140019e+05 +4.45673593e+03  +5.19712548e+02 +1.97969075e+01  +1.63823020e+05 +5.12075331e+03    +5.05307717e-05 -4.97615769e-03  -5.35193478e-01 +1.60950286e+01  +2.67773333e-04 -7.37411869e-03 
-7.99992165e-03 +0.00000000e+00 +3.54055839e-05 +1.97367387e+05 +4.07523943e+03  +3.84762726e+00 -2.55109667e+00  -8.56383933e+04 -3.31924167e+03    -1.18804701e-04 -3.47311593e-04  -1.49604320e+00 +5.30492703e+01  +1.13098420e-03 -1.78700374e-02 
-4.29258334e-03 +0.00000000e+00 +6.75083167e-03 -9.57905501e+05 -2.18788881e+04  -6.46910024e+02 -9.16132164e+01  -7.79132155e+05 -8.76132488e+03    -1.24748693e-05 +6.63949777e-01  -3.44742333e+00 +1.81554997e+02  +4.88236592e-03 -1.05946560e-01 
+3.36133629e-03 +0.00000000e+00 +7.25957425e-03 +2.26333814e+06 +4.21684506e+04  -1.95638255e+03 -6.52156728e+01  -7.89755376e+05 -5.65371544e+03    +4.69927611e-03 -4.50020017e-02  +4.10807214e+00 -2.32456078e+02  -2.54073134e-03 +8.16244753e-02 
+7.92485885e-03 +0.00000000e+00 +1.09389775e-03 -1.81655464e+05 -2.99364400e+03  +2.00831421e+02 +9.40798448e+00  -1.32090147e+05 -4.30358158e+03    +8.50539981e-05 -2.86277677e-03  +1.64503695e+00 -6.04547486e+01  +6.31713900e-04 -6.17571999e-03 
+5.20230272e-03 +0.00000000e+00 -6.07750330e-03 -1.51556784e+05 -5.12727548e+03  +4.02032448e+02 +1.60002669e+01  +1.41738963e+05 +4.18921642e+03    +8.06584368e-04 -1.96320480e-02  +6.59741556e-01 -2.00635111e+01  +5.28628699e-04 -1.44192198e-02 
-2.30322653e-03 +0.00000000e+00 -7.66127584e-03 +6.91675086e+04 +2.49679671e+03  +1.36681151e+02 +5.11349445e+00  +1.98401272e+05 +6.63244812e+03    -3.20199944e-04 +5.79930312e-03  -2.72208233e-01 +8.04770755e+00  +9.90832871e-05 -2.15178547e-03 
-7.69117994e-03 +0.00000000e+00 -2.20130670e-03 +2.06933201e+05 +5.53994240e+03  -4.04629437e+02 -1.50099944e+01  +2.49731443e+03 -9.03782409e+02    -6.44746575e-04 +1.57397704e-02  -1.20764494e+00 +4.01272911e+01  +1.14265746e-03 -2.60374535e-02 
-6.00789797e-03 +0.00000000e+00 +5.28253367e-03 -1.12004244e+05 -6.40122367e+03  +8.29875704e+02 +2.83641642e+00  -4.53865458e+05 -7.66202338e+03    +2.73227199e-03 -8.45181437e-02  -2.55347675e+00 +1.16639422e+02  +4.47751444e-04 +9.16757693e-02 
+1.19901768e-03 +0.00000000e+00 +7.90963695e-03 +8.97391191e+06 +1.38212612e+05  -9.71723478e+03 -1.65176140e+01  +9.58082823e+06 +1.49595804e+05    +1.06572123e-02 -6.16032366e-01  +4.35305081e+00 -2.73904914e+02  +8.26461306e-04 +2.05301266e-01 
+7.30356201e-03 +0.00000000e+00 +3.26465649e-03 -1.07473291e+05 +3.62525109e+02  -3.10041292e+02 +1.58313559e+00  -2.51715771e+05 -6.06670348e+03    -2.81586534e-04 -5.59024914e-03  +2.01062813e+00 -8.10745591e+01  +1.82176125e-04 +8.17552404e-03 
+6.69324511e-03 +0.00000000e+00 -4.38183408e-03 -1.89410347e+05 -5.89081259e+03  +5.82951980e+02 +2.37012294e+01  +8.05139520e+04 +1.77274530e+03    +1.12071404e-03 -2.88234387e-02  +9.24493336e-01 -2.91245993e+01  +7.17795105e-04 -1.46457010e-02 
-7.08104743e-05 +0.00000000e+00 -7.99968661e-03 +2.57843573e+03 +9.62342772e+01  +3.03851205e+02 +1.22743555e+01  +2.10058715e+05 +7.15236427e+03    -2.03029079e-04 +3.11437984e-03  -8.36661733e-03 +2.51900372e-01  +2.33148892e-05 -7.77079828e-04 
-6.76976323e-03 +0.00000000e+00 -4.26266416e-03 +1.91774381e+05 +5.93118412e+03  -8.40026618e+01 -1.40365623e+00  +7.65441685e+04 +1.63069099e+03    -3.06350450e-04 +4.13444299e-03  -9.38857589e-01 +2.96834805e+01  +3.95260669e-04 -9.98610334e-03 
-7.24462690e-03 +0.00000000e+00 +3.39343206e-03 +1.02483843e+05 -5.46904957e+02  +4.40514966e+02 -6.20445457e-03  -2.60520075e+05 -6.13570642e+03    +1.70982419e-03 -5.59699422e-02  -2.03238591e+00 +8.25478767e+01  +1.36453885e-03 -3.96805866e-04 
-1.05881400e-03 +0.00000000e+00 +7.92962249e-03 -8.39940491e+06 -1.32922195e+05  +7.40544215e+03 -1.81303420e+02  +1.09996873e+07 +1.73460972e+05    +6.27890195e-03 +1.83506263e+00  -4.02760616e+00 +2.50981081e+02  -2.29556009e-03 -1.93093007e-01 
+6.10046760e-03 +0.00000000e+00 +5.17535458e-03 +8.74695325e+04 +5.88339603e+03  -1.07013685e+03 -1.42202775e+01  -4.38442431e+05 -7.54450283e+03    -1.09055389e-03 +3.34903880e-02  +2.51559127e+00 -1.13898160e+02  -8.77781841e-04 +8.54794996e-03 
+7.65100743e-03 +0.00000000e+00 -2.33711047e-03 -2.06427807e+05 -5.58404622e+03  +2.95559795e+02 +9.72866910e+00  +7.34338450e+03 -7.55478248e+02    +7.24089479e-04 -1.71676888e-02  +1.19261694e+00 -3.94530902e+01  +4.45797909e-04 -8.00536820e-03 
+2.16724631e-03 +0.00000000e+00 -7.70084693e-03 -6.54376553e+04 -2.36931667e+03  -6.01039788e+02 -2.52708322e+01  +1.99256228e+05 +6.67156108e+03    -7.70311374e-04 +1.69653433e-02  +2.57263983e-01 -7.57740753e+00  -1.29771024e-04 +2.39004227e-03 
-5.30907107e-03 +0.00000000e+00 -5.98446024e-03 +1.54336506e+05 +5.20026664e+03  +7.28122937e+02 +2.77320166e+01  +1.38546693e+05 +4.06057198e+03    +2.32440736e-04 -9.36073861e-03  -6.74098084e-01 +2.05623656e+01  +2.45374600e-04 -6.92597072e-03 
