# scuff-scatter run on pekka-pc (09/25/15::22:35:15)
# columns: 
# 1,2,3   x,y,z (evaluation point coordinates)
# 4,5     real, imag Ex
# 6,7     real, imag Ey
# 8,9     real, imag Ez
# 10,11   real, imag Hx
# 12,13   real, imag Hy
# 14,15   real, imag Hz
+0.00000000e+00 +0.00000000e+00 +8.00000000e-03 +5.89239048e+05 -3.68998425e+05  +1.33636917e+06 -8.76892724e+05  +5.49283095e+07 +1.33611989e+08    +3.30832236e+01 +1.05474475e+02  +2.51535966e+01 -7.97682871e+01  -4.39563484e-01 +6.38008168e-01 
+6.73176788e-03 +0.00000000e+00 +4.32241845e-03 +3.91831496e+06 -4.04920404e+06  +1.14737085e+05 +2.19832266e+04  +3.46598332e+06 +2.44210108e+06    -1.09166411e-01 +3.96313812e+00  -2.78265597e+02 +4.95652775e+02  +1.72101006e+00 -7.89376814e+00 
+7.27437941e-03 +0.00000000e+00 -3.32917469e-03 -3.42183369e+05 -1.44062614e+05  +1.48125788e+03 -6.28025493e+03  +1.06136880e+05 -3.36129926e+05    +1.27526518e-01 -4.64062316e-01  +2.49911079e+01 -7.06557625e+00  -2.55618360e-02 -5.74463408e-01 
+1.12896006e-03 +0.00000000e+00 -7.91993997e-03 +2.45174365e+04 +3.77503700e+04  -3.07731948e+02 +1.35942170e+03  -1.33574598e+05 -5.82739726e+04    +2.72261936e-01 -3.91770795e-01  -2.30736452e+00 +4.02628098e+00  +3.25922037e-02 -3.89038220e-02 
-6.05441996e-03 +0.00000000e+00 -5.22914897e-03 -4.20053560e+04 +1.99619923e+05  -5.42971264e+03 +1.77820518e+03  +1.14136588e+05 +4.81591026e+04    +6.08367646e-02 -1.52442817e-01  -1.54581692e+01 -1.52228409e+01  -8.18608020e-03 +7.49963043e-02 
-7.67139420e-03 +0.00000000e+00 +2.26929748e-03 -2.48826723e+06 -8.07597431e+05  -3.07502195e+04 -3.93421319e+04  -1.01873511e+06 +1.94868082e+06    -1.60200019e-01 -4.23704842e-01  +2.24547115e+02 -4.54840620e+01  -9.03816174e-02 +5.47745410e-01 
-2.23532399e-03 +0.00000000e+00 +7.68136229e-03 -2.15570174e+06 -5.19336172e+07  +2.09897829e+06 -1.35154556e+05  -2.23504933e+07 +6.91660647e+06    +3.47533544e+01 +1.14714755e+02  -3.54154797e+03 +5.09877378e+01  -2.40251440e+01 +6.22464243e+01 
+5.25589279e-03 +0.00000000e+00 +6.03121803e-03 -5.92035380e+06 -8.42309044e+06  +2.23019176e+05 +1.48030176e+05  +6.96651016e+06 -6.23527598e+06    -7.29690831e+00 +1.25760671e+01  +3.69302770e+02 +1.21653433e+03  +4.07002328e+00 -1.70463879e+01 
+7.91486597e-03 +0.00000000e+00 -1.16400027e-03 -4.81137858e+05 +6.22379343e+05  +1.34424047e+04 -1.10348512e+03  -6.59780532e+05 -5.20650790e+05    +2.47199803e-01 -5.34065852e-01  -1.11536503e+01 -5.18739907e+01  +4.48223496e-01 -1.02974156e+00 
+3.29694788e-03 +0.00000000e+00 -7.28904210e-03 +9.33322864e+04 +5.06007586e+04  +8.92052585e+01 +4.53277107e+03  -1.07725027e+05 +4.84214653e+04    +4.38617663e-01 -3.45762273e-01  -2.77651175e+00 +1.23030502e+01  +1.64399287e-01 -1.07184681e-01 
-4.35216889e-03 +0.00000000e+00 -6.71257223e-03 -1.20678007e+05 +5.66435457e+03  -2.09067954e+03 +7.05857861e+02  -5.41945614e+04 +1.01943837e+05    +1.14052171e-01 -2.97941637e-01  -1.36097773e+00 -1.55073644e+01  -6.18789957e-02 +1.46294082e-01 
-7.99992165e-03 +0.00000000e+00 +3.54055839e-05 -6.74773787e+04 -1.16096697e+06  -1.03488982e+04 -4.97177067e+02  -1.20109147e+06 -1.23052269e+05    +7.87967560e-02 -2.32296880e-01  +6.21503369e+01 +6.04203643e+01  -5.87738030e-01 +1.75828885e-01 
-4.29258334e-03 +0.00000000e+00 +6.75083167e-03 +1.28749020e+07 +1.39424579e+06  +5.23529580e+05 +4.54325306e+04  +9.76638978e+05 -1.48550387e+07    -7.28587733e+00 +4.98148675e+01  -1.30885244e+03 -1.27333437e+03  -1.53634076e+00 +3.14551407e+01 
+3.36133629e-03 +0.00000000e+00 +7.25957425e-03 -1.60417269e+07 +1.51593440e+07  +3.66302897e+05 +2.75324888e+05  -1.09901570e+07 -1.91015639e+07    -1.41616868e+01 +3.39221755e+01  +2.42186636e+03 +1.01209558e+03  +7.06220406e+00 -1.74491804e+01 
+7.92485885e-03 +0.00000000e+00 +1.09389775e-03 +1.00513649e+06 +1.45862940e+06  -3.00120323e+03 -1.56388315e+04  -1.48014543e+06 +7.64255988e+05    +2.39858541e-01 -4.58871340e-01  -1.43170137e+02 -4.18201233e+01  -9.67121689e-02 -5.43858534e-01 
+5.20230272e-03 +0.00000000e+00 -6.07750330e-03 +1.16548580e+05 -9.80616200e+04  -2.91335212e+03 +3.45807597e+03  +2.29128274e+04 +1.17190189e+05    +3.69790104e-01 -2.37384056e-01  +6.53100363e+00 +1.78452877e+01  +2.75649322e-01 -1.25118490e-01 
-2.30322653e-03 +0.00000000e+00 -7.66127584e-03 -5.78195024e+04 -5.95585260e+04  -1.76827625e+01 +1.28257013e+02  -1.29201955e+05 -1.30558666e+04    +1.55370531e-01 -4.01188550e-01  +2.60296687e+00 -7.93397560e+00  -4.30331387e-02 +9.33113350e-02 
-7.69117994e-03 +0.00000000e+00 -2.20130670e-03 +5.12258030e+05 -1.66158733e+05  -3.53955426e+03 -7.53553525e+03  -1.82869584e+05 -5.10111568e+05    -4.92984466e-02 -2.17333881e-01  -1.60834259e+01 +2.93194711e+01  +1.63621939e-01 +3.52723187e-01 
-6.00789797e-03 +0.00000000e+00 +5.28253367e-03 -1.75198874e+05 +7.24041299e+06  +9.31537997e+04 +3.24117712e+04  +6.05832398e+06 -5.58339328e+05    -1.93156536e+00 +1.27208701e+01  +5.94701076e+01 -8.45994516e+02  -2.48088660e+00 +1.55138081e+01 
+1.19901768e-03 +0.00000000e+00 +7.90963695e-03 +3.37969723e+07 +6.93491982e+07  +6.67652658e+05 +5.95934451e+05  +7.01552215e+06 +7.16913027e+07    -1.20271467e+01 +6.86056527e+01  +3.25212638e+03 -1.00476606e+03  +3.75093778e+00 -1.17117326e+01 
+7.30356201e-03 +0.00000000e+00 +3.26465649e-03 +3.80828931e+06 -9.81511967e+05  +6.91323430e+04 +5.88333920e+03  +3.72029759e+05 +2.90908856e+06    +3.10271161e-01 +1.39198935e+00  -3.01197522e+02 +2.01081625e+02  +2.78904232e-01 -4.30025464e+00 
+6.69324511e-03 +0.00000000e+00 -4.38183408e-03 -1.07627869e+05 -2.40493974e+05  -3.18368414e+03 -4.57258491e+02  +1.79462165e+05 -1.05294523e+05    +2.28741306e-01 -3.17227439e-01  +2.21996248e+01 +8.91032289e+00  +1.54125304e-01 -2.62507135e-01 
-7.08104743e-05 +0.00000000e+00 -7.99968661e-03 -1.49794125e+03 -3.77111927e+03  -2.28287692e+02 -7.86721886e+02  -1.33561030e+05 -7.02347246e+04    +1.89578105e-01 -4.07216147e-01  -1.99484611e-01 -6.71222906e-02  -2.78915600e-03 +5.81920396e-03 
-6.76976323e-03 +0.00000000e+00 -4.26266416e-03 +1.22417396e+05 +2.39648567e+05  -5.80904420e+03 -4.43016531e+03  +1.66195535e+05 -1.25487657e+05    -8.38618267e-02 -1.83516600e-01  -2.34454391e+01 -7.05027072e+00  +1.70902045e-01 +6.09603836e-02 
-7.24462690e-03 +0.00000000e+00 +3.39343206e-03 -3.73026458e+06 +1.03993188e+06  -4.25388061e+04 -1.59272473e+04  +8.00048900e+05 +2.88080248e+06    -5.40384181e-01 +2.53280471e-01  +2.89470718e+02 -2.30956812e+02  -1.79344106e-01 +2.54823662e+00 
-1.05881400e-03 +0.00000000e+00 +7.92962249e-03 -3.35170014e+07 -6.46142505e+07  +2.51241836e+06 -1.33182294e+06  +1.57986480e+07 +8.35584629e+07    +4.21480926e+01 +1.48560452e+02  -2.92285947e+03 +8.93614093e+02  +4.45212874e+00 +2.16796434e+01 
+6.10046760e-03 +0.00000000e+00 +5.17535458e-03 +1.14563106e+06 -6.96738378e+06  +1.74158234e+05 +5.32190194e+04  +6.50520415e+06 -9.85841226e+04    -1.78315561e+00 +7.79790082e+00  -1.05842694e+02 +8.43203769e+02  +3.71814010e+00 -1.09859102e+01 
+7.65100743e-03 +0.00000000e+00 -2.33711047e-03 -5.15823647e+05 +1.22593156e+05  +9.49667381e+03 -8.13046060e+03  -1.40457682e+05 -5.13318538e+05    +2.00373533e-01 -5.21222827e-01  +1.72370264e+01 -2.73498945e+01  +2.48228517e-02 -9.28686712e-01 
+2.16724631e-03 +0.00000000e+00 -7.70084693e-03 +5.35631630e+04 +6.15134288e+04  +2.50057498e+02 +2.81288219e+03  -1.29626250e+05 -1.64489875e+04    +3.54913641e-01 -3.84676380e-01  -3.45044849e+00 +7.83872676e+00  +7.60223152e-02 -7.95261691e-02 
-5.30907107e-03 +0.00000000e+00 -5.98446024e-03 -1.09648250e+05 +1.04839941e+05  -3.76759499e+03 +2.17358755e+03  +3.09803724e+04 +1.12916209e+05    +9.36657623e-02 -2.10219203e-01  -7.82365608e+00 -1.71392518e+01  -7.15621235e-02 +1.28587715e-01 
