# scuff-scatter run on pekka-pc (09/25/15::22:29:06)
# columns: 
# 1,2,3   x,y,z (evaluation point coordinates)
# 4,5     real, imag Ex
# 6,7     real, imag Ey
# 8,9     real, imag Ez
# 10,11   real, imag Hx
# 12,13   real, imag Hy
# 14,15   real, imag Hz
+0.00000000e+00 +0.00000000e+00 +8.00000000e-03 -1.04313293e+05 -4.29846593e+02  -7.44236035e+04 -5.62982489e+02  +1.59022704e+07 +1.81638362e+05    +1.12905012e-02 -1.23834642e+00  +3.55122334e-03 -2.23833312e-02  -2.86178983e-05 +2.46995087e-02 
+6.73176788e-03 +0.00000000e+00 +4.32241845e-03 -4.27810527e+04 +1.33566802e+03  -6.56690476e+02 -2.57345059e+00  -3.03155995e+05 -4.15445811e+03    -2.43627801e-04 -1.50851628e-03  +1.16886750e+00 -7.50394989e+01  -2.94303312e-04 +3.18786092e-02 
+7.27437941e-03 +0.00000000e+00 -3.32917469e-03 -1.74559085e+05 -3.34538433e+03  +2.33444704e+02 +6.03893877e+00  +4.10343114e+04 +3.37377022e+02    +3.67102524e-04 -1.54243094e-02  +5.29149786e-01 -2.59974005e+01  +2.85683331e-04 -1.05596734e-02 
+1.12896006e-03 +0.00000000e+00 -7.91993997e-03 -2.85515049e+04 -6.80199805e+02  -1.76175523e+02 -5.01457441e+00  +1.77451290e+05 +3.94739269e+03    -2.61893957e-04 +8.06171078e-03  +6.49005052e-02 -2.90346815e+00  -4.00764692e-06 -5.29228262e-04 
-6.05441996e-03 +0.00000000e+00 -5.22914897e-03 +1.49623720e+05 +3.19100224e+03  +4.93554327e+02 +1.29065507e+01  +9.85253848e+04 +1.74607795e+03    +1.29974650e-04 -9.36867959e-03  -3.93717126e-01 +1.85852177e+01  +6.05267109e-05 -1.75308675e-03 
-7.67139420e-03 +0.00000000e+00 +2.26929748e-03 +1.42587354e+05 +1.06755531e+03  +5.99020456e+02 +4.91710427e+00  -1.66375925e+05 -3.04959383e+03    +5.86597665e-04 -3.51501913e-02  -9.31606614e-01 +5.42443556e+01  +8.41823627e-04 -1.79015254e-02 
-2.23532399e-03 +0.00000000e+00 +7.68136229e-03 -5.58984766e+06 -6.03257013e+04  +4.99805765e+04 +1.70910594e+01  +8.66847439e+05 +1.58675826e+04    +1.55961585e-02 -7.19155126e-01  -2.71162611e+00 +2.43643494e+02  -1.86532060e-02 +3.91408331e+00 
+5.25589279e-03 +0.00000000e+00 +6.03121803e-03 +3.04002342e+05 +6.55563553e+03  -8.76472387e+02 -1.65633562e+01  -5.50552666e+05 -5.49597116e+03    -8.55075314e-04 +1.47586349e-01  +1.54294490e+00 -1.11627123e+02  -3.39007489e-03 +2.88479645e-01 
+7.91486597e-03 +0.00000000e+00 -1.16400027e-03 -1.83095488e+05 -2.95367082e+03  +4.30299863e+02 +1.00845192e+01  -2.83195365e+04 -1.09038091e+03    +4.36883479e-04 -1.98681423e-02  +6.72019744e-01 -3.48766835e+01  +5.17600780e-04 -1.75938406e-02 
+3.29694788e-03 +0.00000000e+00 -7.28904210e-03 -8.33025108e+04 -1.94121174e+03  -5.51530936e+02 -1.53910469e+01  +1.58179453e+05 +3.38319136e+03    -3.19077645e-04 +1.06107459e-02  +1.95033984e-01 -8.83216850e+00  -1.11836201e-04 +2.81791937e-03 
-4.35216889e-03 +0.00000000e+00 -6.71257223e-03 +1.08806918e+05 +2.47676777e+03  +4.34400088e+02 +1.07835543e+01  +1.41557597e+05 +2.90899698e+03    +2.03264381e-05 -4.22306515e-03  -2.62984127e-01 +1.20615612e+01  +1.34741512e-04 -5.41186807e-03 
-7.99992165e-03 +0.00000000e+00 +3.54055839e-05 +1.77816360e+05 +2.48225814e+03  +1.47671020e+01 -1.27143325e+00  -7.07718528e+04 -1.81517764e+03    -5.46463260e-05 -6.73602406e-04  -7.53736781e-01 +4.05562700e+01  +5.49252370e-04 -1.11351895e-02 
-4.29258334e-03 +0.00000000e+00 +6.75083167e-03 -8.55421890e+05 -1.31005576e+04  -2.22910425e+02 -5.32452259e+01  -7.34057823e+05 -6.04870718e+03    -4.55113635e-04 +5.81551959e-01  -1.85538257e+00 +1.44546346e+02  +2.41400200e-03 -7.21324437e-02 
+3.36133629e-03 +0.00000000e+00 +7.25957425e-03 +2.06226054e+06 +2.60633375e+04  -1.65525824e+03 -3.75361673e+01  -7.58449254e+05 -4.44997960e+03    +2.45426828e-03 -2.06254034e-02  +2.23850757e+00 -1.86211947e+02  -1.28361210e-03 +6.13203309e-02 
+7.92485885e-03 +0.00000000e+00 +1.09389775e-03 -1.66644576e+05 -1.91667741e+03  +1.58929386e+02 +5.07562940e+00  -1.12464486e+05 -2.41623544e+03    +5.03675258e-05 -2.24337524e-03  +8.33600538e-01 -4.64073287e+01  +2.63766051e-04 -3.10649701e-03 
+5.20230272e-03 +0.00000000e+00 -6.07750330e-03 -1.29180397e+05 -2.86174206e+03  +3.31834332e+02 +8.80823589e+00  +1.23382404e+05 +2.40438216e+03    +3.80233994e-04 -1.41608356e-02  +3.24728688e-01 -1.50556806e+01  +2.53054632e-04 -1.06212283e-02 
-2.30322653e-03 +0.00000000e+00 -7.66127584e-03 +5.84261350e+04 +1.37981914e+03  +1.14971441e+02 +2.77706778e+00  +1.69848404e+05 +3.72362192e+03    -1.59193492e-04 +3.82276851e-03  -1.33428595e-01 +6.01809974e+00  +4.90073648e-05 -1.48389759e-03 
-7.69117994e-03 +0.00000000e+00 -2.20130670e-03 +1.81602404e+05 +3.21343765e+03  -3.37579360e+02 -8.25784347e+00  +6.23300734e+03 -4.12713352e+02    -3.09806062e-04 +1.12575833e-02  -6.02317917e-01 +3.04424767e+01  +5.60374597e-04 -1.82751813e-02 
-6.00789797e-03 +0.00000000e+00 +5.28253367e-03 -8.40720802e+04 -3.45291698e+03  +8.11503315e+02 +2.48591997e+00  -4.16110774e+05 -4.84352335e+03    +1.44625641e-03 -6.30606450e-02  -1.34128142e+00 +9.16362823e+01  +1.30321385e-04 +8.22030320e-02 
+1.19901768e-03 +0.00000000e+00 +7.90963695e-03 +8.30266494e+06 +8.86317794e+04  -9.65101250e+03 -6.67734864e+00  +8.85935634e+06 +9.46257091e+04    +5.42406774e-03 -4.96323813e-01  +2.42537794e+00 -2.21234746e+02  +5.34643894e-04 +1.84098824e-01 
+7.30356201e-03 +0.00000000e+00 +3.26465649e-03 -1.07274759e+05 -8.02842627e+01  -3.11535872e+02 -2.55402799e-01  -2.23029843e+05 -3.58289185e+03    -1.00582822e-04 -5.86157417e-03  +1.03430764e+00 -6.28803272e+01  +3.07848180e-05 +7.55171517e-03 
+6.69324511e-03 +0.00000000e+00 -4.38183408e-03 -1.63246039e+05 -3.33166380e+03  +4.79633857e+02 +1.27927582e+01  +7.24704554e+04 +1.08282900e+03    +5.28159122e-04 -2.10118974e-02  +4.57407939e-01 -2.19513676e+01  +3.22435047e-04 -1.00381761e-02 
-7.08104743e-05 +0.00000000e+00 -7.99968661e-03 +2.16618735e+03 +5.28536094e+01  +2.51720045e+02 +6.61924927e+00  +1.79363826e+05 +4.00314130e+03    -1.01194011e-04 +1.89179060e-03  -4.10381030e-03 +1.89094407e-01  +1.19511239e-05 -5.94928591e-04 
-6.76976323e-03 +0.00000000e+00 -4.26266416e-03 +1.65397737e+05 +3.35736773e+03  -7.65072108e+01 -1.02236328e+00  +6.91156787e+04 +1.00385765e+03    -1.51012512e-04 +2.41467021e-03  -4.64746290e-01 +2.23833947e+01  +2.06970189e-04 -7.11636481e-03 
-7.24462690e-03 +0.00000000e+00 +3.39343206e-03 +1.03110917e+05 -2.24715116e+01  +4.34876691e+02 +1.06559433e+00  -2.31426096e+05 -3.63905151e+03    +8.72254091e-04 -4.23923459e-02  -1.04673405e+00 +6.40739712e+01  +6.50672236e-04 +4.85998904e-03 
-1.05881400e-03 +0.00000000e+00 +7.92962249e-03 -7.75364457e+06 -8.52985689e+04  +8.05415674e+03 -5.53758088e+01  +1.01618852e+07 +1.10041928e+05    +1.89545884e-03 +1.62515184e+00  -2.24432843e+00 +2.02555016e+02  -1.53492665e-03 -1.80161249e-01 
+6.10046760e-03 +0.00000000e+00 +5.17535458e-03 +6.20222682e+04 +3.13521437e+03  -9.94853995e+02 -1.00704806e+01  -4.01332487e+05 -4.75332962e+03    -6.08278410e-04 +2.66384299e-02  +1.31954905e+00 -8.94037605e+01  -5.14996273e-04 +3.89083695e-03 
+7.65100743e-03 +0.00000000e+00 -2.33711047e-03 -1.80946425e+05 -3.23333337e+03  +2.51451952e+02 +5.52916198e+00  +1.04128761e+04 -3.28228970e+02    +3.52067166e-04 -1.24668647e-02  +5.94446695e-01 -2.99140527e+01  +1.88873997e-04 -5.16137472e-03 
+2.16724631e-03 +0.00000000e+00 -7.70084693e-03 -5.52486866e+04 -1.30872375e+03  -4.93270061e+02 -1.35577391e+01  +1.70544914e+05 +3.74469461e+03    -3.68895580e-04 +1.19685266e-02  +1.26043050e-01 -5.66280605e+00  -6.22948559e-05 +1.59945891e-03 
-5.30907107e-03 +0.00000000e+00 -5.98446024e-03 +1.31622457e+05 +2.90422887e+03  +6.08024246e+02 +1.51087698e+01  +1.20732532e+05 +2.33426090e+03    +1.06425472e-04 -7.38392347e-03  -3.31931713e-01 +1.54368647e+01  +1.27302117e-04 -5.10033882e-03 
