# scuff-scatter run on pekka-pc (09/25/15::22:37:09)
# columns: 
# 1,2,3   x,y,z (evaluation point coordinates)
# 4,5     real, imag Ex
# 6,7     real, imag Ey
# 8,9     real, imag Ez
# 10,11   real, imag Hx
# 12,13   real, imag Hy
# 14,15   real, imag Hz
+0.00000000e+00 +0.00000000e+00 +8.00000000e-03 -7.42216963e+04 +8.73700865e+01  -3.32570431e+04 -1.72323338e+02  -9.86703176e+06 +1.75452231e+06    -2.04287109e-01 -2.43937288e+00  +4.17095481e-01 +3.71639511e+00  -1.07659041e-03 +2.62743927e-02 
+6.73176788e-03 +0.00000000e+00 +4.32241845e-03 +7.32029414e+04 -1.66877147e+04  -1.01135256e+02 +8.30547217e-02  +8.99818709e+04 -1.57363411e+04    -1.45365985e-03 -6.98166907e-03  +7.62020800e+00 +4.41152808e+01  +6.71316311e-03 +3.07344081e-02 
+7.27437941e-03 +0.00000000e+00 -3.32917469e-03 +3.51055753e+04 -5.25521804e+03  -1.72280721e+01 +3.79491100e-01  -2.02383673e+04 +3.60782577e+03    +1.56245634e-03 +8.21059061e-03  +1.48659636e+00 +1.03664667e+01  +1.47044559e-03 +8.27788900e-03 
+1.12896006e-03 +0.00000000e+00 -7.91993997e-03 +3.81147361e+03 -4.49546321e+02  -3.34905812e+00 +1.42633378e+00  -3.07816864e+04 +4.03932454e+03    +1.87165844e-03 +7.36136671e-03  +1.29182765e-01 +9.97499984e-01  +2.92550934e-04 +5.02058355e-04 
-6.05441996e-03 +0.00000000e+00 -5.22914897e-03 -2.49163637e+04 +3.39575499e+03  -1.46758492e+01 +1.25059834e-01  -2.56657200e+04 +3.98329410e+03    +2.31009763e-03 +6.44784461e-03  -9.70576022e-01 -7.01382335e+00  -1.47293880e-03 -4.26601976e-03 
-7.67139420e-03 +0.00000000e+00 +2.26929748e-03 -6.85843451e+04 +1.34595862e+04  -4.33444714e+01 +1.64502063e+01  +2.68267012e+04 -3.57759178e+03    +1.83851777e-03 +5.27944874e-03  -4.53346820e+00 -2.77753256e+01  -7.12696505e-03 -1.30746800e-02 
-2.23532399e-03 +0.00000000e+00 +7.68136229e-03 +2.39545220e+06 -5.05369077e+05  +9.48493633e+03 +5.04081400e+03  -1.57967233e+05 +4.53083700e+03    -6.51259544e-02 +2.08017656e-01  -4.45344366e+01 -2.17514615e+02  -5.39485514e-01 +1.10218950e+00 
+5.25589279e-03 +0.00000000e+00 +6.03121803e-03 -7.35745947e+03 -5.07256615e+03  -4.06382946e+02 +9.33520502e+01  +2.42175766e+05 -4.82800393e+04    -2.89260411e-02 +1.91875814e-02  +1.42122111e+01 +7.74473686e+01  -7.95892889e-03 +8.05874755e-02 
+7.91486597e-03 +0.00000000e+00 -1.16400027e-03 +4.72777269e+04 -7.82474634e+03  -3.06814859e+01 -2.26560655e+00  -1.02355993e+04 +2.46696669e+03    +1.69873495e-03 +7.18895818e-03  +2.26397299e+00 +1.50828552e+01  +1.97730204e-03 +1.22114907e-02 
+3.29694788e-03 +0.00000000e+00 -7.28904210e-03 +1.16424674e+04 -1.42177715e+03  -3.45605463e+00 +1.34376439e+00  -2.97675789e+04 +4.06880522e+03    +1.63621093e-03 +7.99589790e-03  +4.10799687e-01 +3.11140496e+00  +6.10281823e-04 +2.17932679e-03 
-4.35216889e-03 +0.00000000e+00 -6.71257223e-03 -1.60198732e+04 +2.02335420e+03  -1.42733675e+01 +1.22338145e+00  -2.87522875e+04 +4.07087481e+03    +2.17227129e-03 +6.87809796e-03  -5.87143302e-01 -4.36682216e+00  -7.53005668e-04 -3.07941790e-03 
-7.99992165e-03 +0.00000000e+00 +3.54055839e-05 -5.45188512e+04 +9.56748652e+03  -1.59538882e+01 +6.86191094e+00  -1.51118660e+03 +1.21861454e+03    +1.49112352e-03 +6.81073955e-03  -2.86306773e+00 -1.85153514e+01  -5.24559634e-03 -7.06031813e-03 
-4.29258334e-03 +0.00000000e+00 +6.75083167e-03 +2.21282899e+05 -3.49847967e+04  +7.23230711e+01 +4.50136405e+02  +3.94121212e+05 -8.22528746e+04    -1.21653384e-01 +2.35990707e-01  -2.10059445e+01 -1.10239981e+02  -3.39333865e-02 -5.10444074e-02 
+3.36133629e-03 +0.00000000e+00 +7.25957425e-03 -7.55318444e+05 +1.42823356e+05  -1.04123720e+03 +2.04257422e+02  +5.22400240e+05 -1.12821613e+05    -3.97331403e-02 -9.44223119e-03  +3.02930721e+01 +1.54598251e+02  +2.52499340e-02 +1.45884728e-01 
+7.92485885e-03 +0.00000000e+00 +1.09389775e-03 +6.13689284e+04 -1.13034582e+04  -3.65377114e+01 -1.72579529e+00  +9.05062696e+03 -4.52769071e+02    +8.73811900e-04 +6.62668251e-03  +3.51368138e+00 +2.22190627e+01  +2.71553109e-03 +1.73071711e-02 
+5.20230272e-03 +0.00000000e+00 -6.07750330e-03 +2.00353605e+04 -2.61368775e+03  -2.65642601e+01 -2.80188533e+00  -2.75682930e+04 +4.05624913e+03    +1.36090508e-03 +9.24206569e-03  +7.46070043e-01 +5.50447227e+00  +9.22556603e-04 +4.26437037e-03 
-2.30322653e-03 +0.00000000e+00 -7.66127584e-03 -7.95771453e+03 +9.51911495e+02  -7.07411946e+00 +1.40842994e+00  -3.03738222e+04 +4.04969162e+03    +2.00450133e-03 +7.08769754e-03  -2.81724132e-01 -2.13110589e+00  -4.45170891e-04 -1.36038511e-03 
-7.69117994e-03 +0.00000000e+00 -2.20130670e-03 -4.13189454e+04 +6.52003652e+03  -1.05351723e+01 +3.67672239e+00  -1.56404631e+04 +3.11804685e+03    +1.74570930e-03 +6.63850449e-03  -1.86919959e+00 -1.26972787e+01  -3.16117659e-03 -6.20912277e-03 
-6.00789797e-03 +0.00000000e+00 +5.28253367e-03 -5.17337576e+04 +1.45304069e+04  +3.84954197e+01 +6.42040202e+01  +1.54394228e+05 -2.91562088e+04    -4.46831580e-03 +2.06114797e-02  -1.04957281e+01 -5.86968762e+01  -2.61837029e-02 -3.96389701e-03 
+1.19901768e-03 +0.00000000e+00 +7.90963695e-03 -4.57755876e+06 +8.90933515e+05  -1.03862078e+04 -6.67126073e+01  -3.59907701e+06 +7.92021287e+05    -7.94788286e-02 -8.96586102e-01  +4.53579904e+01 +2.32644887e+02  +4.68929828e-02 +8.22699111e-01 
+7.30356201e-03 +0.00000000e+00 +3.26465649e-03 +7.34859289e+04 -1.53989434e+04  +8.32982987e+00 -1.74179410e+00  +4.94762764e+04 -7.81592518e+03    +6.92333647e-04 -4.50410376e-04  +5.71838605e+00 +3.41094665e+01  +5.23002038e-03 +2.20230750e-02 
+6.69324511e-03 +0.00000000e+00 -4.38183408e-03 +2.94571158e+04 -4.19379416e+03  -1.83977080e+01 -8.16456058e-01  -2.35081884e+04 +3.87276031e+03    +1.52271003e-03 +8.67347893e-03  +1.18541945e+00 +8.44480233e+00  +9.52838306e-04 +7.33090773e-03 
-7.08104743e-05 +0.00000000e+00 -7.99968661e-03 -2.59258328e+02 +2.92089194e+01  -9.81329100e+00 +8.58318344e-01  -3.08828896e+04 +4.04055308e+03    +1.96151687e-03 +7.26670525e-03  -1.16584885e-02 -7.96354623e-02  +1.58874284e-05 -8.00132740e-05 
-6.76976323e-03 +0.00000000e+00 -4.26266416e-03 -3.01249919e+04 +4.31178500e+03  -5.70184382e-01 +2.16251795e+00  -2.31158227e+04 +3.83894661e+03    +2.21267828e-03 +6.12058135e-03  -1.22674230e+00 -8.69483973e+00  -1.98245471e-03 -4.78811323e-03 
-7.24462690e-03 +0.00000000e+00 +3.39343206e-03 -7.36786045e+04 +1.55174661e+04  -5.03891461e+01 +2.20713607e+01  +5.39277974e+04 -8.64831194e+03    +6.05641747e-04 +6.41737905e-03  -5.92912402e+00 -3.52093554e+01  -1.05137398e-02 -9.69696179e-03 
-1.05881400e-03 +0.00000000e+00 +7.92962249e-03 +4.72201664e+06 -8.68571148e+05  -6.54184050e+04 +1.06108776e+04  -4.66629010e+06 +9.63987751e+05    -5.63957670e-01 -6.36787746e-01  -4.21036687e+01 -2.20426933e+02  -1.28861708e-01 -1.55262589e+00 
+6.10046760e-03 +0.00000000e+00 +5.17535458e-03 +5.71141411e+04 -1.52701346e+04  -5.56967805e+01 +1.48198808e+01  +1.45035129e+05 -2.70847054e+04    -8.41902081e-03 -1.41504243e-02  +1.00611295e+01 +5.65876370e+01  +1.34310446e-02 +1.47281323e-02 
+7.65100743e-03 +0.00000000e+00 -2.33711047e-03 +4.05506017e+04 -6.35627681e+03  -2.86004043e+01 -4.33177978e-01  -1.63458051e+04 +3.20259491e+03    +1.29869773e-03 +8.65821386e-03  +1.80985133e+00 +1.23618310e+01  +1.37492520e-03 +1.07205961e-02 
+2.16724631e-03 +0.00000000e+00 -7.70084693e-03 +7.44726465e+03 -8.85315805e+02  +9.80511618e-01 +1.76399129e+00  -3.04384507e+04 +4.05057445e+03    +1.81555322e-03 +7.43805374e-03  +2.56979861e-01 +1.96720238e+00  +4.39790153e-04 +1.25827149e-03 
-5.30907107e-03 +0.00000000e+00 -5.98446024e-03 -2.06104742e+04 +2.70421901e+03  -1.77101405e+01 +1.04375342e+00  -2.73561876e+04 +4.04463336e+03    +2.16499999e-03 +6.93075219e-03  -7.77728346e-01 -5.70394169e+00  -1.00760823e-03 -3.93958094e-03 
