# scuff-scatter run on pekka-pc (09/25/15::22:38:54)
# columns: 
# 1,2,3   x,y,z (evaluation point coordinates)
# 4,5     real, imag Ex
# 6,7     real, imag Ey
# 8,9     real, imag Ez
# 10,11   real, imag Hx
# 12,13   real, imag Hy
# 14,15   real, imag Hz
+0.00000000e+00 +0.00000000e+00 +8.00000000e-03 -7.77848857e+04 -3.66702063e+02  -3.89513199e+04 -5.22114172e+02  -8.40074805e+05 +4.63861343e+05    -1.79364308e-02 -1.97356700e+00  +9.15190352e-02 +2.06207352e+00  +9.88096481e-05 +3.80555687e-02 
+6.73176788e-03 +0.00000000e+00 +4.32241845e-03 -4.18403719e+03 -3.38648529e+03  -2.00705945e+02 -9.78308519e+00  -6.92667717e+03 -5.85353999e+03    +1.27520533e-04 -4.47132372e-03  +3.25129069e+00 -3.83487774e+00  +5.17635029e-05 +1.61310883e-02 
+7.27437941e-03 +0.00000000e+00 -3.32917469e-03 -3.07000524e+03 -2.63902063e+03  -1.20916450e+00 +1.78728770e+00  +1.44515003e+03 +1.23026847e+03    +5.75550808e-04 -1.91248205e-04  +8.87843812e-01 -1.01790575e+00  +3.24212834e-04 +1.82426810e-03 
+1.12896006e-03 +0.00000000e+00 -7.91993997e-03 -3.86435867e+02 -3.38442683e+02  -6.83109146e+00 -9.09829772e-01  +2.80314800e+03 +2.49043492e+03    +1.90485202e-04 +6.72809229e-04  +9.11232395e-02 -1.03647333e-01  +7.25669208e-05 -8.93990203e-04 
-6.05441996e-03 +0.00000000e+00 -5.22914897e-03 +2.32341703e+03 +2.01477340e+03  +1.37157367e+01 +3.50675561e+00  +2.10051068e+03 +1.81399124e+03    +5.63179211e-04 -4.63255814e-03  -6.14506704e-01 +6.97485383e-01  -1.78648726e-04 +1.15640752e-03 
-7.67139420e-03 +0.00000000e+00 +2.26929748e-03 +4.76984609e+03 +3.92466378e+03  +1.02965035e+02 +1.01394360e+01  -2.67156034e+03 -2.20258420e+03    +1.08687160e-03 -9.29713704e-03  -2.15491699e+00 +2.53025413e+00  -6.26569667e-04 +1.38581832e-02 
-2.23532399e-03 +0.00000000e+00 +7.68136229e-03 -2.74294261e+05 -1.40582064e+05  +3.15570070e+04 +9.50298918e+02  -2.50291740e+04 +1.24866334e+04    +1.56602883e-02 +2.54232982e-01  -1.39180314e+01 +2.04027516e+01  -1.43213465e-01 +4.19097245e+00 
+5.25589279e-03 +0.00000000e+00 +6.03121803e-03 +3.29988749e+03 +2.62569260e+03  -1.29374038e+02 +3.34516245e+00  -1.83621923e+04 -1.39190195e+04    -6.46655940e-03 +1.68175615e-01  +5.37516334e+00 -6.32187660e+00  -7.68428559e-03 +1.88630813e-01 
+7.91486597e-03 +0.00000000e+00 -1.16400027e-03 -3.86670334e+03 -3.25365763e+03  -6.80908919e+00 +3.67677862e+00  +4.33775781e+02 +3.49907472e+02    +8.20444110e-04 -2.99333506e-03  +1.24955706e+00 -1.43744999e+00  +6.25826436e-04 +3.19111721e-03 
+3.29694788e-03 +0.00000000e+00 -7.28904210e-03 -1.15632271e+03 -1.01265814e+03  -2.53499108e+01 -3.24413195e+00  +2.64850235e+03 +2.33833988e+03    +1.10301516e-04 +2.65491612e-03  +2.80923614e-01 -3.19058796e-01  +4.45555971e-05 -5.73059007e-05 
-4.35216889e-03 +0.00000000e+00 -6.71257223e-03 +1.53945728e+03 +1.36185957e+03  +1.92620098e+01 +3.61266038e+00  +2.51837024e+03 +2.20003713e+03    +4.60743842e-04 -2.90786469e-03  -3.89389094e-01 +4.39438699e-01  +5.66537030e-06 -9.98937418e-04 
-7.99992165e-03 +0.00000000e+00 +3.54055839e-05 +4.31060168e+03 +3.54854634e+03  +1.79101956e+01 +1.56214885e+00  -3.06447839e+02 -3.11846274e+02    +2.57101155e-04 +4.58625833e-04  -1.50148913e+00 +1.74879050e+00  -6.09384085e-04 +1.31132931e-02 
-4.29258334e-03 +0.00000000e+00 +6.75083167e-03 -1.79065653e+04 -1.54579026e+04  +1.56919461e+03 +3.79194998e+01  -2.57178593e+04 -2.12108502e+04    -2.56254638e-02 +8.53680188e-01  -7.40984737e+00 +9.11082783e+00  -2.51247140e-03 +6.12297714e-02 
+3.36133629e-03 +0.00000000e+00 +7.25957425e-03 +6.11769710e+04 +4.61441638e+04  -3.39540581e+02 +1.53815944e+01  -2.22066233e+04 -2.59059049e+04    -3.97923588e-03 +1.37425202e-01  +1.00831705e+01 -1.23934673e+01  +2.70748013e-03 +6.21650686e-02 
+7.92485885e-03 +0.00000000e+00 +1.09389775e-03 -4.52324679e+03 -3.77701750e+03  -3.34947989e+01 +8.76726585e-01  -1.24367179e+03 -1.05949032e+03    +2.79835017e-04 +2.54505050e-03  +1.76897428e+00 -2.06290197e+00  +3.39464915e-04 +8.96684051e-03 
+5.20230272e-03 +0.00000000e+00 -6.07750330e-03 -1.89993093e+03 -1.66749044e+03  -1.38764831e+01 +2.48539034e+00  +2.35181516e+03 +2.04384483e+03    +4.92053993e-04 +2.11822202e-03  +4.89058661e-01 -5.56968883e-01  +3.57501313e-04 -8.06001212e-04 
-2.30322653e-03 +0.00000000e+00 -7.66127584e-03 +7.87418011e+02 +6.99568164e+02  +6.14598759e+00 +1.19043533e+00  +2.74002929e+03 +2.42981326e+03    +2.73666875e-04 -7.19466662e-04  -1.91803581e-01 +2.15019130e-01  -5.20045183e-05 +2.70639251e-04 
-7.69117994e-03 +0.00000000e+00 -2.20130670e-03 +3.48448654e+03 +2.96960392e+03  -1.59477076e+01 -1.87479950e+00  +9.57180567e+02 +8.09348744e+02    +7.69131715e-05 +1.27771705e-03  -1.06725679e+00 +1.22544363e+00  -1.50572929e-04 +4.03115042e-03 
-6.00789797e-03 +0.00000000e+00 +5.28253367e-03 +2.15919872e+03 +1.51359088e+03  +3.55848748e+02 +1.54545340e+01  -1.16498389e+04 -9.34450339e+03    +1.29297527e-03 +2.11192732e-02  -4.19497646e+00 +5.03901179e+00  -5.06426851e-03 +1.19091954e-01 
+1.19901768e-03 +0.00000000e+00 +7.90963695e-03 -1.56843321e+04 +2.33207782e+05  -1.02372253e+04 +2.59276945e+01  +5.74576884e+05 +2.19412851e+05    -6.66387920e-03 -7.07219346e-01  +1.35980886e+01 -2.74633959e+00  +1.07850546e-02 +6.81401297e-01 
+7.30356201e-03 +0.00000000e+00 +3.26465649e-03 -4.96396941e+03 -3.88760347e+03  -6.29282193e+01 -6.45046797e+00  -4.47976363e+03 -3.57811922e+03    +4.59292112e-04 -6.58812556e-03  +2.59204869e+00 -3.11171047e+00  +3.16751904e-04 +7.06436471e-03 
+6.69324511e-03 +0.00000000e+00 -4.38183408e-03 -2.69149646e+03 -2.30822725e+03  +4.84562501e+00 +3.18589493e+00  +1.82571755e+03 +1.56545157e+03    +6.41622353e-04 -1.19035112e-04  +7.34377064e-01 -8.44246498e-01  +2.22995444e-04 +3.32924329e-03 
-7.08104743e-05 +0.00000000e+00 -7.99968661e-03 +2.97142758e+01 +2.41338580e+01  +8.92136143e+00 +2.02581982e+00  +2.84343607e+03 +2.50695738e+03    +3.15088865e-04 -6.38148902e-04  -6.56204031e-03 +6.47778264e-03  +9.90062015e-06 -2.60467346e-04 
-6.76976323e-03 +0.00000000e+00 -4.26266416e-03 +2.74177632e+03 +2.35119359e+03  -3.74512499e+00 -8.84171010e-01  +1.79081935e+03 +1.52741532e+03    +3.05290027e-04 -2.70727075e-03  -7.52606705e-01 +8.59088938e-01  -1.52708825e-04 +1.89500443e-03 
-7.24462690e-03 +0.00000000e+00 +3.39343206e-03 +4.87250715e+03 +3.86192096e+03  +1.05009388e+02 +9.53446378e+00  -4.61331463e+03 -3.82325738e+03    +1.24175288e-03 -4.45533219e-03  -2.66139974e+00 +3.16570602e+00  -1.67581667e-03 +3.53422038e-02 
-1.05881400e-03 +0.00000000e+00 +7.92962249e-03 +2.85418066e+05 -2.26295019e+05  -2.12668839e+04 +1.77076856e+03  +3.73481785e+05 +2.63007141e+05    -1.06788454e-01 +1.92773197e+00  -1.26039797e+01 -2.66575895e+00  -2.75753633e-02 -1.09178667e+00 
+6.10046760e-03 +0.00000000e+00 +5.17535458e-03 -2.53545483e+03 -1.90867436e+03  -1.44583200e+02 -1.25291604e+01  -1.09304137e+04 -8.86186224e+03    -1.56971277e-03 +2.31415954e-02  +4.06172347e+00 -4.84122402e+00  +1.33030177e-03 -3.28154121e-02 
+7.65100743e-03 +0.00000000e+00 -2.33711047e-03 -3.43670628e+03 -2.93085355e+03  -6.54884812e+00 +2.64818478e+00  +9.94152052e+02 +8.65918316e+02    +5.62686050e-04 +1.87268687e-03  +1.04323305e+00 -1.19782102e+00  +1.79259822e-04 +5.79357001e-03 
+2.16724631e-03 +0.00000000e+00 -7.70084693e-03 -7.47176167e+02 -6.57860895e+02  -1.93290104e+01 -3.08519277e+00  +2.73320207e+03 +2.43635650e+03    +1.17376844e-04 +1.46546442e-03  +1.78708106e-01 -2.02591312e-01  +5.40515170e-05 -4.23268352e-04 
-5.30907107e-03 +0.00000000e+00 -5.98446024e-03 +1.93620358e+03 +1.70795311e+03  +2.58034059e+01 +4.87683293e+00  +2.31601257e+03 +2.01834520e+03    +5.11258898e-04 -3.18759081e-03  -5.04201699e-01 +5.69581524e-01  -2.78695309e-05 -9.08312584e-04 
