# scuff-scatter run on pekka-pc (09/25/15::22:25:41)
# columns: 
# 1,2,3   x,y,z (evaluation point coordinates)
# 4,5     real, imag Ex
# 6,7     real, imag Ey
# 8,9     real, imag Ez
# 10,11   real, imag Hx
# 12,13   real, imag Hy
# 14,15   real, imag Hz
+0.00000000e+00 +0.00000000e+00 +8.00000000e-03 -nan -nan  -nan -nan  -nan -nan    -nan -nan  -nan -nan  -nan -nan 
+6.73176788e-03 +0.00000000e+00 +4.32241845e-03 -2.76155027e+05 +2.16630128e+02  -6.18599345e+02 -1.41350601e+00  -3.13387207e+05 -1.27659906e+03    -5.80101947e-05 -1.71237858e-03  +1.95330137e-01 -5.53808685e+01  -4.13053767e-05 +1.58758117e-02 
+7.27437941e-03 +0.00000000e+00 -3.32917469e-03 -1.85713949e+05 -9.15056502e+02  +1.75597755e+02 +1.53545704e+00  +7.39734276e+04 +1.37886252e+02    +5.16682485e-05 -6.85478016e-03  +8.12454269e-02 -1.57864319e+01  +3.89908753e-05 -4.43139244e-03 
+1.12896006e-03 +0.00000000e+00 -7.91993997e-03 -2.62492791e+04 -1.72595097e+02  -1.29573887e+02 -1.22100853e+00  +1.78863578e+05 +1.03055905e+03    -3.91665591e-05 +3.20421595e-03  +9.67138131e-03 -1.66779259e+00  +5.00056642e-07 -3.40960191e-04 
-6.05441996e-03 +0.00000000e+00 -5.22914897e-03 +1.47909161e+05 +8.41323128e+02  +3.71403263e+02 +3.22546946e+00  +1.19622865e+05 +4.96187139e+02    +1.75573347e-05 -4.66169309e-03  -5.96558007e-02 +1.10085002e+01  +1.28421880e-05 -6.25887510e-04 
-7.67139420e-03 +0.00000000e+00 +2.26929748e-03 +2.59822656e+05 +4.25189806e+02  +5.40689925e+02 +1.83665267e+00  -1.28233394e+05 -8.52536127e+02    +9.66155642e-05 -1.67082167e-02  -1.50994425e-01 +3.69692302e+01  +1.27478709e-04 -5.76318344e-03 
-2.23532399e-03 +0.00000000e+00 +7.68136229e-03 -2.04216522e+06 -1.95609219e+04  +4.95497000e+04 +2.06007330e+01  -5.79613997e+06 +4.60411613e+03    +2.70521053e-03 -3.20519895e-01  -4.99074152e-01 +3.74548424e+02  -3.53646813e-03 +2.11478745e+00 
+5.25589279e-03 +0.00000000e+00 +6.03121803e-03 -2.05318095e+05 +1.79274720e+03  -7.04344023e+02 -4.96847386e+00  -7.73204768e+05 -1.87066088e+03    -2.57191086e-04 +8.04053855e-02  +2.67424264e-01 -9.31466311e+01  -7.14163075e-04 +1.46026805e-01 
+7.91486597e-03 +0.00000000e+00 -1.16400027e-03 -2.19129426e+05 -8.58140297e+02  +3.30648875e+02 +2.70965324e+00  +1.43280763e+04 -2.48136778e+02    +6.63334555e-05 -9.11978250e-03  +1.05021191e-01 -2.19354922e+01  +7.81588568e-05 -7.36640468e-03 
+3.29694788e-03 +0.00000000e+00 -7.28904210e-03 -7.76607243e+04 -4.96391738e+02  -4.08606389e+02 -3.73536539e+00  +1.64694027e+05 +8.95815385e+02    -4.54256305e-05 +4.39224929e-03  +2.91698867e-02 -5.10509119e+00  -1.74250626e-05 +1.07701150e-03 
-4.35216889e-03 +0.00000000e+00 -6.71257223e-03 +1.03052081e+05 +6.38425882e+02  +3.32443133e+02 +2.71010230e+00  +1.52337845e+05 +7.81619237e+02    +1.48250580e-06 -2.32147571e-03  -3.94735823e-02 +7.02237913e+00  +2.12648838e-05 -2.34728468e-03 
-7.99992165e-03 +0.00000000e+00 +3.54055839e-05 +2.34420102e+05 +7.59624817e+02  +2.60294316e+01 -2.74083594e-01  -2.55391937e+04 -4.57640196e+02    -5.80111023e-06 -6.02752427e-04  -1.19130718e-01 +2.61195018e+01  +8.36583535e-05 -3.27874716e-03 
-4.29258334e-03 +0.00000000e+00 +6.75083167e-03 -2.43952754e+03 -3.89147312e+03  +3.10647022e+02 -1.49576857e+01  -1.34687576e+06 -2.19398676e+03    -2.82327001e-04 +3.30131427e-01  -3.28523796e-01 +1.33741055e+02  +2.90857329e-04 -2.63504388e-02 
+3.36133629e-03 +0.00000000e+00 +7.25957425e-03 +5.55623204e+05 +8.13982020e+03  -1.28029898e+03 -1.04211823e+01  -2.38489716e+06 -1.84827679e+03    +4.70768083e-04 +1.80634045e-03  +4.04010433e-01 -1.99750368e+02  -1.93563364e-04 +2.78824130e-02 
+7.92485885e-03 +0.00000000e+00 +1.09389775e-03 -2.47234485e+05 -6.31945869e+02  +1.09926896e+02 +1.30091136e+00  -6.78978086e+04 -6.42630135e+02    +9.65597101e-06 -1.05220000e-03  +1.33224997e-01 -3.06128457e+01  +2.93218879e-05 -4.43341241e-04 
+5.20230272e-03 +0.00000000e+00 -6.07750330e-03 -1.24541999e+05 -7.44656472e+02  +2.47362433e+02 +2.26922346e+00  +1.38669430e+05 +6.58889992e+02    +5.48413484e-05 -6.06930441e-03  +4.89328528e-02 -8.82431406e+00  +4.07391645e-05 -4.72627376e-03 
-2.30322653e-03 +0.00000000e+00 -7.66127584e-03 +5.39846603e+04 +3.51196534e+02  +8.89940137e+01 +6.89898560e-01  +1.73283823e+05 +9.77291738e+02    -2.54066348e-05 +1.31838697e-03  -1.99162930e-02 +3.46844144e+00  +7.74806625e-06 -5.69334111e-04 
-7.69117994e-03 +0.00000000e+00 -2.20130670e-03 +2.04090779e+05 +9.03697385e+02  -2.57217261e+02 -2.15056325e+00  +4.47135520e+04 -6.14567619e+01    -4.21780142e-05 +4.70169040e-03  -9.33066810e-02 +1.88163096e+01  +8.67995717e-05 -7.31451480e-03 
-6.00789797e-03 +0.00000000e+00 +5.28253367e-03 +2.61507987e+05 -8.39949006e+02  +7.78413284e+02 +1.13880917e+00  -4.99258037e+05 -1.56907711e+03    +2.95460345e-04 -2.79359660e-02  -2.28417005e-01 +7.16140830e+01  -4.42812316e-05 +4.78919974e-02 
+1.19901768e-03 +0.00000000e+00 +7.90963695e-03 -2.95023926e+06 +2.92188773e+04  -9.60441437e+03 -5.84545520e-01  -3.71573813e+07 +3.05841065e+04    +8.84768906e-04 -2.52987094e-01  +4.52264464e-01 -1.00636717e+03  +7.90058364e-05 +1.09619842e-01 
+7.30356201e-03 +0.00000000e+00 +3.26465649e-03 -2.69069511e+05 -1.70309297e+02  -3.00269763e+02 -5.53734495e-01  -1.99009937e+05 -1.04523860e+03    -9.01878325e-06 -3.79118924e-03  +1.69932710e-01 -4.42967869e+01  -4.62255973e-06 +4.22643789e-03 
+6.69324511e-03 +0.00000000e+00 -4.38183408e-03 -1.66325274e+05 -8.91738001e+02  +3.58016192e+02 +3.21265926e+00  +9.93016272e+04 +3.29588570e+02    +7.30619055e-05 -9.16712033e-03  +6.97000984e-02 -1.31344266e+01  +4.39269234e-05 -3.96150803e-03 
-7.08104743e-05 +0.00000000e+00 -7.99968661e-03 +1.92502886e+03 +1.33243236e+01  +1.90076544e+02 +1.62775719e+00  +1.80274332e+05 +1.04374495e+03    -1.56057892e-05 +5.01182229e-04  -6.10941038e-04 +1.08273319e-01  +2.74166630e-06 -2.79901020e-04 
-6.76976323e-03 +0.00000000e+00 -4.26266416e-03 +1.69121304e+05 +9.00354314e+02  -6.48147383e+01 -3.58710436e-01  +9.66072918e+04 +3.09326855e+02    -2.25968638e-05 +5.51910703e-04  -7.08791240e-02 +1.34206184e+01  +3.75211448e-05 -2.88614706e-03 
-7.24462690e-03 +0.00000000e+00 +3.39343206e-03 +2.71510956e+05 +1.43606681e+02  +4.15376064e+02 +7.71170806e-01  -2.10307399e+05 -1.06900397e+03    +1.48113335e-04 -1.94715415e-02  -1.72326469e-01 +4.53857454e+01  +1.02861395e-04 +6.19444961e-03 
-1.05881400e-03 +0.00000000e+00 +7.92962249e-03 +6.39412516e+06 -2.81485572e+04  +8.19246466e+03 +1.04251720e+01  -5.67427405e+07 +3.57186084e+04    -4.44439448e-05 +9.32160702e-01  -4.18599916e-01 +1.25166715e+03  -3.53845141e-04 -1.14081553e-01 
+6.10046760e-03 +0.00000000e+00 +5.17535458e-03 -2.67099433e+05 +7.42101825e+02  -8.79450624e+02 -3.63550549e+00  -4.72624323e+05 -1.53213674e+03    -2.17434133e-04 +1.35397440e-02  +2.24188725e-01 -6.93391433e+01  -1.24537578e-04 -6.33539628e-04 
+7.65100743e-03 +0.00000000e+00 -2.33711047e-03 -2.01937068e+05 -9.06204925e+02  +1.96441403e+02 +1.51320125e+00  +4.83215075e+04 -3.85309930e+01    +5.29105012e-05 -5.38174167e-03  +9.19786659e-02 -1.84426387e+01  +2.25850944e-05 -1.80806182e-03 
+2.16724631e-03 +0.00000000e+00 -7.70084693e-03 -5.09467892e+04 -3.32820426e+02  -3.66987484e+02 -3.31837381e+00  +1.73793370e+05 +9.82236025e+02    -5.38648818e-05 +4.89132038e-03  +1.88049994e-02 -3.25851560e+00  -9.10182827e-06 +5.83077059e-04 
-5.30907107e-03 +0.00000000e+00 -5.98446024e-03 +1.27254285e+05 +7.56719796e+02  +4.64612691e+02 +3.81122578e+00  +1.36642617e+05 +6.41645549e+02    +1.36904775e-05 -3.67180923e-03  -5.00500127e-02 +9.06320040e+00  +2.15827809e-05 -2.20882216e-03 
