# scuff-scatter run on pekka-pc (09/25/15::22:29:42)
# columns: 
# 1,2,3   x,y,z (evaluation point coordinates)
# 4,5     real, imag Ex
# 6,7     real, imag Ey
# 8,9     real, imag Ez
# 10,11   real, imag Hx
# 12,13   real, imag Hy
# 14,15   real, imag Hz
+0.00000000e+00 +0.00000000e+00 +8.00000000e-03 -1.05780906e+05 -5.45776633e+02  -7.63430460e+04 -7.13760271e+02  +1.65148222e+07 +2.25196012e+05    +1.56407849e-02 -1.36790220e+00  +4.03694244e-03 -3.62929838e-02  -4.16447057e-05 +2.66892647e-02 
+6.73176788e-03 +0.00000000e+00 +4.32241845e-03 -3.82175626e+04 +1.91628445e+03  -6.65069894e+02 -2.40440795e+00  -3.17576717e+05 -5.25540565e+03    -3.55812743e-04 -9.09043434e-04  +1.60446886e+00 -8.46542459e+01  -3.80163107e-04 +3.54449890e-02 
+7.27437941e-03 +0.00000000e+00 -3.32917469e-03 -1.85933401e+05 -4.35967777e+03  +2.54241501e+02 +8.05923573e+00  +4.20675006e+04 +3.86181209e+02    +5.24146301e-04 -1.78384468e-02  +7.41613479e-01 -2.97469220e+01  +4.18507348e-04 -1.24354918e-02 
+1.12896006e-03 +0.00000000e+00 -7.91993997e-03 -3.08162632e+04 -9.01091278e+02  -1.93128048e+02 -6.73888021e+00  +1.90465665e+05 +5.19597833e+03    -3.71604812e-04 +9.57819714e-03  +9.15587309e-02 -3.34019043e+00  -6.92085392e-06 -5.37255241e-04 
-6.05441996e-03 +0.00000000e+00 -5.22914897e-03 +1.60378911e+05 +4.19340845e+03  +5.37548130e+02 +1.72596524e+01  +1.04288182e+05 +2.25290104e+03    +1.87543822e-04 -1.04951044e-02  -5.53404258e-01 +2.13135377e+01  +7.85477640e-05 -2.10243378e-03 
-7.67139420e-03 +0.00000000e+00 +2.26929748e-03 +1.46344205e+05 +1.23742711e+03  +6.15904319e+02 +5.78255365e+00  -1.77009087e+05 -3.95730747e+03    +8.13959484e-04 -3.98081636e-02  -1.28891592e+00 +6.14977816e+01  +1.18877118e-03 -2.21804486e-02 
-2.23532399e-03 +0.00000000e+00 +7.68136229e-03 -5.79371034e+06 -7.50407620e+04  +5.00147414e+04 +3.39655172e+00  +9.21274156e+05 +2.03710661e+04    +2.12905948e-02 -8.26876336e-01  -3.62127262e+00 +2.70871638e+02  -2.45571592e-02 +4.26301602e+00 
+5.25589279e-03 +0.00000000e+00 +6.03121803e-03 +3.26525439e+05 +8.54871764e+03  -9.33664026e+02 -2.10361682e+01  -5.69340928e+05 -6.73582573e+03    -1.10213555e-03 +1.60445041e-01  +2.09700162e+00 -1.25221339e+02  -4.51834715e-03 +3.20507219e-01 
+7.91486597e-03 +0.00000000e+00 -1.16400027e-03 -1.93243371e+05 -3.79258281e+03  +4.65266553e+02 +1.32667814e+01  -3.21559252e+04 -1.48049226e+03    +6.11757022e-04 -2.27461875e-02  +9.38027286e-01 -3.97852676e+01  +7.42525567e-04 -2.07018854e-02 
+3.29694788e-03 +0.00000000e+00 -7.28904210e-03 -8.97848328e+04 -2.56768941e+03  -6.03585978e+02 -2.07079199e+01  +1.69347124e+05 +4.43923642e+03    -4.55870160e-04 +1.24967331e-02  +2.74928157e-01 -1.01532452e+01  -1.57789472e-04 +3.38117664e-03 
-4.35216889e-03 +0.00000000e+00 -6.71257223e-03 +1.17098338e+05 +3.27054930e+03  +4.70759136e+02 +1.43667261e+01  +1.51168526e+05 +3.80433484e+03    +3.12149880e-05 -4.58237903e-03  -3.70401313e-01 +1.38550012e+01  +1.87896887e-04 -6.27999080e-03 
-7.99992165e-03 +0.00000000e+00 +3.54055839e-05 +1.86397657e+05 +3.14332763e+03  +1.02451968e+01 -1.76670417e+00  -7.71113002e+04 -2.41302833e+03    -7.94361585e-05 -5.57586247e-04  -1.04926344e+00 +4.61727348e+01  +7.77793480e-04 -1.39930717e-02 
-4.29258334e-03 +0.00000000e+00 +6.75083167e-03 -9.00208231e+05 -1.67178286e+04  -4.06334998e+02 -6.89315264e+01  -7.54446052e+05 -7.25234948e+03    -3.28860928e-04 +6.23160395e-01  -2.50633422e+00 +1.61622451e+02  +3.40089108e-03 -8.68262131e-02 
+3.36133629e-03 +0.00000000e+00 +7.25957425e-03 +2.15085772e+06 +3.27884725e+04  -1.78518618e+03 -4.88012418e+01  -7.73057103e+05 -5.05918960e+03    +3.35813475e-03 -3.08098787e-02  +3.00715454e+00 -2.07644467e+02  -1.78674007e-03 +7.03691109e-02 
+7.92485885e-03 +0.00000000e+00 +1.09389775e-03 -1.73311610e+05 -2.37452378e+03  +1.76707486e+02 +6.78489185e+00  -1.20892373e+05 -3.17337465e+03    +6.53854642e-05 -2.53057601e-03  +1.15734314e+00 -5.27377827e+01  +4.00025888e-04 -4.33847962e-03 
+5.20230272e-03 +0.00000000e+00 -6.07750330e-03 -1.38788020e+05 -3.77128986e+03  +3.61812751e+02 +1.16771708e+01  +1.31328888e+05 +3.12990997e+03    +5.44915883e-04 -1.65430604e-02  +4.57002225e-01 -1.72839616e+01  +3.59550650e-04 -1.22872874e-02 
-2.30322653e-03 +0.00000000e+00 -7.66127584e-03 +6.30258761e+04 +1.82682722e+03  +1.24221503e+02 +3.70496020e+00  +1.82132606e+05 +4.89577029e+03    -2.23163353e-04 +4.67161966e-03  -1.88147497e-01 +6.91953156e+00  +6.88653720e-05 -1.77364541e-03 
-7.69117994e-03 +0.00000000e+00 -2.20130670e-03 +1.92587130e+05 +4.16005801e+03  -3.66198869e+02 -1.09485447e+01  +4.71903657e+03 -5.98218872e+02    -4.41187060e-04 +1.32138745e-02  -8.42428175e-01 +3.47775099e+01  +7.89725651e-04 -2.16506642e-02 
-6.00789797e-03 +0.00000000e+00 +5.28253367e-03 -9.59465528e+04 -4.62524253e+03  +8.20208229e+02 +2.71624141e+00  -4.32816352e+05 -6.03130768e+03    +1.96439658e-03 -7.26460757e-02  -1.83182380e+00 +1.03068176e+02  +2.48092478e-04 +8.72204315e-02 
+1.19901768e-03 +0.00000000e+00 +7.90963695e-03 +8.60128903e+06 +1.09689946e+05  -9.67683380e+03 -1.03598720e+01  +9.17921327e+06 +1.17821610e+05    +7.51802595e-03 -5.51553654e-01  +3.22608945e+00 -2.45807615e+02  +6.71518203e-04 +1.95019406e-01 
+7.30356201e-03 +0.00000000e+00 +3.26465649e-03 -1.07618896e+05 +6.84634269e+01  -3.11974413e+02 +3.41249331e-01  -2.35509174e+05 -4.59843660e+03    -1.65321801e-04 -5.87119980e-03  +1.42608838e+00 -7.11306831e+01  +7.91858686e-05 +7.96898270e-03 
+6.69324511e-03 +0.00000000e+00 -4.38183408e-03 -1.74519036e+05 -4.36360653e+03  +5.23523846e+02 +1.71081525e+01  +7.60141145e+04 +1.37163169e+03    +7.57630085e-04 -2.44280292e-02  +6.42156698e-01 -2.51506820e+01  +4.72397713e-04 -1.20034760e-02 
-7.08104743e-05 +0.00000000e+00 -7.99968661e-03 +2.34240129e+03 +7.01717828e+01  +2.73879108e+02 +8.85986380e+00  +1.92558249e+05 +5.27072558e+03    -1.41955240e-04 +2.41153467e-03  -5.78511292e-03 +2.17035193e-01  +1.64176355e-05 -6.76552733e-04 
-6.76976323e-03 +0.00000000e+00 -4.26266416e-03 +1.76764656e+05 +4.39550697e+03  -7.99392172e+01 -1.20826757e+00  +7.23955223e+04 +1.26734573e+03    -2.12623408e-04 +3.13976856e-03  -6.52309433e-01 +2.56401272e+01  +2.83201883e-04 -8.37933565e-03 
-7.24462690e-03 +0.00000000e+00 +3.39343206e-03 +1.03100557e+05 -2.03999452e+02  +4.38307612e+02 +7.59126893e-01  -2.44096656e+05 -4.66160764e+03    +1.20598013e-03 -4.84670079e-02  -1.44244302e+00 +7.24552740e+01  +9.28383287e-04 +2.84268123e-03 
-1.05881400e-03 +0.00000000e+00 +7.92962249e-03 -8.04098314e+06 -1.05532075e+05  +7.82176338e+03 -1.02021080e+02  +1.05335958e+07 +1.36839241e+05    +3.46851481e-03 +1.73360765e+00  -2.98509277e+00 +2.25137773e+02  -1.89120003e-03 -1.87426988e-01 
+6.10046760e-03 +0.00000000e+00 +5.17535458e-03 +7.28042617e+04 +4.22410987e+03  -1.02908060e+03 -1.19891849e+01  -4.17739293e+05 -5.92775913e+03    -7.94637334e-04 +2.97318776e-02  +1.80328033e+00 -1.00596651e+02  -6.70040796e-04 +5.87928080e-03 
+7.65100743e-03 +0.00000000e+00 -2.33711047e-03 -1.91991603e+05 -4.18919673e+03  +2.70447159e+02 +7.22304711e+00  +9.18644865e+03 -4.87925635e+02    +4.97362313e-04 -1.45226002e-02  +8.31662616e-01 -3.41825137e+01  +2.84585480e-04 -6.35255216e-03 
+2.16724631e-03 +0.00000000e+00 -7.70084693e-03 -5.96112241e+04 -1.73308784e+03  -5.38997552e+02 -1.81895268e+01  +1.82896524e+05 +4.92402162e+03    -5.25688366e-04 +1.41363395e-02  +1.77771013e-01 -6.51288924e+00  -8.86789330e-05 +1.93812535e-03 
-5.30907107e-03 +0.00000000e+00 -5.98446024e-03 +1.41376640e+05 +3.82620178e+03  +6.59203911e+02 +2.01259033e+01  +1.28447609e+05 +3.03645902e+03    +1.54532567e-04 -8.27676153e-03  -4.67051338e-01 +1.77180293e+01  +1.75172452e-04 -5.91207253e-03 
