# scuff-scatter run on pekka-pc (09/25/15::22:25:52)
# columns: 
# 1,2,3   x,y,z (evaluation point coordinates)
# 4,5     real, imag Ex
# 6,7     real, imag Ey
# 8,9     real, imag Ez
# 10,11   real, imag Hx
# 12,13   real, imag Hy
# 14,15   real, imag Hz
+0.00000000e+00 +0.00000000e+00 +8.00000000e-03 -9.99715529e+04 -1.38525352e+02  -6.87313324e+04 -1.82301292e+02  +1.39971887e+07 +6.32657707e+04    +2.06704440e-03 -6.72684796e-01  +1.05072310e-03 +1.45002063e-02  -6.65343885e-06 +1.42962085e-02 
+6.73176788e-03 +0.00000000e+00 +4.32241845e-03 -5.32810654e+04 +2.38167009e+02  -6.20020437e+02 -1.48449589e+00  -2.60244789e+05 -1.37166454e+03    -6.08862343e-05 -1.76329117e-03  +2.16438849e-01 -3.77247362e+01  -4.79367203e-05 +1.66160556e-02 
+7.27437941e-03 +0.00000000e+00 -3.32917469e-03 -1.42176464e+05 -9.79089280e+02  +1.77237732e+02 +1.64636862e+00  +3.72620282e+04 +1.33434661e+02    +5.80030684e-05 -7.19870219e-03  +8.98831046e-02 -1.24924975e+01  +4.35429318e-05 -4.66205298e-03 
+1.12896006e-03 +0.00000000e+00 -7.91993997e-03 -2.22858465e+04 -1.85311922e+02  -1.30882192e+02 -1.31222925e+00  +1.40923444e+05 +1.09299389e+03    -4.36341025e-05 +3.37905042e-03  +1.06873432e-02 -1.37091846e+00  +4.45669687e-07 -3.54211725e-04 
-6.05441996e-03 +0.00000000e+00 -5.22914897e-03 +1.19445026e+05 +9.01667531e+02  +3.74861533e+02 +3.46199661e+00  +8.17020523e+04 +5.18031202e+02    +1.97147426e-05 -4.87704644e-03  -6.59656862e-02 +8.86590165e+00  +1.40276269e-05 -6.63863245e-04 
-7.67139420e-03 +0.00000000e+00 +2.26929748e-03 +1.29819007e+05 +4.49034573e+02  +5.42608819e+02 +1.94488029e+00  -1.36119144e+05 -9.23284165e+02    +1.07167911e-04 -1.75087952e-02  -1.67260817e-01 +2.68480796e+01  +1.42239744e-04 -6.13477671e-03 
-2.23532399e-03 +0.00000000e+00 +7.68136229e-03 -4.96009267e+06 -2.07974738e+04  +4.95707529e+04 +2.13925931e+01  +7.08065827e+05 +4.90217861e+03    +2.99778117e-03 -3.36702986e-01  -5.52634553e-01 +1.28214431e+02  -3.91857417e-03 +2.20698805e+00 
+5.25589279e-03 +0.00000000e+00 +6.03121803e-03 +2.40269090e+05 +1.91785645e+03  -7.09490137e+02 -5.29598253e+00  -4.91492893e+05 -1.99758848e+03    -2.72212469e-04 +8.38857100e-02  +2.96325053e-01 -5.71184071e+01  -7.77799122e-04 +1.52712068e-01 
+7.91486597e-03 +0.00000000e+00 -1.16400027e-03 -1.53472921e+05 -9.15891154e+02  +3.33525109e+02 +2.89903012e+00  -1.83394152e+04 -2.79763611e+02    +7.42643762e-05 -9.56764295e-03  +1.16248454e-01 -1.69247941e+01  +8.68455036e-05 -7.75145523e-03 
+3.29694788e-03 +0.00000000e+00 -7.28904210e-03 -6.53207893e+04 -5.32760821e+02  -4.12616839e+02 -4.01479151e+00  +1.26638786e+05 +9.47895288e+02    -5.08057069e-05 +4.62437165e-03  +3.22397629e-02 -4.18028442e+00  -1.93757728e-05 +1.13745923e-03 
-4.35216889e-03 +0.00000000e+00 -6.71257223e-03 +8.57366485e+04 +6.84941853e+02  +3.35354715e+02 +2.90932605e+00  +1.14236263e+05 +8.24972683e+02    +1.79009570e-06 -2.42139449e-03  -4.36325802e-02 +5.72311175e+00  +2.36444991e-05 -2.46772210e-03 
-7.99992165e-03 +0.00000000e+00 +3.54055839e-05 +1.52188346e+05 +8.09120959e+02  +2.57440709e+01 -2.95636463e-01  -5.35340477e+04 -5.03381632e+02    -6.77629888e-06 -6.22043560e-04  -1.31903160e-01 +1.98064669e+01  +9.30473838e-05 -3.50635039e-03 
-4.29258334e-03 +0.00000000e+00 +6.75083167e-03 -7.23461450e+05 -4.14998088e+03  +2.95095175e+02 -1.59812041e+01  -6.67483445e+05 -2.33632450e+03    -2.98044767e-04 +3.44009540e-01  -3.63973262e-01 +7.47189471e+01  +3.36101388e-04 -2.79023533e-02 
+3.36133629e-03 +0.00000000e+00 +7.25957425e-03 +1.79426671e+06 +8.66523977e+03  -1.29116570e+03 -1.11375855e+01  -7.06550545e+05 -1.96279312e+03    +5.13994633e-04 +1.46733421e-03  +4.47496334e-01 -9.70724515e+01  -2.17192548e-04 +2.92591336e-02 
+7.92485885e-03 +0.00000000e+00 +1.09389775e-03 -1.46030876e+05 -6.71332093e+02  +1.11303761e+02 +1.39359722e+00  -8.90059081e+04 -7.00359866e+02    +1.07111091e-05 -1.10387950e-03  +1.47543707e-01 -2.27962067e+01  +3.32519549e-05 -4.97412267e-04 
+5.20230272e-03 +0.00000000e+00 -6.07750330e-03 -1.02352770e+05 -7.98558682e+02  +2.49780742e+02 +2.43304011e+00  +1.00586451e+05 +6.92934736e+02    +6.12702514e-05 -6.38183214e-03  +5.40975112e-02 -7.15773041e+00  +4.50325898e-05 -4.96289077e-03 
-2.30322653e-03 +0.00000000e+00 -7.66127584e-03 +4.56873365e+04 +3.77013973e+02  +8.97378740e+01 +7.41192405e-01  +1.35292451e+05 +1.03561943e+03    -2.81807353e-05 +1.39886564e-03  -2.20096302e-02 +2.84666340e+00  +8.59429260e-06 -6.01359520e-04 
-7.69117994e-03 +0.00000000e+00 -2.20130670e-03 +1.49974663e+05 +9.65793812e+02  -2.59508660e+02 -2.30364636e+00  +9.61051747e+03 -8.01093246e+01    -4.75672226e-05 +4.94906900e-03  -1.03254303e-01 +1.47041224e+01  +9.65367765e-05 -7.71264795e-03 
-6.00789797e-03 +0.00000000e+00 +5.28253367e-03 -5.21716415e+04 -9.03053844e+02  +7.79566752e+02 +1.19816157e+00  -3.65028458e+05 -1.68012417e+03    +3.20961609e-04 -2.93521434e-02  -2.53110310e-01 +4.65044521e+01  -4.26208139e-05 +4.98708311e-02 
+1.19901768e-03 +0.00000000e+00 +7.90963695e-03 +7.37116432e+06 +3.10493169e+04  -9.60509009e+03 -6.70816961e-01  +7.87235384e+06 +3.25091110e+04    +9.83096322e-04 -2.64457289e-01  +5.00669342e-01 -1.16570397e+02  +9.26811656e-05 +1.14027732e-01 
+7.30356201e-03 +0.00000000e+00 +3.26465649e-03 -1.03911257e+05 -1.75740795e+02  -3.00822760e+02 -5.74338955e-01  -1.86822246e+05 -1.12738150e+03    -9.93323475e-06 -3.94022923e-03  +1.88272672e-01 -3.13418842e+01  -5.19785491e-06 +4.41117054e-03 
+6.69324511e-03 +0.00000000e+00 -4.38183408e-03 -1.31428944e+05 -9.55047697e+02  +3.61452464e+02 +3.44687311e+00  +6.17402425e+04 +3.39101604e+02    +8.20374460e-05 -9.63311428e-03  +7.70903069e-02 -1.05030877e+01  +4.90556899e-05 -4.17722920e-03 
-7.08104743e-05 +0.00000000e+00 -7.99968661e-03 +1.68106230e+03 +1.43084897e+01  +1.91826469e+02 +1.74920998e+00  +1.42348136e+05 +1.10720576e+03    -1.73689691e-05 +5.39115746e-04  -6.75393668e-04 +8.99887471e-02  +2.93057733e-06 -2.93387392e-04 
-6.76976323e-03 +0.00000000e+00 -4.26266416e-03 +1.33294613e+05 +9.64187310e+02  -6.51939814e+01 -3.81166102e-01  +5.91196612e+04 +3.17356012e+02    -2.52450302e-05 +5.99255422e-04  -7.83958653e-02 +1.07173009e+01  +4.12823319e-05 -3.04233456e-03 
-7.24462690e-03 +0.00000000e+00 +3.39343206e-03 +1.00735236e+05 +1.47109818e+02  +4.16165452e+02 +8.06193767e-01  -1.94537733e+05 -1.15244897e+03    +1.63962653e-04 -2.04287170e-02  -1.90926656e-01 +3.19725775e+01  +1.13510149e-04 +6.35482040e-03 
-1.05881400e-03 +0.00000000e+00 +7.92962249e-03 -6.85680899e+06 -2.99109616e+04  +8.20231955e+03 +1.01125214e+01  +9.01212981e+06 +3.79634893e+04    -3.89837870e-05 +9.71118521e-01  -4.63404156e-01 +1.06581224e+02  -3.89170264e-04 -1.18431710e-01 
+6.10046760e-03 +0.00000000e+00 +5.17535458e-03 +3.33959600e+04 +7.98844046e+02  -8.83180962e+02 -3.85347791e+00  -3.51292522e+05 -1.64113695e+03    -2.26239080e-04 +1.41521901e-02  +2.48426539e-01 -4.53150864e+01  -1.33980300e-04 -5.69102731e-04 
+7.65100743e-03 +0.00000000e+00 -2.33711047e-03 -1.49187363e+05 -9.68614403e+02  +1.98050440e+02 +1.61839849e+00  +1.29750410e+04 -5.55710152e+01    +5.91352149e-05 -5.65792560e-03  +1.01782377e-01 -1.44370121e+01  +2.53677164e-05 -1.91527761e-03 
+2.16724631e-03 +0.00000000e+00 -7.70084693e-03 -4.31726653e+04 -3.57298627e+02  -3.70547863e+02 -3.56582564e+00  +1.35805873e+05 +1.04095226e+03    -6.01183459e-05 +5.15242157e-03  +2.07821468e-02 -2.67609130e+00  -1.01719510e-05 +6.17021427e-04 
-5.30907107e-03 +0.00000000e+00 -5.98446024e-03 +1.04371794e+05 +8.11444203e+02  +4.68704400e+02 +4.09023213e+00  +9.85698476e+04 +6.74390429e+02    +1.54451106e-05 -3.84144440e-03  -5.53329485e-02 +7.34370817e+00  +2.38586896e-05 -2.32256825e-03 
