# scuff-scatter run on pekka-pc (09/25/15::22:36:49)
# columns: 
# 1,2,3   x,y,z (evaluation point coordinates)
# 4,5     real, imag Ex
# 6,7     real, imag Ey
# 8,9     real, imag Ez
# 10,11   real, imag Hx
# 12,13   real, imag Hy
# 14,15   real, imag Hz
+0.00000000e+00 +0.00000000e+00 +8.00000000e-03 -7.50893001e+04 +1.21162847e+03  -3.36264455e+04 +9.99261330e+02  -1.41374738e+07 +2.66229413e+06    -3.98160014e-01 -2.92737785e+00  +6.85627831e-01 +4.66345420e+00  -1.45472383e-03 +2.25769368e-02 
+6.73176788e-03 +0.00000000e+00 +4.32241845e-03 +1.14458514e+05 -2.62702733e+04  -1.18600958e+02 +2.79992162e+01  +1.25083650e+05 -1.98475861e+04    -3.74153210e-03 -1.15786264e-02  +9.64620339e+00 +6.01977962e+01  +1.46031987e-02 +4.90685200e-02 
+7.27437941e-03 +0.00000000e+00 -3.32917469e-03 +4.65884177e+04 -5.97338735e+03  -1.57771776e+01 -1.76252227e+00  -2.91622561e+04 +4.94313510e+03    +2.45343989e-03 +1.18669400e-02  +1.64736785e+00 +1.34118824e+01  +2.58493690e-03 +1.18504172e-02 
+1.12896006e-03 +0.00000000e+00 -7.91993997e-03 +4.75196860e+03 -4.11951746e+02  -7.02186838e+00 +3.26219583e+00  -4.00726554e+04 +4.34924420e+03    +3.38878242e-03 +1.21527097e-02  +1.33488608e-01 +1.26289869e+00  +4.78346597e-04 +1.22183182e-03 
-6.05441996e-03 +0.00000000e+00 -5.22914897e-03 -3.21836398e+04 +3.56178552e+03  -1.11979771e+01 -3.77536477e+00  -3.51389968e+04 +4.91269886e+03    +3.82025726e-03 +1.21160739e-02  -1.05408032e+00 -9.00774046e+00  -2.70027530e-03 -8.02904973e-03 
-7.67139420e-03 +0.00000000e+00 +2.26929748e-03 -1.00348835e+05 +1.89925168e+04  -7.27589325e+01 +8.87273037e+00  +3.33844520e+04 -2.99938212e+03    +1.97584488e-03 +9.03561629e-03  -5.49604246e+00 -3.72045453e+01  -1.29065915e-02 -3.13495091e-02 
-2.23532399e-03 +0.00000000e+00 +7.68136229e-03 +3.61368071e+06 -7.48293868e+05  -3.34945373e+03 +8.55830912e+03  -1.52480720e+05 -1.94389201e+04    -1.72843298e-01 +1.44111837e-03  -6.43754655e+01 -3.17226028e+02  -8.29898839e-01 -2.24928792e-01 
+5.25589279e-03 +0.00000000e+00 +6.03121803e-03 +1.00254730e+04 -1.52813593e+04  -6.63760203e+02 +1.85874856e+02  +3.56557708e+05 -6.91597017e+04    -4.76259509e-02 -5.39947111e-02  +1.89179152e+01 +1.08069123e+02  -1.10962634e-03 +6.57644213e-02 
+7.91486597e-03 +0.00000000e+00 -1.16400027e-03 +6.48142415e+04 -9.64378060e+03  -1.95882908e+01 -1.00274976e+01  -1.69785802e+04 +4.11351818e+03    +2.43595573e-03 +1.10085294e-02  +2.58560604e+00 +1.97293615e+01  +3.40816405e-03 +1.69026778e-02 
+3.29694788e-03 +0.00000000e+00 -7.28904210e-03 +1.46280347e+04 -1.34808903e+03  -8.67758390e+00 +5.16116970e+00  -3.91904697e+04 +4.53404765e+03    +3.01141673e-03 +1.21957207e-02  +4.31678166e-01 +3.95634354e+00  +1.09523692e-03 +3.73399760e-03 
-4.35216889e-03 +0.00000000e+00 -6.71257223e-03 -2.02931966e+04 +1.98519460e+03  -1.37637312e+01 -2.29671610e+00  -3.82403358e+04 +4.66662609e+03    +3.67022122e-03 +1.22644289e-02  -6.27048843e-01 -5.57668334e+00  -1.47122084e-03 -5.06166562e-03 
-7.99992165e-03 +0.00000000e+00 +3.54055839e-05 -7.63206685e+04 +1.23523475e+04  -3.17822489e+01 +9.74928288e+00  -5.63839511e+03 +2.83580191e+03    +2.52267159e-03 +1.04526617e-02  -3.33908185e+00 -2.44146093e+01  -9.43010730e-03 -2.04923182e-02 
-4.29258334e-03 +0.00000000e+00 +6.75083167e-03 +2.97606205e+05 -3.95885256e+04  -1.14689520e+03 +8.80974581e+02  +5.93320042e+05 -1.23790921e+05    -2.03604068e-01 -7.39870352e-02  -2.88106358e+01 -1.56116769e+02  -6.67498608e-02 -1.41242780e-01 
+3.36133629e-03 +0.00000000e+00 +7.25957425e-03 -1.09003435e+06 +1.96719055e+05  -1.59071706e+03 +3.80869646e+02  +8.01022017e+05 -1.77791190e+05    -7.50463727e-02 -1.13353603e-01  +4.25906422e+01 +2.21514260e+02  +4.67756305e-02 +2.08635211e-01 
+7.92485885e-03 +0.00000000e+00 +1.09389775e-03 +8.75184655e+04 -1.51779557e+04  -3.02296636e+01 -4.58244768e+00  +8.54251514e+03 +9.53104263e+02    +1.37156883e-03 +8.63034525e-03  +4.15932158e+00 +2.94776555e+01  +5.38249021e-03 +2.42310560e-02 
+5.20230272e-03 +0.00000000e+00 -6.07750330e-03 +2.55863181e+04 -2.63851467e+03  -1.61092739e+01 -8.66719858e+00  -3.70939311e+04 +4.79420831e+03    +2.19157226e-03 +1.24416181e-02  +7.97621844e-01 +7.03631670e+00  +1.43059749e-03 +6.38671531e-03 
-2.30322653e-03 +0.00000000e+00 -7.66127584e-03 -9.94923628e+03 +8.85256835e+02  -9.09369103e+00 +1.03433418e+00  -3.97122717e+04 +4.41969573e+03    +3.55565805e-03 +1.21733842e-02  -2.98344464e-01 -2.71353341e+00  -8.03848758e-04 -2.49637450e-03 
-7.69117994e-03 +0.00000000e+00 -2.20130670e-03 -5.57498130e+04 +7.73732281e+03  -2.16145847e+01 +9.01057229e+00  -2.36511748e+04 +4.62932274e+03    +3.29023573e-03 +1.11643892e-02  -2.11030815e+00 -1.65335004e+01  -5.95071263e-03 -1.44777194e-02 
-6.00789797e-03 +0.00000000e+00 +5.28253367e-03 -8.96081783e+04 +2.58014461e+04  -1.17775142e+02 +9.85333037e+01  +2.21894903e+05 -3.97438763e+04    -1.20973947e-02 +6.41592464e-03  -1.36557574e+01 -8.10954073e+01  -4.47321642e-02 -7.01741947e-02 
+1.19901768e-03 +0.00000000e+00 +7.90963695e-03 -6.74900055e+06 +1.35658007e+06  -1.01077586e+04 -3.03321638e+02  -5.51123741e+06 +1.17692808e+06    -1.51580264e-01 -1.08627660e+00  +6.67706304e+01 +3.34701167e+02  +7.57981426e-02 +9.18349062e-01 
+7.30356201e-03 +0.00000000e+00 +3.26465649e-03 +1.10561423e+05 -2.27912734e+04  +2.09444463e+00 +1.50419452e+01  +6.58336227e+04 -8.66412879e+03    +3.28567730e-04 +6.92091342e-04  +7.06172428e+00 +4.60715684e+01  +1.07401612e-02 +3.58935317e-02 
+6.69324511e-03 +0.00000000e+00 -4.38183408e-03 +3.85157675e+04 -4.56773681e+03  -1.26865636e+01 -5.11475830e+00  -3.28630224e+04 +5.00068547e+03    +2.34452191e-03 +1.21914407e-02  +1.29523880e+00 +1.08738444e+01  +1.74450778e-03 +9.63448748e-03 
-7.08104743e-05 +0.00000000e+00 -7.99968661e-03 -3.17296292e+02 +2.43170181e+01  -9.80474993e+00 -8.05184499e-01  -4.01732495e+04 +4.33776733e+03    +3.44320054e-03 +1.22143502e-02  -1.40455398e-02 -1.04862663e-01  +1.37300009e-05 -4.54531001e-05 
-6.76976323e-03 +0.00000000e+00 -4.26266416e-03 -3.94474183e+04 +4.71810196e+03  -6.71099687e+00 +5.89806314e+00  -3.24118223e+04 +4.98807166e+03    +3.90442887e-03 +1.17216301e-02  -1.34795398e+00 -1.12122132e+01  -3.72914297e-03 -9.94602230e-03 
-7.24462690e-03 +0.00000000e+00 +3.39343206e-03 -1.11105555e+05 +2.30661896e+04  -9.58581800e+01 +2.07934081e+01  +7.22442381e+04 -9.81835694e+03    -5.53125440e-04 +6.73074104e-03  -7.35539991e+00 -4.76334508e+01  -1.82543017e-02 -3.61371461e-02 
-1.05881400e-03 +0.00000000e+00 +7.92962249e-03 +6.84080776e+06 -1.32552729e+06  -9.29881385e+04 +1.88958524e+04  -6.99989160e+06 +1.44254083e+06    -9.72595045e-01 -2.04736188e+00  -6.20345773e+01 -3.15086101e+02  -2.13966645e-01 -1.83736405e+00 
+6.10046760e-03 +0.00000000e+00 +5.17535458e-03 +9.64815155e+04 -2.64518239e+04  -1.18957873e+02 +6.51541949e+01  +2.07424124e+05 -3.64973773e+04    -1.54170848e-02 -3.66839372e-02  +1.30295730e+01 +7.80155437e+01  +2.58116484e-02 +4.97766527e-02 
+7.65100743e-03 +0.00000000e+00 -2.33711047e-03 +5.45946008e+04 -7.49997688e+03  -2.36324147e+01 -5.57078742e+00  -2.45263995e+04 +4.70301904e+03    +2.03819263e-03 +1.16451380e-02  +2.03295580e+00 +1.60710690e+01  +2.58542556e-03 +1.41155717e-02 
+2.16724631e-03 +0.00000000e+00 -7.70084693e-03 +9.29781705e+03 -8.16716137e+02  -5.22603504e+00 +6.15334789e+00  -3.97775419e+04 +4.41574938e+03    +3.34210074e-03 +1.21225661e-02  +2.67906217e-01 +2.49582576e+00  +7.80133133e-04 +2.37627273e-03 
-5.30907107e-03 +0.00000000e+00 -5.98446024e-03 -2.63599377e+04 +2.74681119e+03  -1.55388764e+01 -4.16176498e+00  -3.68672563e+04 +4.80094225e+03    +3.61810028e-03 +1.22616523e-02  -8.37436846e-01 -7.30392674e+00  -1.94000276e-03 -6.56601442e-03 
