# scuff-scatter run on pekka-pc (09/25/15::22:24:46)
# columns: 
# 1,2,3   x,y,z (evaluation point coordinates)
# 4,5     real, imag Ex
# 6,7     real, imag Ey
# 8,9     real, imag Ez
# 10,11   real, imag Hx
# 12,13   real, imag Hy
# 14,15   real, imag Hz
+0.00000000e+00 +0.00000000e+00 +8.00000000e-03 -9.92729931e+04 -9.33848767e+01  -6.78136470e+04 -1.23005820e+02  +1.36761137e+07 +4.32353456e+04    +1.07318661e-03 -5.03738050e-01  +5.70031418e-04 +1.53091948e-02  -6.80163977e-06 +1.08100835e-02 
+6.73176788e-03 +0.00000000e+00 +4.32241845e-03 -5.45559431e+04 +1.34237710e+02  -6.12557284e+02 -1.07763337e+00  -2.53298297e+05 -9.31766123e+02    -4.76388929e-05 -1.41661338e-03  +1.09864845e-01 -2.78240004e+01  -1.50153943e-05 +1.23191241e-02 
+7.27437941e-03 +0.00000000e+00 -3.32917469e-03 -1.37120323e+05 -6.45635510e+02  +1.68891718e+02 +1.07426949e+00  +3.65501680e+04 +9.10767174e+01    +2.74950340e-05 -5.24527904e-03  +4.46338820e-02 -9.14120677e+00  +2.18438177e-05 -3.36574066e-03 
+1.12896006e-03 +0.00000000e+00 -7.91993997e-03 -2.13321181e+04 -1.19859516e+02  -1.24232565e+02 -8.45055267e-01  +1.35283468e+05 +7.07735817e+02    -2.21149984e-05 +2.40841903e-03  +5.25923747e-03 -9.99997091e-01  +6.84537746e-07 -2.72792301e-04 
-6.05441996e-03 +0.00000000e+00 -5.22914897e-03 +1.14793131e+05 +5.89213720e+02  +3.57264581e+02 +2.24568422e+00  +7.90105036e+04 +3.40265660e+02    +9.46288310e-06 -3.62426810e-03  -3.26237444e-02 +6.47904807e+00  +8.14113462e-06 -4.58250570e-04 
-7.67139420e-03 +0.00000000e+00 +2.26929748e-03 +1.27531253e+05 +3.17420055e+02  +5.32661842e+02 +1.35492835e+00  -1.31411931e+05 -6.16785175e+02    +5.58043750e-05 -1.29005660e-02  -8.42824353e-02 +1.97483497e+01  +7.06562741e-05 -4.15466429e-03 
-2.23532399e-03 +0.00000000e+00 +7.68136229e-03 -4.85459057e+06 -1.41886789e+04  +4.94568972e+04 +1.63958820e+01  +6.82775182e+05 +3.27228716e+03    +1.56108176e-03 -2.44879766e-01  -2.86110614e-01 +9.53073411e+01  -2.01699917e-03 +1.66124734e+00 
+5.25589279e-03 +0.00000000e+00 +6.03121803e-03 +2.30401130e+05 +1.26627406e+03  -6.83144538e+02 -3.56657314e+00  -4.81483957e+05 -1.37924116e+03    -1.97142296e-04 +6.32413488e-02  +1.51630669e-01 -4.22557996e+01  -4.63167528e-04 +1.13714749e-01 
+7.91486597e-03 +0.00000000e+00 -1.16400027e-03 -1.48746555e+05 -6.12313953e+02  +3.18855681e+02 +1.91424255e+00  -1.69218888e+04 -1.80852446e+02    +3.56662193e-05 -7.00763801e-03  +5.80177889e-02 -1.24060939e+01  +4.49515525e-05 -5.58953376e-03 
+3.29694788e-03 +0.00000000e+00 -7.28904210e-03 -6.25772173e+04 -3.45343574e+02  -3.92233472e+02 -2.58431243e+00  +1.21740821e+05 +6.15438239e+02    -2.50151383e-05 +3.32477295e-03  +1.58831937e-02 -3.05057594e+00  -9.91409847e-06 +8.04374483e-04 
-4.35216889e-03 +0.00000000e+00 -6.71257223e-03 +8.22070218e+04 +4.44937764e+02  +3.20520915e+02 +1.88460615e+00  +1.09968222e+05 +5.37068032e+02    +4.12307414e-07 -1.82749308e-03  -2.15155246e-02 +4.17833299e+00  +1.21344626e-05 -1.78768244e-03 
-7.99992165e-03 +0.00000000e+00 +3.54055839e-05 +1.48020027e+05 +5.46825550e+02  +2.71709194e+01 -1.87009854e-01  -5.09669195e+04 -3.30325841e+02    -2.06182361e-06 -4.95358530e-04  -6.60315970e-02 +1.45347088e+01  +4.77643879e-05 -2.31332727e-03 
-4.29258334e-03 +0.00000000e+00 +6.75083167e-03 -7.02250811e+05 -2.78661979e+03  +3.74449816e+02 -1.06285943e+01  -6.55856434e+05 -1.62826394e+03    -2.11669393e-04 +2.60938819e-01  -1.87052561e-01 +5.53727939e+01  +1.16331424e-04 -1.94419562e-02 
+3.36133629e-03 +0.00000000e+00 +7.25957425e-03 +1.75017968e+06 +5.87304245e+03  -1.23575553e+03 -7.39656307e+00  -6.96928695e+05 -1.39462035e+03    +3.03142907e-04 +2.72298276e-03  +2.30881773e-01 -7.20416344e+01  -1.01857203e-04 +2.14047387e-02 
+7.92485885e-03 +0.00000000e+00 +1.09389775e-03 -1.42583088e+05 -4.60185964e+02  +1.04306869e+02 +9.14491560e-01  -8.54310885e+04 -4.63713228e+02    +5.46773133e-06 -8.08123799e-04  +7.40816417e-02 -1.67457891e+01  +1.47969717e-05 -2.42088243e-04 
+5.20230272e-03 +0.00000000e+00 -6.07750330e-03 -9.82352583e+04 -5.20035770e+02  +2.37458418e+02 +1.58710979e+00  +9.69958879e+04 +4.52628772e+02    +3.03641932e-05 -4.61949198e-03  +2.67123352e-02 -5.22755707e+00  +2.42552542e-05 -3.61826718e-03 
-2.30322653e-03 +0.00000000e+00 -7.66127584e-03 +4.37465171e+04 +2.44068958e+02  +8.59459452e+01 +4.77905079e-01  +1.29945925e+05 +6.71291903e+02    -1.47280694e-05 +9.64555696e-04  -1.08334861e-02 +2.07712800e+00  +4.50103437e-06 -4.24888467e-04 
-7.69117994e-03 +0.00000000e+00 -2.20130670e-03 +1.44987654e+05 +6.41022392e+02  -2.47841243e+02 -1.51128721e+00  +9.99991871e+03 -4.88439007e+01    -2.16232804e-05 +3.56207581e-03  -5.14025333e-02 +1.07693949e+01  +4.94150567e-05 -5.49998817e-03 
-6.00789797e-03 +0.00000000e+00 +5.28253367e-03 -4.74807981e+04 -5.80172992e+02  +7.73544527e+02 +8.63384551e-01  -3.56565883e+05 -1.15125224e+03    +1.96274626e-04 -2.13257226e-02  -1.29030139e-01 +3.43552447e+01  -4.90555295e-05 +3.79594471e-02 
+1.19901768e-03 +0.00000000e+00 +7.90963695e-03 +7.21379845e+06 +2.12418908e+04  -9.60212806e+03 -2.85979657e-01  +7.70711328e+06 +2.21613058e+04    +5.03431493e-04 -1.97384933e-01  +2.59818670e-01 -8.66611810e+01  +2.32758170e-05 +8.72925882e-02 
+7.30356201e-03 +0.00000000e+00 +3.26465649e-03 -1.03043452e+05 -1.39205375e+02  -2.97848814e+02 -4.42207585e-01  -1.81089390e+05 -7.58930581e+02    -6.26087178e-06 -3.02649132e-03  +9.51894907e-02 -2.30820500e+01  -1.54247904e-06 +3.31637183e-03 
+6.69324511e-03 +0.00000000e+00 -4.38183408e-03 -1.26498957e+05 -6.26470054e+02  +3.43973165e+02 +2.24122393e+00  +5.99687340e+04 +2.24712648e+02    +3.89516670e-05 -6.99592763e-03  +3.81960205e-02 -7.67960680e+00  +2.46167107e-05 -2.97957107e-03 
-7.08104743e-05 +0.00000000e+00 -7.99968661e-03 +1.60757466e+03 +9.24718590e+00  +1.82917438e+02 +1.12658283e+00  +1.36635271e+05 +7.16726449e+02    -8.82627882e-06 +3.43947508e-04  -3.31475586e-04 +6.57343216e-02  +2.01710627e-06 -2.15893635e-04 
-6.76976323e-03 +0.00000000e+00 -4.26266416e-03 +1.28317506e+05 +6.32791239e+02  -6.32323595e+01 -2.60408060e-01  +5.74604647e+04 +2.10615381e+02    -1.24272477e-05 +3.61509410e-04  -3.88487261e-02 +7.83720352e+00  +2.28419464e-05 -2.17300475e-03 
-7.24462690e-03 +0.00000000e+00 +3.39343206e-03 +1.00018505e+05 +1.20538170e+02  +4.11983549e+02 +5.98504222e-01  -1.88679192e+05 -7.76755367e+02    +8.64951899e-05 -1.49590192e-02  -9.65747755e-02 +2.35510826e+01  +6.24274683e-05 +5.20559470e-03 
-1.05881400e-03 +0.00000000e+00 +7.92962249e-03 -6.70522022e+06 -2.04666005e+04  +8.14145459e+03 +1.03315030e+01  +8.81924817e+06 +2.58991419e+04    -3.84369945e-05 +7.37464312e-01  -2.40485061e-01 +7.92137415e+01  -2.10062870e-04 -9.16077411e-02 
+6.10046760e-03 +0.00000000e+00 +5.17535458e-03 +2.92384872e+04 +5.09702724e+02  -8.63891772e+02 -2.67133908e+00  -3.43020821e+05 -1.12360972e+03    -1.82665328e-04 +1.05696243e-02  +1.26573778e-01 -3.34693873e+01  -8.73668120e-05 -7.86112734e-04 
+7.65100743e-03 +0.00000000e+00 -2.33711047e-03 -1.44185469e+05 -6.42380384e+02  +1.89828653e+02 +1.07019190e+00  +1.32376822e+04 -3.26916413e+01    +2.89589166e-05 -4.09878020e-03  +5.06554215e-02 -1.05722213e+01  +1.23265469e-05 -1.33334095e-03 
+2.16724631e-03 +0.00000000e+00 -7.70084693e-03 -4.13336727e+04 -2.31264937e+02  -3.52440400e+02 -2.29772731e+00  +1.30431903e+05 +6.74650546e+02    -3.00610016e-05 +3.69446803e-03  +1.02308308e-02 -1.95234457e+00  -5.00134005e-06 +4.31716288e-04 
-5.30907107e-03 +0.00000000e+00 -5.98446024e-03 +1.00187453e+05 +5.28613843e+02  +4.47861617e+02 +2.65409454e+00  +9.50747020e+04 +4.40741384e+02    +7.13481438e-06 -2.85467659e-03  -2.73238590e-02 +5.36399677e+00  +1.28201522e-05 -1.68077330e-03 
