# scuff-scatter run on pekka-pc (09/25/15::22:34:31)
# columns: 
# 1,2,3   x,y,z (evaluation point coordinates)
# 4,5     real, imag Ex
# 6,7     real, imag Ey
# 8,9     real, imag Ez
# 10,11   real, imag Hx
# 12,13   real, imag Hy
# 14,15   real, imag Hz
+0.00000000e+00 +0.00000000e+00 +8.00000000e-03 -2.34526054e+05 -9.35941589e+04  -2.72788844e+05 -1.07218639e+05  +5.05709085e+07 +1.52208688e+07    +7.65241791e+00 -1.20211155e+01  -7.54445767e+00 -7.90306675e-01  +2.85739271e-02 +7.78827442e-02 
+6.73176788e-03 +0.00000000e+00 +4.32241845e-03 -3.55495672e+06 +2.44162653e+06  -2.97155375e+04 +5.03149679e+03  -1.66991537e+06 -1.08978086e+06    +4.29533716e-01 -1.64262856e+00  +7.74814539e+02 +1.96412477e+02  -1.30540089e+00 +2.54349243e+00 
+7.27437941e-03 +0.00000000e+00 -3.32917469e-03 +2.20989232e+06 -2.04328412e+06  -9.32711826e+03 -6.14747181e+02  +1.86550925e+06 -3.13418782e+05    -4.15136536e-01 +7.89859540e-01  +5.52799632e+02 +8.03202905e+02  -1.52516585e+00 +4.37908002e-01 
+1.12896006e-03 +0.00000000e+00 -7.91993997e-03 +1.20135783e+06 -5.06305797e+05  +2.03854083e+04 -1.04185233e+04  -5.20796952e+06 +2.63700951e+06    -2.69139411e+00 -2.28135285e+00  +7.48381659e+01 +1.45698285e+02  -3.51373240e-01 -2.70065309e-01 
-6.05441996e-03 +0.00000000e+00 -5.22914897e-03 -3.70675042e+06 +2.20507466e+06  -2.53909063e+04 +5.34554502e+03  -1.83491799e+05 +8.32696548e+05    -1.44229033e+00 +7.97953249e-02  -4.24047390e+02 -7.13180765e+02  +1.89778971e+00 +3.71623684e-01 
-7.67139420e-03 +0.00000000e+00 +2.26929748e-03 +3.17124082e+06 -7.67705539e+05  +2.50113516e+04 -1.12916789e+04  +8.39351392e+05 -1.81232570e+06    +1.30269239e+00 +6.67416606e-01  -7.62030998e+02 -5.18182553e+02  +3.60336439e+00 +1.85100684e+00 
-2.23532399e-03 +0.00000000e+00 +7.68136229e-03 -1.79306596e+07 -6.11025565e+06  -1.96265904e+04 -8.35979766e+04  +1.75384142e+06 +5.65805266e+06    +7.92500314e+00 -1.16751422e+01  -5.53634851e+02 +1.21430604e+03  +4.44323567e-01 +1.16036847e+01 
+5.25589279e-03 +0.00000000e+00 +6.03121803e-03 -1.27045663e+06 +3.78115548e+06  -3.32520962e+04 -5.20513084e+03  -4.27464595e+06 +4.87662154e+05    +1.00037711e+00 -2.13291753e+00  +7.34544002e+02 -2.53249151e+02  -2.19246794e+00 +3.74501980e+00 
+7.91486597e-03 +0.00000000e+00 -1.16400027e-03 -1.05258406e+05 -1.32069129e+06  -1.06395169e+03 +2.49403684e+03  +2.58632864e+06 -1.28399448e+06    +1.96599898e-01 +7.81780078e-01  +6.58134871e+02 +7.77685710e+02  -1.33663072e+00 +8.24611531e-01 
+3.29694788e-03 +0.00000000e+00 -7.28904210e-03 +3.17900607e+06 -1.42160908e+06  +5.43198975e+04 -1.93229173e+04  -3.71541971e+06 +2.16895068e+06    -2.53180061e+00 -2.82127806e+00  +2.18969161e+02 +4.17887500e+02  -1.09449676e+00 -1.15749339e+00 
-4.35216889e-03 +0.00000000e+00 -6.71257223e-03 -3.72934312e+06 +1.78664594e+06  -1.70659602e+04 +2.77647630e+03  -2.57232225e+06 +1.79143625e+06    -2.02816428e+00 -6.87268563e-01  -2.88178031e+02 -5.36089034e+02  +1.47614527e+00 +8.26611198e-01 
-7.99992165e-03 +0.00000000e+00 +3.54055839e-05 +1.33105377e+06 +7.23842895e+05  +6.77085914e+03 -9.12148613e+03  +2.36973202e+06 -1.64220586e+06    -8.02664973e-02 -7.63919337e-02  -7.02463372e+02 -7.18629802e+02  +3.31757068e+00 +1.38559989e+00 
-4.29258334e-03 +0.00000000e+00 +6.75083167e-03 -1.56055992e+06 -4.37378036e+06  -3.71638580e+04 -1.81379099e+04  -5.11108488e+06 +1.66953528e+06    +3.23286743e+00 -5.97491031e-01  -6.95014354e+02 +5.46308936e+02  +2.59272788e+00 -1.94193555e+00 
+3.36133629e-03 +0.00000000e+00 +7.25957425e-03 +6.51203572e+06 +5.01685397e+06  -3.67084523e+04 -1.95267054e+04  -4.84966814e+06 +3.10438285e+06    +2.93492216e+00 -4.38122162e+00  +6.36834722e+02 -8.66077010e+02  -1.62127990e+00 +2.12812962e+00 
+7.92485885e-03 +0.00000000e+00 +1.09389775e-03 -2.37718807e+06 -3.90808407e+04  -6.80762166e+03 -8.20694994e+02  +1.78035865e+06 -1.80625283e+06    +3.20029240e-01 +9.76815521e-02  +7.35818690e+02 +6.35921435e+02  -1.46275825e+00 +1.49991992e+00 
+5.20230272e-03 +0.00000000e+00 -6.07750330e-03 +3.87226364e+06 -2.02924184e+06  -4.42363497e+03 +2.16517970e+03  -1.43050248e+06 +1.35693759e+06    -1.14249603e+00 +2.58839790e-01  +3.57486444e+02 +6.32871695e+02  -1.10312694e+00 -2.20512152e-01 
-2.30322653e-03 +0.00000000e+00 -7.66127584e-03 -2.35774750e+06 +1.00965295e+06  -1.58387429e+03 -4.07132650e+03  -4.61581325e+06 +2.46144028e+06    -2.52542227e+00 -1.47949337e+00  -1.46454126e+02 -2.89918548e+02  +7.61547444e-01 +4.81333664e-01 
-7.69117994e-03 +0.00000000e+00 -2.20130670e-03 -1.06639892e+06 +1.75641498e+06  +1.29250373e+04 -1.46008123e+04  +2.41836233e+06 -8.42260703e+05    -1.13058238e+00 -7.04400558e-01  -6.08494968e+02 -8.02298085e+02  +3.19926985e+00 +1.56725950e+00 
-6.00789797e-03 +0.00000000e+00 +5.28253367e-03 +2.69856966e+06 -3.13896565e+06  +1.66457885e+04 -8.64778213e+03  -3.09516296e+06 -3.97784698e+05    +2.36726310e+00 +1.22272175e-01  -7.62659965e+02 +2.07916133e+01  +2.24569215e+00 +5.99750215e-01 
+1.19901768e-03 +0.00000000e+00 +7.90963695e-03 +2.61835269e+07 +6.08757652e+06  -3.18448340e+04 -2.44140673e+04  +2.62249361e+07 +1.07498777e+07    +5.11223560e+00 -6.79883260e+00  +3.71932944e+02 -1.13368928e+03  -6.90033214e-01 +7.28189074e-01 
+7.30356201e-03 +0.00000000e+00 +3.26465649e-03 -3.56568195e+06 +1.57997037e+06  -2.15035876e+04 +2.70221532e+03  -2.64493928e+05 -1.60294144e+06    +4.21844817e-01 -9.94571959e-01  +7.75371387e+02 +3.79824756e+02  -1.31783397e+00 +2.08928201e+00 
+6.69324511e-03 +0.00000000e+00 -4.38183408e-03 +3.15884806e+06 -2.19717610e+06  -2.43227417e+04 +6.05751572e+03  +9.32169631e+05 +2.70970658e+05    -4.48172993e-01 +1.31268868e+00  +4.89095942e+02 +7.71193418e+02  -1.28353427e+00 +7.29627492e-01 
-7.08104743e-05 +0.00000000e+00 -7.99968661e-03 -9.78703767e+04 +3.43903601e+04  -1.18534117e+04 -6.36138646e+02  -5.35546245e+06 +2.68365689e+06    -2.52291991e+00 -1.49140239e+00  -2.29885746e+00 -8.08206376e+00  +3.38423399e-02 +4.31582333e-02 
-6.76976323e-03 +0.00000000e+00 -4.26266416e-03 -3.11575010e+06 +2.21605447e+06  -6.76689264e+03 -6.78487071e+03  +1.01289465e+06 +2.26824913e+05    -1.54273173e+00 -4.88980623e-01  -4.92786115e+02 -7.72982498e+02  +2.33766655e+00 +4.84388412e-01 
-7.24462690e-03 +0.00000000e+00 +3.39343206e-03 +3.61706203e+06 -1.63934502e+06  +2.24334914e+04 -1.39552913e+04  -4.26898689e+05 -1.54801139e+06    +1.93470979e+00 +9.69942004e-01  -7.75625479e+02 -3.63648442e+02  +3.30981696e+00 +1.71827007e+00 
-1.05881400e-03 +0.00000000e+00 +7.92962249e-03 -2.48967951e+07 -5.74883802e+06  -1.43207708e+05 -1.30258160e+05  +3.05892958e+07 +1.14960717e+07    +8.21198570e+00 -5.20655095e+00  -3.48561547e+02 +1.04472628e+03  +1.05887202e+00 -7.91311067e-01 
+6.10046760e-03 +0.00000000e+00 +5.17535458e-03 -2.91133237e+06 +3.09958683e+06  -3.53672347e+04 +3.52413962e+03  -3.00223462e+06 -4.32836088e+05    +4.87135077e-01 -2.21232162e+00  +7.62043103e+02 +2.02482753e+00  -1.33770023e+00 +2.54168286e+00 
+7.65100743e-03 +0.00000000e+00 -2.33711047e-03 +1.17212718e+06 -1.77537132e+06  +3.01466796e+03 -2.22250718e+03  +2.38516679e+06 -7.96570227e+05    -1.79938724e-01 +7.60849977e-01  +6.04788595e+02 +8.05359256e+02  -1.70658856e+00 +6.86135844e-02 
+2.16724631e-03 +0.00000000e+00 -7.70084693e-03 +2.26733967e+06 -9.68010038e+05  +4.36019971e+04 -1.76490449e+04  -4.66218837e+06 +2.46896866e+06    -2.75406734e+00 -2.87258903e+00  +1.42959885e+02 +2.78498313e+02  -7.23725034e-01 -6.68764349e-01 
-5.30907107e-03 +0.00000000e+00 -5.98446024e-03 -3.87965970e+06 +2.05640565e+06  -2.50433086e+04 +6.67377176e+03  -1.30540400e+06 +1.31712270e+06    -1.68989699e+00 -1.60373984e-01  -3.60998821e+02 -6.39589506e+02  +1.74453122e+00 +7.53631105e-01 
