# scuff-scatter run on pekka-pc (09/25/15::22:34:31)
# columns: 
# 1,2,3   x,y,z (evaluation point coordinates)
# 4,5     real, imag Ex
# 6,7     real, imag Ey
# 8,9     real, imag Ez
# 10,11   real, imag Hx
# 12,13   real, imag Hy
# 14,15   real, imag Hz
+0.00000000e+00 +0.00000000e+00 +8.00000000e-03 -nan -nan  -nan -nan  -nan -nan    -nan -nan  -nan -nan  -nan -nan 
+6.73176788e-03 +0.00000000e+00 +4.32241845e-03 -3.77819491e+06 +2.44162629e+06  -2.97155375e+04 +5.03149679e+03  -1.72262419e+06 -1.08947678e+06    +4.29533716e-01 -1.64262856e+00  +7.74863284e+02 +1.39438751e+02  -1.30540089e+00 +2.54349243e+00 
+7.27437941e-03 +0.00000000e+00 -3.32917469e-03 +2.16498043e+06 -2.04328492e+06  -9.32711826e+03 -6.14747181e+02  +1.90375568e+06 -3.13115972e+05    -4.15136536e-01 +7.89859540e-01  +5.52852099e+02 +7.91599087e+02  -1.52516585e+00 +4.37908002e-01 
+1.12896006e-03 +0.00000000e+00 -7.91993997e-03 +1.19715663e+06 -5.06305972e+05  +2.03854083e+04 -1.04185233e+04  -5.16754986e+06 +2.63731211e+06    -2.69139411e+00 -2.28135285e+00  +7.48462895e+01 +1.44605218e+02  -3.51373240e-01 -2.70065309e-01 
-6.05441996e-03 +0.00000000e+00 -5.22914897e-03 -3.67707766e+06 +2.20507544e+06  -2.53909063e+04 +5.34554502e+03  -1.43663392e+05 +8.32999220e+05    -1.44229033e+00 +7.97953249e-02  -4.24091016e+02 -7.05491803e+02  +1.89778971e+00 +3.71623684e-01 
-7.67139420e-03 +0.00000000e+00 +2.26929748e-03 +3.30225389e+06 -7.67705110e+05  +2.50113516e+04 -1.12916789e+04  +8.47890000e+05 -1.81202208e+06    +1.30269239e+00 +6.67416606e-01  -7.62086488e+02 -4.84633000e+02  +3.60336439e+00 +1.85100684e+00 
-2.23532399e-03 +0.00000000e+00 +7.68136229e-03 -1.50324843e+07 -6.11025564e+06  -1.96265904e+04 -8.35979766e+04  -4.74035003e+06 +5.65835766e+06    +7.92500314e+00 -1.16751422e+01  -5.53651065e+02 +1.94979437e+03  +4.44323567e-01 +1.16036847e+01 
+5.25589279e-03 +0.00000000e+00 +6.03121803e-03 -1.71477535e+06 +3.78115537e+06  -3.32520962e+04 -5.20513084e+03  -4.55605708e+06 +4.87966673e+05    +1.00037711e+00 -2.13291753e+00  +7.34582094e+02 -3.66322606e+02  -2.19246794e+00 +3.74501980e+00 
+7.91486597e-03 +0.00000000e+00 -1.16400027e-03 -1.72302450e+05 -1.32069200e+06  -1.06395169e+03 +2.49403684e+03  +2.62015024e+06 -1.28369143e+06    +1.96599898e-01 +7.81780078e-01  +6.58192021e+02 +7.60422309e+02  -1.33663072e+00 +8.24611531e-01 
+3.29694788e-03 +0.00000000e+00 -7.28904210e-03 +3.16597714e+06 -1.42160958e+06  +5.43198975e+04 -1.93229173e+04  -3.67503029e+06 +2.16925329e+06    -2.53180061e+00 -2.82127806e+00  +2.18992892e+02 +4.14500840e+02  -1.09449676e+00 -1.15749339e+00 
-4.35216889e-03 +0.00000000e+00 -6.71257223e-03 -3.71113269e+06 +1.78664657e+06  -1.70659602e+04 +2.77647630e+03  -2.53200922e+06 +1.79173886e+06    -2.02816428e+00 -6.87268563e-01  -2.88209367e+02 -5.31359624e+02  +1.47614527e+00 +8.26611198e-01 
-7.99992165e-03 +0.00000000e+00 +3.54055839e-05 +1.41460104e+06 +7.23843517e+05  +6.77085914e+03 -9.12148613e+03  +2.39868939e+06 -1.64190264e+06    -8.02664973e-02 -7.63919337e-02  -7.02521172e+02 -6.97157916e+02  +3.31757068e+00 +1.38559989e+00 
-4.29258334e-03 +0.00000000e+00 +6.75083167e-03 -8.42991048e+05 -4.37378031e+06  -3.71638580e+04 -1.81379099e+04  -5.79001666e+06 +1.66984000e+06    +3.23286743e+00 -5.97491031e-01  -6.95045475e+02 +7.28699323e+02  +2.59272788e+00 -1.94193555e+00 
+3.36133629e-03 +0.00000000e+00 +7.25957425e-03 +5.28126671e+06 +5.01685395e+06  -3.67084523e+04 -1.95267054e+04  -6.52644459e+06 +3.10468772e+06    +2.93492216e+00 -4.38122162e+00  +6.36859098e+02 -1.17864167e+03  -1.62127990e+00 +2.12812962e+00 
+7.92485885e-03 +0.00000000e+00 +1.09389775e-03 -2.47959650e+06 -3.90813753e+04  -6.80762166e+03 -8.20694994e+02  +1.80227400e+06 -1.80594942e+06    +3.20029240e-01 +9.76815521e-02  +7.35875979e+02 +6.09646872e+02  -1.46275825e+00 +1.49991992e+00 
+5.20230272e-03 +0.00000000e+00 -6.07750330e-03 +3.84901953e+06 -2.02924256e+06  -4.42363497e+03 +2.16517970e+03  -1.39033926e+06 +1.35724023e+06    -1.14249603e+00 +2.58839790e-01  +3.57523914e+02 +6.26840784e+02  -1.10312694e+00 -2.20512152e-01 
-2.30322653e-03 +0.00000000e+00 -7.66127584e-03 -2.34896527e+06 +1.00965330e+06  -1.58387429e+03 -4.07132650e+03  -4.57539990e+06 +2.46174288e+06    -2.52542227e+00 -1.47949337e+00  -1.46470701e+02 -2.87634477e+02  +7.61547444e-01 +4.81333664e-01 
-7.69117994e-03 +0.00000000e+00 -2.20130670e-03 -1.01087945e+06 +1.75641575e+06  +1.29250373e+04 -1.46008123e+04  +2.45480039e+06 -8.41957779e+05    -1.13058238e+00 -7.04400558e-01  -6.08550474e+02 -7.87978816e+02  +3.19926985e+00 +1.56725950e+00 
-6.00789797e-03 +0.00000000e+00 +5.28253367e-03 +3.01197058e+06 -3.13896549e+06  +1.66457885e+04 -8.64778213e+03  -3.22905464e+06 -3.97480379e+05    +2.36726310e+00 +1.22272175e-01  -7.62703490e+02 +1.00648410e+02  +2.24569215e+00 +5.99750215e-01 
+1.19901768e-03 +0.00000000e+00 +7.90963695e-03 +1.58918947e+07 +6.08757652e+06  -3.18448340e+04 -2.44140673e+04  -1.87633457e+07 +1.07501828e+07    +5.11223560e+00 -6.79883260e+00  +3.71941642e+02 -3.74444344e+03  -6.90033214e-01 +7.28189074e-01 
+7.30356201e-03 +0.00000000e+00 +3.26465649e-03 -3.73159721e+06 +1.57997003e+06  -2.15035876e+04 +2.70221532e+03  -2.76145831e+05 -1.60263760e+06    +4.21844817e-01 -9.94571959e-01  +7.75424244e+02 +3.37406679e+02  -1.31783397e+00 +2.08928201e+00 
+6.69324511e-03 +0.00000000e+00 -4.38183408e-03 +3.12264703e+06 -2.19717691e+06  -2.43227417e+04 +6.05751572e+03  +9.71463706e+05 +2.71273382e+05    -4.48172993e-01 +1.31268868e+00  +4.89144191e+02 +7.61824987e+02  -1.28353427e+00 +7.29627492e-01 
-7.08104743e-05 +0.00000000e+00 -7.99968661e-03 -9.76088187e+04 +3.43903712e+04  -1.18534117e+04 -6.36138646e+02  -5.31504243e+06 +2.68395949e+06    -2.52291991e+00 -1.49140239e+00  -2.29936697e+00 -8.01400371e+00  +3.38423399e-02 +4.31582333e-02 
-6.76976323e-03 +0.00000000e+00 -4.26266416e-03 -3.07860404e+06 +2.21605528e+06  -6.76689264e+03 -6.78487071e+03  +1.05209392e+06 +2.27127646e+05    -1.54273173e+00 -4.88980623e-01  -4.92834919e+02 -7.63371266e+02  +2.33766655e+00 +4.84388412e-01 
-7.24462690e-03 +0.00000000e+00 +3.39343206e-03 +3.78856845e+06 -1.63934470e+06  +2.24334914e+04 -1.39552913e+04  -4.42143713e+05 -1.54770752e+06    +1.93470979e+00 +9.69942004e-01  -7.75677913e+02 -3.19810206e+02  +3.30981696e+00 +1.71827007e+00 
-1.05881400e-03 +0.00000000e+00 +7.92962249e-03 -1.16745113e+07 -5.74883802e+06  -1.43207708e+05 -1.30258160e+05  -3.51175297e+07 +1.14963768e+07    +8.21198570e+00 -5.20655095e+00  -3.48569228e+02 +4.39880571e+03  +1.05887202e+00 -7.91311067e-01 
+6.10046760e-03 +0.00000000e+00 +5.17535458e-03 -3.21165027e+06 +3.09958666e+06  -3.53672347e+04 +3.52413962e+03  -3.12321926e+06 -4.32531797e+05    +4.87135077e-01 -2.21232162e+00  +7.62087297e+02 -7.45120352e+01  -1.33770023e+00 +2.54168286e+00 
+7.65100743e-03 +0.00000000e+00 -2.33711047e-03 +1.11797608e+06 -1.77537209e+06  +3.01466796e+03 -2.22250718e+03  +2.42187088e+06 -7.96267318e+05    -1.79938724e-01 +7.60849977e-01  +6.04843808e+02 +7.91389938e+02  -1.70658856e+00 +6.86135844e-02 
+2.16724631e-03 +0.00000000e+00 -7.70084693e-03 +2.25910687e+06 -9.68010369e+05  +4.36019971e+04 -1.76490449e+04  -4.62177354e+06 +2.46927126e+06    -2.75406734e+00 -2.87258903e+00  +1.42975482e+02 +2.76357010e+02  -7.23725034e-01 -6.68764349e-01 
-5.30907107e-03 +0.00000000e+00 -5.98446024e-03 -3.85570337e+06 +2.05640638e+06  -2.50433086e+04 +6.67377176e+03  -1.26526938e+06 +1.31742534e+06    -1.68989699e+00 -1.60373984e-01  -3.61037061e+02 -6.33374678e+02  +1.74453122e+00 +7.53631105e-01 
