# scuff-scatter run on pekka-pc (09/25/15::22:27:33)
# columns: 
# 1,2,3   x,y,z (evaluation point coordinates)
# 4,5     real, imag Ex
# 6,7     real, imag Ey
# 8,9     real, imag Ez
# 10,11   real, imag Hx
# 12,13   real, imag Hy
# 14,15   real, imag Hz
+0.00000000e+00 +0.00000000e+00 +8.00000000e-03 -1.01671916e+05 -2.45325481e+02  -7.09630058e+04 -3.22210322e+02  +1.47610391e+07 +1.08533450e+05    +5.04330949e-03 -9.48346030e-01  +2.16605733e-03 +2.94888301e-03  -1.13617967e-05 +1.96680075e-02 
+6.73176788e-03 +0.00000000e+00 +4.32241845e-03 -4.97006248e+04 +5.68212944e+02  -6.36421450e+02 -2.16416715e+00  -2.77100802e+05 -2.39790727e+03    -1.09914665e-04 -2.00556989e-03  +5.30085210e-01 -5.49949216e+01  -1.38268530e-04 +2.39060933e-02 
+7.27437941e-03 +0.00000000e+00 -3.32917469e-03 -1.54649565e+05 -1.81081636e+03  +1.98338718e+02 +3.12950246e+00  +3.88699504e+04 +2.22703012e+02    +1.53594361e-04 -1.08066238e-02  +2.29301207e-01 -1.85497123e+01  +1.14727988e-04 -7.15493576e-03 
+1.12896006e-03 +0.00000000e+00 -7.91993997e-03 -2.46669435e+04 -3.54823397e+02  -1.47786284e+02 -2.54910226e+00  +1.54905244e+05 +2.08175757e+03    -1.11167275e-04 +5.32026076e-03  +2.76919965e-02 -2.05039866e+00  -6.21059395e-07 -4.63476839e-04 
-6.05441996e-03 +0.00000000e+00 -5.22914897e-03 +1.30990499e+05 +1.69570391e+03  +4.19382181e+02 +6.64165455e+00  +8.82618641e+04 +9.57719065e+02    +5.31402096e-05 -6.99570011e-03  -1.69450685e-01 +1.32041794e+01  +3.04002576e-05 -1.10595244e-03 
-7.67139420e-03 +0.00000000e+00 +2.26929748e-03 +1.35116006e+05 +7.14452073e+02  +5.65826713e+02 +3.18462516e+00  -1.47760192e+05 -1.67440125e+03    +2.61605900e-04 -2.56038033e-02  -4.15492832e-01 +3.93874056e+01  +3.61716774e-04 -1.06499045e-02 
-2.23532399e-03 +0.00000000e+00 +7.68136229e-03 -5.21182059e+06 -3.58245912e+04  +4.97899226e+04 +2.61002433e+01  +7.69890233e+05 +8.85034717e+03    +7.17655262e-03 -5.06245859e-01  -1.29850529e+00 +1.83499392e+02  -9.13662120e-03 +3.06920954e+00 
+5.25589279e-03 +0.00000000e+00 +6.03121803e-03 +2.64725476e+05 +3.54452611e+03  -7.74327802e+02 -9.41326921e+00  -5.15259322e+05 -3.36057000e+03    -4.76142207e-04 +1.16247229e-01  +7.14059327e-01 -8.26755998e+01  -1.66796420e-03 +2.17863905e-01 
+7.91486597e-03 +0.00000000e+00 -1.16400027e-03 -1.65014599e+05 -1.64956767e+03  +3.70261053e+02 +5.38135706e+00  -2.20067359e+04 -5.45081348e+02    +1.90435416e-04 -1.41840803e-02  +2.93929396e-01 -2.50301112e+01  +2.18288870e-04 -1.19175922e-02 
+3.29694788e-03 +0.00000000e+00 -7.28904210e-03 -7.21628728e+04 -1.01631924e+03  -4.64440867e+02 -7.80828598e+00  +1.38747716e+05 +1.79585507e+03    -1.33000292e-04 +7.15090712e-03  +8.33753234e-02 -6.24598017e+00  -4.83699233e-05 +1.82105141e-03 
-4.35216889e-03 +0.00000000e+00 -6.71257223e-03 +9.45276648e+04 +1.30174697e+03  +3.72693347e+02 +5.57868320e+00  +1.24757845e+05 +1.55459485e+03    +7.03184199e-06 -3.34406135e-03  -1.12638132e-01 +8.54237277e+00  +5.90057992e-05 -3.74786738e-03 
-7.99992165e-03 +0.00000000e+00 +3.54055839e-05 +1.62276196e+05 +1.42549201e+03  +2.18755852e+01 -6.02522993e-01  -6.00192209e+04 -9.48441252e+02    -2.14478164e-05 -7.39989481e-04  -3.31659847e-01 +2.92157909e+01  +2.34564347e-04 -6.36402456e-03 
-4.29258334e-03 +0.00000000e+00 +6.75083167e-03 -7.75085541e+05 -7.40581439e+03  +9.70340733e+01 -2.91781411e+01  -6.94704855e+05 -3.84027732e+03    -4.44246033e-04 +4.69532631e-01  -8.69070414e-01 +1.07709033e+02  +1.00218116e-03 -4.57859633e-02 
+3.36133629e-03 +0.00000000e+00 +7.25957425e-03 +1.90038081e+06 +1.51506644e+04  -1.42988399e+03 -2.04194507e+01  -7.28470754e+05 -3.07280412e+03    +1.14352387e-03 -5.16819304e-03  +1.05991270e+00 -1.39458861e+02  -5.61474917e-04 +4.35342311e-02 
+7.92485885e-03 +0.00000000e+00 +1.09389775e-03 -1.54267393e+05 -1.14731840e+03  +1.29093900e+02 +2.63184009e+00  -9.79354910e+04 -1.29443788e+03    +2.50521957e-05 -1.63034209e-03  +3.68979576e-01 -3.35461933e+01  +9.74369393e-05 -1.32640073e-03 
+5.20230272e-03 +0.00000000e+00 -6.07750330e-03 -1.12592720e+05 -1.51101776e+03  +2.80769685e+02 +4.61027096e+00  +1.09403023e+05 +1.29670995e+03    +1.58931016e-04 -9.72296511e-03  +1.39356422e-01 -1.06751202e+01  +1.09350928e-04 -7.44349483e-03 
-2.30322653e-03 +0.00000000e+00 -7.66127584e-03 +5.05307505e+04 +7.20808673e+02  +9.92631140e+01 +1.43049984e+00  +1.48533687e+05 +1.96849032e+03    -6.94392922e-05 +2.35089167e-03  -5.69873056e-02 +4.25441665e+00  +2.12564077e-05 -9.62792529e-04 
-7.69117994e-03 +0.00000000e+00 -2.20130670e-03 +1.62220571e+05 +1.76429881e+03  -2.88929803e+02 -4.33390069e+00  +8.48358440e+03 -1.77249496e+02    -1.28946211e-04 +7.62942735e-03  -2.62234013e-01 +2.17875721e+01  +2.41912428e-04 -1.21167752e-02 
-6.00789797e-03 +0.00000000e+00 +5.28253367e-03 -6.40956712e+04 -1.75874360e+03  +7.93192562e+02 +1.81559329e+00  -3.85339618e+05 -2.87880614e+03    +6.89504956e-04 -4.42355812e-02  -6.14658497e-01 +6.75362570e+01  -3.87666767e-06 +6.74458959e-02 
+1.19901768e-03 +0.00000000e+00 +7.90963695e-03 +7.74512861e+06 +5.31381840e+04  -9.61751008e+03 -2.23564944e+00  +8.26672132e+06 +5.60855916e+04    +2.41703215e-03 -3.75757560e-01  +1.17021419e+00 -1.66770140e+02  +2.67211656e-04 +1.52509192e-01 
+7.30356201e-03 +0.00000000e+00 +3.26465649e-03 -1.05645917e+05 -1.96588795e+02  -3.06642981e+02 -6.74416253e-01  -2.00880936e+05 -2.01096099e+03    -3.01897084e-05 -5.17056491e-03  +4.64709872e-01 -4.58489756e+01  -5.46832357e-06 +6.10699282e-03 
+6.69324511e-03 +0.00000000e+00 -4.38183408e-03 -1.43634710e+05 -1.78374348e+03  +4.05731790e+02 +6.59190194e+00  +6.59937219e+04 +6.13768137e+02    +2.18687734e-04 -1.45693225e-02  +1.97431471e-01 -1.56232006e+01  +1.29355147e-04 -6.58020675e-03 
-7.08104743e-05 +0.00000000e+00 -7.99968661e-03 +1.86496986e+03 +2.74615615e+01  +2.14322588e+02 +3.38835274e+00  +1.56513494e+05 +2.10994512e+03    -4.36973369e-05 +1.03315817e-03  -1.75244180e-03 +1.34150921e-01  +5.75636512e-06 -4.30536403e-04 
-6.76976323e-03 +0.00000000e+00 -4.26266416e-03 +1.45613822e+05 +1.79918074e+03  -6.98136104e+01 -6.45064832e-01  +6.30933777e+04 +5.72322806e+02    -6.47628719e-05 +1.24293284e-03  -2.00696449e-01 +1.59372703e+01  +9.54916520e-05 -4.75984952e-03 
-7.24462690e-03 +0.00000000e+00 +3.39343206e-03 +1.02093434e+05 +1.42429300e+02  +4.24998519e+02 +1.09632128e+00  -2.08883603e+05 -2.05010905e+03    +3.93737209e-04 -3.02944668e-02  -4.70824194e-01 +4.67504162e+01  +2.76669261e-04 +6.90483014e-03 
-1.05881400e-03 +0.00000000e+00 +7.92962249e-03 -7.21695353e+06 -5.11696087e+04  +8.24754216e+03 -2.96397398e+00  +9.47201649e+06 +6.53832396e+04    +2.84922873e-04 +1.32099963e+00  -1.08300372e+00 +1.52569665e+02  -8.40795185e-04 -1.54592434e-01 
+6.10046760e-03 +0.00000000e+00 +5.17535458e-03 +4.40297428e+04 +1.57551221e+03  -9.28667066e+02 -6.38912425e+00  -3.71166386e+05 -2.81737300e+03    -3.50616989e-04 +2.01003894e-02  +6.03917491e-01 -6.58421866e+01  -2.65983583e-04 +7.71858182e-04 
+7.65100743e-03 +0.00000000e+00 -2.33711047e-03 -1.61476524e+05 -1.77213876e+03  +2.18481658e+02 +2.98626630e+00  +1.21614998e+04 -1.31705007e+02    +1.51421545e-04 -8.59935815e-03  +2.58641453e-01 -2.13989963e+01  +7.09864892e-05 -3.17627280e-03 
+2.16724631e-03 +0.00000000e+00 -7.70084693e-03 -4.77629925e+04 -6.83359108e+02  -4.16461836e+02 -6.91384548e+00  +1.49116098e+05 +1.97912390e+03    -1.55117267e-04 +8.01240212e-03  +5.38138735e-02 -4.00102979e+00  -2.62777738e-05 +1.00919235e-03 
-5.30907107e-03 +0.00000000e+00 -5.98446024e-03 +1.14775712e+05 +1.53444354e+03  +5.21201124e+02 +7.82530064e+00  +1.07147040e+05 +1.26066217e+03    +4.28223964e-05 -5.51073946e-03  -1.42501621e-01 +1.09495826e+01  +5.73443451e-05 -3.53249143e-03 
