# scuff-scatter run on pekka-pc (09/25/15::22:37:30)
# columns: 
# 1,2,3   x,y,z (evaluation point coordinates)
# 4,5     real, imag Ex
# 6,7     real, imag Ey
# 8,9     real, imag Ez
# 10,11   real, imag Hx
# 12,13   real, imag Hy
# 14,15   real, imag Hz
+0.00000000e+00 +0.00000000e+00 +8.00000000e-03 -nan -nan  -nan -nan  -nan -nan    -nan -nan  -nan -nan  -nan -nan 
+6.73176788e-03 +0.00000000e+00 +4.32241845e-03 -1.77540757e+05 -1.12774690e+04  -1.13498081e+02 -8.87867790e+00  +1.04606573e+04 -1.19893175e+04    -5.42896079e-04 -5.09959190e-03  +6.29100371e+00 -4.00590157e+01  +3.25736251e-03 +2.21245286e-02 
+7.27437941e-03 +0.00000000e+00 -3.32917469e-03 -2.00402613e+04 -4.54352137e+03  -1.55529306e+01 +1.32962587e+00  +2.54846618e+04 +3.31395766e+03    +1.12775346e-03 +5.69545730e-03  +1.44836199e+00 -7.02793281e+00  +9.49533901e-04 +6.08236948e-03 
+1.12896006e-03 +0.00000000e+00 -7.91993997e-03 -1.38071424e+03 -4.41972412e+02  -2.19817541e+00 +3.74480660e-01  +1.88710834e+04 +4.22600819e+03    +1.10850980e-03 +4.58478659e-03  +1.39799395e-01 -6.42223551e-01  +1.95676324e-04 +3.18407485e-05 
-6.05441996e-03 +0.00000000e+00 -5.22914897e-03 +1.16785392e+04 +3.09056109e+03  -1.23137424e+01 +2.06803767e+00  +2.26985033e+04 +3.85641296e+03    +1.54243159e-03 +2.76683860e-03  -9.80804271e-01 +4.54268352e+00  -8.72176975e-04 -2.09216067e-03 
-7.67139420e-03 +0.00000000e+00 +2.26929748e-03 +8.58152686e+04 +9.95676835e+03  -8.44719578e+00 +1.69411689e+01  +2.93890098e+04 -2.90301272e+03    +1.65868742e-03 +1.80528293e-03  -3.92092085e+00 +2.21629464e+01  -4.21399342e-03 -2.35225607e-03 
-2.23532399e-03 +0.00000000e+00 +7.68136229e-03 +4.43936569e+06 -3.63890897e+05  +1.74701273e+04 +3.25376865e+03  -6.62861253e+06 +1.28364527e+04    -2.02698754e-02 +2.85659381e-01  -3.28859345e+01 +7.69024611e+02  -3.79748455e-01 +2.03754620e+00 
+5.25589279e-03 +0.00000000e+00 +6.03121803e-03 -4.56569506e+05 -7.00772791e+02  -2.72498709e+02 +4.93979602e+01  -1.20008906e+05 -3.48498167e+04    -1.92623909e-02 +6.75448848e-02  +1.12037585e+01 -8.71868054e+01  -9.66448676e-03 +1.02166414e-01 
+7.91486597e-03 +0.00000000e+00 -1.16400027e-03 -3.43316743e+04 -6.39883738e+03  -3.13422214e+01 +1.23152982e+00  +2.86315326e+04 +2.12923096e+03    +1.32249156e-03 +4.35223760e-03  +2.10914374e+00 -1.07384449e+01  +1.33443909e-03 +9.27571492e-03 
+3.29694788e-03 +0.00000000e+00 -7.28904210e-03 -4.45805393e+03 -1.37236920e+03  -3.88969200e+00 -8.46711791e-01  +1.97577942e+04 +4.17176639e+03    +9.45317405e-04 +5.62455971e-03  +4.35807662e-01 -1.97806326e+00  +3.61625765e-04 +1.26559414e-03 
-4.35216889e-03 +0.00000000e+00 -6.71257223e-03 +6.47983482e+03 +1.91648189e+03  -9.80726774e+00 +2.79013586e+00  +2.05728866e+04 +4.10589188e+03    +1.41215082e-03 +3.47093954e-03  -6.11492706e-01 +2.75150756e+00  -4.00322159e-04 -2.03039801e-03 
-7.99992165e-03 +0.00000000e+00 +3.54055839e-05 +4.64093229e+04 +7.56858460e+03  -4.66246451e+00 +4.89459781e+00  +3.00990830e+04 +1.00554085e+03    +9.60426155e-04 +4.53452420e-03  -2.59705209e+00 +1.35760381e+01  -3.14142420e-03 +8.70832573e-04 
-4.29258334e-03 +0.00000000e+00 +6.75083167e-03 +8.74011042e+05 -2.96057821e+04  +7.28903560e+02 +2.50906489e+02  -4.20553038e+05 -5.76910120e+04    -7.98890469e-02 +4.38471811e-01  -1.61552747e+01 +1.51476329e+02  -1.87230641e-02 -2.21670047e-03 
+3.36133629e-03 +0.00000000e+00 +7.25957425e-03 -1.73787645e+06 +1.07981734e+05  -7.35071124e+02 +1.16132583e+02  -1.33721040e+06 -7.66458371e+04    -2.28830545e-02 +4.95439056e-02  +2.28431760e+01 -2.83742930e+02  +1.48431168e-02 +1.10645736e-01 
+7.92485885e-03 +0.00000000e+00 +1.09389775e-03 -6.11637466e+04 -8.68349754e+03  -3.85963813e+01 -3.24313264e-01  +3.05309725e+04 -4.17889226e+02    +6.16937071e-04 +5.29166269e-03  +3.12194677e+00 -1.69591286e+01  +1.53108977e-03 +1.36604081e-02 
+5.20230272e-03 +0.00000000e+00 -6.07750330e-03 -8.65775546e+03 -2.43404059e+03  -2.87861021e+01 +2.25738902e-03  +2.14433979e+04 +4.01934586e+03    +9.69244726e-04 +7.08526475e-03  +7.70152233e-01 -3.55492939e+00  +6.76731471e-04 +2.78270969e-03 
-2.30322653e-03 +0.00000000e+00 -7.66127584e-03 +2.90256608e+03 +9.28480053e+02  -4.40412287e+00 +1.48174850e+00  +1.92311030e+04 +4.20392116e+03    +1.22312054e-03 +4.05480642e-03  -2.98716801e-01 +1.31176900e+00  -2.65118044e-04 -6.97443777e-04 
-7.69117994e-03 +0.00000000e+00 -2.20130670e-03 +2.65928989e+04 +5.47536887e+03  -6.81175364e+00 +9.03086930e-01  +2.71926354e+04 +2.78358162e+03    +9.77422274e-04 +4.15228825e-03  -1.77531083e+00 +8.76170754e+00  -1.76866141e-03 -1.61009264e-03 
-6.00789797e-03 +0.00000000e+00 +5.28253367e-03 +2.84194985e+05 +8.73320428e+03  +1.44398405e+02 +4.47273217e+01  -2.87473639e+04 -2.15629405e+04    -1.25287077e-03 +2.56199705e-02  -8.44573403e+00 +5.86194327e+01  -1.68654103e-02 +3.80591260e-02 
+1.19901768e-03 +0.00000000e+00 +7.90963695e-03 -1.33799261e+07 +6.29160170e+05  -1.04272800e+04 +3.08037308e+00  -4.72433217e+07 +5.69734439e+05    -4.51691286e-02 -7.98545643e-01  +3.30458347e+01 -3.08505393e+03  +3.16933847e-02 +7.65268093e-01 
+7.30356201e-03 +0.00000000e+00 +3.26465649e-03 -1.18576223e+05 -1.09660911e+04  -2.67640994e+00 -6.79346890e+00  +2.44899478e+04 -6.14988810e+03    +7.22206290e-04 -1.86679792e-03  +4.84174994e+00 -2.88341354e+01  +2.77263427e-03 +1.49429782e-02 
+6.69324511e-03 +0.00000000e+00 -4.38183408e-03 -1.51125469e+04 -3.72832642e+03  -1.76493676e+01 +1.37635849e+00  +2.39420121e+04 +3.65699481e+03    +1.13353739e-03 +6.18023933e-03  +1.18062851e+00 -5.61197252e+00  +6.06080733e-04 +5.96812747e-03 
-7.08104743e-05 +0.00000000e+00 -7.99968661e-03 +6.75125980e+01 +2.99231067e+01  -7.26651956e+00 +1.61491575e+00  +1.87884087e+04 +4.23411029e+03    +1.21708375e-03 +4.27784713e-03  -1.11788690e-02 +2.82814559e-02  +1.55834590e-05 -1.17692298e-04 
-6.76976323e-03 +0.00000000e+00 -4.26266416e-03 +1.56009432e+04 +3.82224454e+03  +1.07550863e+00 +5.11307277e-01  +2.41560932e+04 +3.61595929e+03    +1.35787557e-03 +2.75477646e-03  -1.21546453e+00 +5.73820280e+00  -1.12565928e-03 -1.90206974e-03 
-7.24462690e-03 +0.00000000e+00 +3.39343206e-03 +1.24120954e+05 +1.10115893e+04  -8.12349587e+00 +1.94555508e+01  +2.39211404e+04 -6.76970681e+03    +1.05808389e-03 +4.75094088e-03  -4.99965444e+00 +2.98441547e+01  -6.59358587e-03 +6.61057780e-03 
-1.05881400e-03 +0.00000000e+00 +7.92962249e-03 +1.64937447e+07 -6.12427987e+05  -4.89071320e+04 +6.61357837e+03  -6.87425184e+07 +6.89951473e+05    -3.61689629e-01 +2.48496104e-01  -3.06573170e+01 +4.01578649e+03  -8.54494804e-02 -1.37863902e+00 
+6.10046760e-03 +0.00000000e+00 +5.17535458e-03 -2.67193422e+05 -9.42073993e+03  -5.06781260e+01 -3.81058846e+00  -2.18086039e+04 -2.01391702e+04    -5.14637128e-03 -6.67267195e-04  +8.12699858e+00 -5.58995128e+01  +7.64690464e-03 -4.76880460e-03 
+7.65100743e-03 +0.00000000e+00 -2.33711047e-03 -2.57190050e+04 -5.35796778e+03  -2.69831282e+01 +1.63807683e+00  +2.69262804e+04 +2.86595063e+03    +9.52272180e-04 +6.62069794e-03  +1.72737512e+00 -8.55890355e+00  +8.20694786e-04 +8.80537485e-03 
+2.16724631e-03 +0.00000000e+00 -7.70084693e-03 -2.72611792e+03 -8.67060179e+02  +9.65456282e-01 -6.01813116e-01  +1.91758622e+04 +4.20733853e+03    +1.04519660e-03 +4.78942079e-03  +2.75590586e-01 -1.24960646e+00  +2.66256440e-04 +5.92447968e-04 
-5.30907107e-03 +0.00000000e+00 -5.98446024e-03 +8.96453556e+03 +2.50973854e+03  -1.25534350e+01 +3.43367372e+00  +2.15873353e+04 +3.99937216e+03    +1.43105873e-03 +3.50990695e-03  -7.98046799e-01 +3.64327046e+00  -5.52220157e-04 -2.51902522e-03 
