# scuff-scatter run on pekka-pc (09/25/15::22:39:16)
# columns: 
# 1,2,3   x,y,z (evaluation point coordinates)
# 4,5     real, imag Ex
# 6,7     real, imag Ey
# 8,9     real, imag Ez
# 10,11   real, imag Hx
# 12,13   real, imag Hy
# 14,15   real, imag Hz
+0.00000000e+00 +0.00000000e+00 +8.00000000e-03 -7.85049163e+04 -3.33913569e+02  -3.99592451e+04 -4.70718887e+02  +9.83769820e+03 +3.84937416e+05    -1.16303623e-02 -1.98539878e+00  +7.46752976e-02 +1.93645270e+00  +2.31057873e-04 +3.97372574e-02 
+6.73176788e-03 +0.00000000e+00 +4.32241845e-03 -1.02647667e+04 -2.63903132e+03  -2.18974610e+02 -8.78192841e+00  -1.78855604e+04 -4.96594533e+03    +1.31428018e-04 -4.72559024e-03  +2.87859726e+00 -1.01015447e+01  -7.10565087e-05 +1.67688456e-02 
+7.27437941e-03 +0.00000000e+00 -3.32917469e-03 -8.04580895e+03 -2.35866422e+03  +2.42371595e+00 +1.69632914e+00  +3.68566994e+03 +1.07370408e+03    +5.31067463e-04 -1.20485727e-03  +8.27552209e-01 -2.73829863e+00  +2.69586508e-04 +1.19116796e-03 
+1.12896006e-03 +0.00000000e+00 -7.91993997e-03 -1.02819735e+03 -3.18997869e+02  -8.66207021e+00 -9.83721277e-01  +7.46464428e+03 +2.32968145e+03    +1.26433691e-04 +3.84964923e-04  +8.71739544e-02 -2.80050602e-01  +6.39269707e-05 -1.02494591e-03 
-6.05441996e-03 +0.00000000e+00 -5.22914897e-03 +6.13530242e+03 +1.84172243e+03  +2.06771043e+01 +3.42533139e+00  +5.46209650e+03 +1.63773502e+03    +4.86497871e-04 -5.72397027e-03  -5.78706489e-01 +1.88771393e+00  -1.33370118e-04 +1.46474650e-03 
-7.67139420e-03 +0.00000000e+00 +2.26929748e-03 +1.20038660e+04 +3.24804251e+03  +1.22627557e+02 +8.75478708e+00  -6.90074092e+03 -1.93450262e+03    +9.93920739e-04 -1.15381639e-02  -1.93796255e+00 +6.69632523e+00  -3.51911213e-04 +1.53716531e-02 
-2.23532399e-03 +0.00000000e+00 +7.68136229e-03 -5.32540905e+05 -1.17209789e+05  +3.32389209e+04 +7.56712110e+02  -1.01897676e+03 +1.14467233e+04    +1.61874280e-02 +2.25791989e-01  -1.18638118e+01 +4.69451429e+01  -1.19491889e-01 +4.54866383e+00 
+5.25589279e-03 +0.00000000e+00 +6.03121803e-03 +8.55576520e+03 +2.61511381e+03  -1.25424260e+02 +8.89282688e-01  -4.40153787e+04 -1.15481508e+04    -5.35888002e-03 +1.83604005e-01  +4.68425258e+00 -1.66338181e+01  -7.03695704e-03 +2.07408003e-01 
+7.91486597e-03 +0.00000000e+00 -1.16400027e-03 -9.96680144e+03 -2.83186233e+03  +2.23768681e-01 +3.55863070e+00  +9.93946752e+02 +2.66232664e+02    +7.83985486e-04 -4.33889412e-03  +1.14977658e+00 -3.85836054e+00  +5.76203925e-04 +2.21425189e-03 
+3.29694788e-03 +0.00000000e+00 -7.28904210e-03 -3.07623038e+03 -9.47791581e+02  -3.18305432e+01 -3.31896265e+00  +7.01788345e+03 +2.16983824e+03    +4.96854286e-05 +2.53396897e-03  +2.67689092e-01 -8.62924170e-01  +1.84531613e-05 -1.60056181e-04 
-4.35216889e-03 +0.00000000e+00 -6.71257223e-03 +4.12004003e+03 +1.26588903e+03  +2.63269455e+01 +3.50344030e+00  +6.62180674e+03 +2.02676544e+03    +3.89737702e-04 -3.76607433e-03  -3.69628230e-01 +1.19326034e+00  +3.31293062e-05 -1.02254458e-03 
-7.99992165e-03 +0.00000000e+00 +3.54055839e-05 +1.09327564e+04 +3.03962595e+03  +2.07578702e+01 +1.22551149e+00  -9.97493909e+02 -3.18410684e+02    +1.94446226e-04 -4.57085795e-05  -1.37085006e+00 +4.65658706e+00  -4.32381801e-04 +1.43179685e-02 
-4.29258334e-03 +0.00000000e+00 +6.75083167e-03 -4.69028009e+04 -1.34352055e+04  +1.62728520e+03 +2.48860725e+01  -6.45303383e+04 -1.74142857e+04    -2.10305628e-02 +9.16849587e-01  -6.40356466e+00 +2.32885121e+01  -1.55750737e-03 +6.58115468e-02 
+3.36133629e-03 +0.00000000e+00 +7.25957425e-03 +1.46593483e+05 +3.90405785e+04  -3.14305810e+02 +8.96768337e+00  -6.92541849e+04 -2.09955283e+04    -2.74486423e-03 +1.46222151e-01  +8.65462075e+00 -3.16359513e+01  +1.83356758e-03 +5.85219738e-02 
+7.92485885e-03 +0.00000000e+00 +1.09389775e-03 -1.15373517e+04 -3.18737922e+03  -3.13890048e+01 +8.53923011e-01  -3.34077459e+03 -9.65487113e+02    +2.54025159e-04 +2.14591217e-03  +1.60427081e+00 -5.48680828e+00  +2.72890097e-04 +8.60485889e-03 
+5.20230272e-03 +0.00000000e+00 -6.07750330e-03 -5.05804347e+03 -1.53903413e+03  -8.95345947e+00 +2.51330625e+00  +6.15484224e+03 +1.86725400e+03    +4.54368595e-04 +1.26705760e-03  +4.62902529e-01 -1.50418644e+00  +3.29014197e-04 -1.44319133e-03 
-2.30322653e-03 +0.00000000e+00 -7.66127584e-03 +2.11410875e+03 +6.57328166e+02  +8.36680938e+00 +1.11928909e+00  +7.28521158e+03 +2.26580991e+03    +2.06078809e-04 -1.19784332e-03  -1.82943025e-01 +5.86169905e-01  -3.81628054e-05 +3.51990414e-04 
-7.69117994e-03 +0.00000000e+00 -2.20130670e-03 +9.06870687e+03 +2.61818656e+03  -1.97861963e+01 -1.93205878e+00  +2.39328857e+03 +6.83211429e+02    +1.59350616e-05 +1.20755464e-03  -9.87909373e-01 +3.29329446e+00  -4.74115675e-05 +4.27518226e-03 
-6.00789797e-03 +0.00000000e+00 +5.28253367e-03 +4.66263583e+03 +9.61581648e+02  +3.84096488e+02 +1.25331233e+01  -2.89887772e+04 -7.82709841e+03    +1.31245969e-03 +1.85492187e-02  -3.68210462e+00 +1.31075510e+01  -4.10093514e-03 +1.30589615e-01 
+1.19901768e-03 +0.00000000e+00 +7.90963695e-03 +4.11374976e+05 +1.93265203e+05  -1.01915283e+04 +2.32356973e+01  +9.77598181e+05 +1.82974960e+05    -4.10810981e-03 -7.11037895e-01  +1.15393931e+01 -2.82640144e+01  +8.86149748e-03 +6.76068049e-01 
+7.30356201e-03 +0.00000000e+00 +3.26465649e-03 -1.20626252e+04 -3.14822564e+03  -7.49093374e+01 -5.75527816e+00  -1.12559926e+04 -3.08526931e+03    +4.08854703e-04 -7.47913134e-03  +2.31444552e+00 -8.11830080e+00  +1.85672201e-04 +6.73036414e-03 
+6.69324511e-03 +0.00000000e+00 -4.38183408e-03 -7.05256343e+03 -2.08904425e+03  +1.12851809e+01 +3.12909960e+00  +4.70903902e+03 +1.39382746e+03    +6.00560648e-04 -1.28136924e-03  +6.88635231e-01 -2.26716939e+00  +1.90178380e-04 +2.91682752e-03 
-7.08104743e-05 +0.00000000e+00 -7.99968661e-03 +7.56889923e+01 +2.28406544e+01  +1.28833775e+01 +1.97721497e+00  +7.53627425e+03 +2.34706761e+03    +2.51920395e-04 -1.17648903e-03  -6.18562135e-03 +1.91338515e-02  +8.53086263e-06 -2.92381359e-04 
-6.76976323e-03 +0.00000000e+00 -4.26266416e-03 +7.18350171e+03 +2.12512958e+03  -5.43057840e+00 -9.15901398e-01  +4.60142451e+03 +1.35752927e+03    +2.26710967e-04 -3.29430870e-03  -7.04991451e-01 +2.31718339e+00  -9.32736571e-05 +2.14380287e-03 
-7.24462690e-03 +0.00000000e+00 +3.39343206e-03 +1.19183932e+04 +3.11958268e+03  +1.23069783e+02 +8.04342066e+00  -1.18410457e+04 -3.28822205e+03    +1.21083558e-03 -6.67426973e-03  -2.37353661e+00 +8.30383640e+00  -1.29154620e-03 +3.89174209e-02 
-1.05881400e-03 +0.00000000e+00 +7.92962249e-03 -1.28882238e+05 -1.87454109e+05  -1.81252088e+04 +1.38832389e+03  +8.56162355e+05 +2.18987191e+05    -8.55972012e-02 +2.16144905e+00  -1.06947273e+01 +2.08715332e+01  -2.23627319e-02 -1.06287965e+00 
+6.10046760e-03 +0.00000000e+00 +5.17535458e-03 -5.78451522e+03 -1.30652449e+03  -1.68834060e+02 -1.16068044e+01  -2.73916910e+04 -7.43522336e+03    -1.35460685e-03 +2.62915515e-02  +3.56937870e+00 -1.26552164e+01  +9.29537322e-04 -3.54878929e-02 
+7.65100743e-03 +0.00000000e+00 -2.33711047e-03 -8.95033552e+03 -2.58831426e+03  -1.44693758e+00 +2.51554807e+00  +2.53820984e+03 +7.34688759e+02    +5.42659927e-04 +1.05540680e-03  +9.66747581e-01 -3.21932075e+00  +1.23640702e-04 +5.45367724e-03 
+2.16724631e-03 +0.00000000e+00 -7.70084693e-03 -1.99490654e+03 -6.18767755e+02  -2.54749264e+01 -3.16814905e+00  +7.29082084e+03 +2.27271816e+03    +5.19872733e-05 +1.32565192e-03  +1.70696206e-01 -5.48538275e-01  +3.92289057e-05 -5.15973326e-04 
-5.30907107e-03 +0.00000000e+00 -5.98446024e-03 +5.17021944e+03 +1.57451944e+03  +3.53722294e+01 +4.73901669e+00  +6.07041608e+03 +1.84185660e+03    +4.42155559e-04 -4.14634346e-03  -4.76762479e-01 +1.54590346e+00  +8.06898610e-06 -8.69594532e-04 
