# scuff-scatter run on pekka-pc (09/25/15::22:31:15)
# columns: 
# 1,2,3   x,y,z (evaluation point coordinates)
# 4,5     real, imag Ex
# 6,7     real, imag Ey
# 8,9     real, imag Ez
# 10,11   real, imag Hx
# 12,13   real, imag Hy
# 14,15   real, imag Hz
+0.00000000e+00 +0.00000000e+00 +8.00000000e-03 -1.12283134e+05 -1.18380749e+03  -8.48169332e+04 -1.53815005e+03  +1.90720567e+07 +4.44702030e+05    +4.26687745e-02 -1.83634821e+00  +2.49745466e-03 -7.89970595e-02  -1.10805846e-04 +3.24676846e-02 
+6.73176788e-03 +0.00000000e+00 +4.32241845e-03 -1.17735486e+04 +6.15710255e+03  -6.75197401e+02 +3.61230484e+00  -3.81155560e+05 -1.13266262e+04    -1.32600443e-03 +4.10123224e-03  +4.26705785e+00 -1.22309019e+02  -5.75364042e-04 +4.70996001e-02 
+7.27437941e-03 +0.00000000e+00 -3.32917469e-03 -2.39375798e+05 -1.05259235e+04  +3.58512489e+02 +2.14767204e+01  +4.52095299e+04 +3.94289851e+02    +1.63861526e-03 -2.87565765e-02  +2.13137881e+00 -4.55784229e+01  +1.45081592e-03 -2.16242240e-02 
+1.12896006e-03 +0.00000000e+00 -7.91993997e-03 -4.18726578e+04 -2.30856312e+03  -2.79184714e+02 -1.82620678e+01  +2.52918852e+05 +1.29603213e+04    -1.10603739e-03 +1.66998154e-02  +2.69283781e-01 -5.23119916e+00  -2.87319260e-05 -4.47360254e-04 
-6.05441996e-03 +0.00000000e+00 -5.22914897e-03 +2.11904968e+05 +1.04412025e+04  +7.58500844e+02 +4.61200629e+01  +1.30548808e+05 +5.18085691e+03    +6.19777762e-04 -1.51091770e-02  -1.60683081e+00 +3.29581126e+01  +1.37152865e-04 -3.50060802e-03 
-7.67139420e-03 +0.00000000e+00 +2.26929748e-03 +1.59627248e+05 +1.62216976e+03  +6.76502954e+02 +7.95647178e+00  -2.26756580e+05 -9.45045259e+03    +2.26402024e-03 -5.86474936e-02  -3.53288845e+00 +9.07076039e+01  +3.51758508e-03 -4.34747263e-02 
-2.23532399e-03 +0.00000000e+00 +7.68136229e-03 -6.65203652e+06 -1.50254478e+05  +4.96370141e+04 -1.41767525e+02  +1.16785335e+06 +4.61921452e+04    +5.51944573e-02 -1.27209630e+00  -8.61467297e+00 +3.67968063e+02  -5.45276739e-02 +5.35088259e+00 
+5.25589279e-03 +0.00000000e+00 +6.03121803e-03 +4.32564524e+05 +2.06101610e+04  -1.18655929e+03 -4.45830793e+01  -6.45996306e+05 -1.25874991e+04    -2.62537913e-03 +2.01024075e-01  +5.36219590e+00 -1.76669703e+02  -1.08572340e-02 +4.36003949e-01 
+7.91486597e-03 +0.00000000e+00 -1.16400027e-03 -2.39317125e+05 -8.64733076e+03  +6.34690824e+02 +3.33854977e+01  -5.20841611e+04 -4.16285528e+03    +1.78145668e-03 -3.51271748e-02  +2.65663301e+00 -6.02002379e+01  +2.40771613e-03 -3.56657287e-02 
+3.29694788e-03 +0.00000000e+00 -7.28904210e-03 -1.21318731e+05 -6.54385746e+03  -8.68622506e+02 -5.64641625e+01  +2.22509090e+05 +1.09375717e+04    -1.39532287e-03 +2.13148955e-02  +8.06421116e-01 -1.58552199e+01  -4.68106566e-04 +6.10428810e-03 
-4.35216889e-03 +0.00000000e+00 -6.71257223e-03 +1.57270780e+05 +8.28515317e+03  +6.51395644e+02 +3.77571831e+01  +1.96533914e+05 +9.25110837e+03    +1.39886704e-04 -5.82381372e-03  -1.08319204e+00 +2.15688296e+01  +5.18023793e-04 -1.00441562e-02 
-7.99992165e-03 +0.00000000e+00 +3.54055839e-05 +2.24120335e+05 +6.76908059e+03  -1.46468563e+01 -5.29552396e+00  -1.08474075e+05 -6.30378116e+03    -2.56974739e-04 +4.02323727e-04  -2.94257568e+00 +6.92989747e+01  +2.30168058e-03 -2.82984773e-02 
-4.29258334e-03 +0.00000000e+00 +6.75083167e-03 -1.10076486e+06 -3.71613638e+04  -1.25754123e+03 -1.59481368e+02  -8.32995634e+05 -1.21272501e+04    +1.56664644e-03 +7.27176143e-01  -6.25309216e+00 +2.24917937e+02  +9.54639817e-03 -1.54314880e-01 
+3.36133629e-03 +0.00000000e+00 +7.25957425e-03 +2.53432696e+06 +6.88200465e+04  -2.39479754e+03 -1.15036128e+02  -8.21482183e+05 -5.98763829e+03    +8.80938107e-03 -8.33867154e-02  +7.33277665e+00 -2.85644144e+02  -4.90169379e-03 +1.08650125e-01 
+7.92485885e-03 +0.00000000e+00 +1.09389775e-03 -2.01135984e+05 -4.63170725e+03  +2.66571978e+02 +1.82714136e+01  -1.61431259e+05 -7.93017745e+03    +1.31262192e-04 -3.55001399e-03  +3.21377045e+00 -7.85553350e+01  +1.55183190e-03 -1.19725857e-02 
+5.20230272e-03 +0.00000000e+00 -6.07750330e-03 -1.85117440e+05 -9.48490324e+03  +5.09379479e+02 +3.01350403e+01  +1.68394150e+05 +7.47053543e+03    +1.73835518e-03 -2.76886495e-02  +1.33277554e+00 -2.68408017e+01  +1.13128894e-03 -1.98856248e-02 
-2.30322653e-03 +0.00000000e+00 -7.66127584e-03 +8.54504588e+04 +4.67087110e+03  +1.70292409e+02 +9.80151889e+00  +2.40910939e+05 +1.21576115e+04    -6.26405473e-04 +8.73188492e-03  -5.52446820e-01 +1.08138922e+01  +1.95210256e-04 -3.11624908e-03 
-7.69117994e-03 +0.00000000e+00 -2.20130670e-03 +2.43414732e+05 +9.79462064e+03  -5.07202326e+02 -2.82851867e+01  -4.30924769e+03 -2.04257362e+03    -1.32740287e-03 +2.21869241e-02  -2.40328693e+00 +5.29392945e+01  +2.30808854e-03 -3.72721522e-02 
-6.00789797e-03 +0.00000000e+00 +5.28253367e-03 -1.55314537e+05 -1.22230901e+04  +8.46596474e+02 +2.05953038e+00  -5.03736123e+05 -1.21375314e+04    +5.10707598e-03 -1.12704272e-01  -4.77600414e+00 +1.47052017e+02  +1.17936195e-03 +9.66872576e-02 
+1.19901768e-03 +0.00000000e+00 +7.90963695e-03 +9.84267849e+06 +2.14923886e+05  -9.84915581e+03 -3.93253536e+01  +1.05285756e+07 +2.36927089e+05    +2.05258851e-02 -7.58095245e-01  +7.54574463e+00 -3.32769628e+02  +1.06823554e-03 +2.20869528e-01 
+7.30356201e-03 +0.00000000e+00 +3.26465649e-03 -1.04312115e+05 +1.69095535e+03  -2.92702577e+02 +7.60791682e+00  -2.92429137e+05 -1.05176972e+04    -7.71107438e-04 -3.72300297e-03  +3.85814659e+00 -1.03950676e+02  +7.14358401e-04 +7.21053164e-03 
+6.69324511e-03 +0.00000000e+00 -4.38183408e-03 -2.28106086e+05 -1.07332552e+04  +7.44336220e+02 +4.57996267e+01  +9.13567630e+04 +2.89922789e+03    +2.40086391e-03 -4.01482026e-02  +1.85674955e+00 -3.87456700e+01  +1.63281722e-03 -2.19224900e-02 
-7.08104743e-05 +0.00000000e+00 -7.99968661e-03 +3.20785582e+03 +1.81425613e+02  +3.85195703e+02 +2.36886333e+01  +2.55914781e+05 +1.31592164e+04    -3.86990331e-04 +4.95590847e-03  -1.69756693e-02 +3.37069065e-01  +4.64359812e-05 -1.01847015e-03 
-6.76976323e-03 +0.00000000e+00 -4.26266416e-03 +2.30749906e+05 +1.07963763e+04  -9.20605091e+01 -1.51585783e+00  +8.64615429e+04 +2.63571968e+03    -6.05140852e-04 +6.81873382e-03  -1.88450228e+00 +3.94652298e+01  +7.27692927e-04 -1.39053281e-02 
-7.24462690e-03 +0.00000000e+00 +3.39343206e-03 +9.80872126e+04 -2.03148660e+03  +4.35189333e+02 -4.16942206e+00  -3.01629384e+05 -1.05805806e+04    +3.33504005e-03 -7.39131684e-02  -3.89437722e+00 +1.05730514e+02  +2.85187983e-03 -1.06830746e-02 
-1.05881400e-03 +0.00000000e+00 +7.92962249e-03 -9.23454307e+06 -2.06510130e+05  +5.88872899e+03 -4.73993873e+02  +1.20967561e+07 +2.73673515e+05    +1.73128313e-02 +1.97097727e+00  -6.98071792e+00 +3.05187215e+02  -2.93021446e-03 -1.98633260e-01 
+6.10046760e-03 +0.00000000e+00 +5.17535458e-03 +1.27408617e+05 +1.13739336e+04  -1.15593628e+03 -1.76959835e+01  -4.87633667e+05 -1.20051375e+04    -2.17175931e-03 +4.26817719e-02  +4.71317456e+00 -1.43760188e+02  -1.35927179e-03 +1.51194042e-02 
+7.65100743e-03 +0.00000000e+00 -2.33711047e-03 -2.43192998e+05 -9.89345953e+03  +3.60809107e+02 +1.76596348e+01  +1.51431217e+03 -1.77495077e+03    +1.50846085e-03 -2.39684364e-02  +2.37511612e+00 -5.20870264e+01  +1.07466669e-03 -1.27683552e-02 
+2.16724631e-03 +0.00000000e+00 -7.70084693e-03 -8.08921670e+04 -4.43503194e+03  -7.70151306e+02 -4.90257827e+01  +2.42012522e+05 +1.22326144e+04    -1.59985403e-03 +2.43080863e-02  +5.22415876e-01 -1.01897898e+01  -2.67935862e-04 +3.59043223e-03 
-5.30907107e-03 +0.00000000e+00 -5.98446024e-03 +1.88381473e+05 +9.61339707e+03  +9.13508582e+02 +5.28926935e+01  +1.64367672e+05 +7.22638629e+03    +5.25135222e-04 -1.19920681e-02  -1.36112342e+00 +2.74930356e+01  +4.52545853e-04 -9.34342100e-03 
