# scuff-scatter run on pekka-pc (09/25/15::22:25:19)
# columns: 
# 1,2,3   x,y,z (evaluation point coordinates)
# 4,5     real, imag Ex
# 6,7     real, imag Ey
# 8,9     real, imag Ez
# 10,11   real, imag Hx
# 12,13   real, imag Hy
# 14,15   real, imag Hz
+0.00000000e+00 +0.00000000e+00 +8.00000000e-03 -nan -nan  -nan -nan  -nan -nan    -nan -nan  -nan -nan  -nan -nan 
+6.73176788e-03 +0.00000000e+00 +4.32241845e-03 -2.76598421e+05 +1.79142467e+02  -6.15975335e+02 -1.27538629e+00  -3.10966434e+05 -1.12626893e+03    -5.31501594e-05 -1.60148193e-03  +1.56797596e-01 -5.04154830e+01  -2.95154815e-05 +1.44263137e-02 
+7.27437941e-03 +0.00000000e+00 -3.32917469e-03 -1.83913823e+05 -7.98087366e+02  +1.72634168e+02 +1.33415038e+00  +7.36924725e+04 +1.20385006e+02    +4.06388466e-05 -6.19075712e-03  +6.46866267e-02 -1.43240590e+01  +3.11224822e-05 -3.98909309e-03 
+1.12896006e-03 +0.00000000e+00 -7.91993997e-03 -2.59098981e+04 -1.49535910e+02  -1.27211724e+02 -1.05617387e+00  +1.76834167e+05 +8.92083845e+02    -3.13885533e-05 +2.87152702e-03  +7.67423816e-03 -1.51135603e+00  +5.88885730e-07 -3.14035677e-04 
-6.05441996e-03 +0.00000000e+00 -5.22914897e-03 +1.46253443e+05 +7.31489552e+02  +3.65154491e+02 +2.79696952e+00  +1.18639857e+05 +4.30994790e+02    +1.38331039e-05 -4.23947746e-03  -4.74253184e-02 +9.98331772e+00  +1.07354377e-05 -5.54731230e-04 
-7.67139420e-03 +0.00000000e+00 +2.26929748e-03 +2.59003504e+05 +3.79965691e+02  +5.37178376e+02 +1.63300893e+00  -1.26598537e+05 -7.48139667e+02    +7.81109218e-05 -1.51491797e-02  -1.20878203e-01 +3.36164655e+01  +1.01663760e-04 -5.07404133e-03 
-2.23532399e-03 +0.00000000e+00 +7.68136229e-03 -2.00487991e+06 -1.72640892e+04  +4.95100416e+04 +1.89559585e+01  -5.80520600e+06 +4.03131199e+03    +2.18911261e-03 -2.89290945e-01  -4.03536404e-01 +3.42458179e+02  -2.85617578e-03 +1.93198556e+00 
+5.25589279e-03 +0.00000000e+00 +6.03121803e-03 -2.08802851e+05 +1.56421906e+03  -6.95006210e+02 -4.36494837e+00  -7.69715105e+05 -1.65931093e+03    -2.30375081e-04 +7.34956817e-02  +2.15308273e-01 -8.49080967e+01  -6.01384512e-04 +1.32896059e-01 
+7.91486597e-03 +0.00000000e+00 -1.16400027e-03 -2.17445725e+05 -7.52014482e+02  +3.25443471e+02 +2.36413654e+00  +1.48013422e+04 -2.16056736e+02    +5.24265329e-05 -8.25153359e-03  +8.37739967e-02 -1.99177872e+01  +6.30242660e-05 -6.62847130e-03 
+3.29694788e-03 +0.00000000e+00 -7.28904210e-03 -7.66844017e+04 -4.30394094e+02  -4.01365541e+02 -3.23057998e+00  +1.62928035e+05 +7.76006067e+02    -3.60879834e-05 +3.94818363e-03  +2.31561590e-02 -4.62700979e+00  -1.40131474e-05 +9.62533388e-04 
-4.35216889e-03 +0.00000000e+00 -6.71257223e-03 +1.01795965e+05 +5.53949151e+02  +3.27177706e+02 +2.34908246e+00  +1.50795441e+05 +6.77552553e+02    +9.70640275e-07 -2.12282945e-03  -3.13465745e-02 +6.36587964e+00  +1.71093897e-05 -2.11561198e-03 
-7.99992165e-03 +0.00000000e+00 +3.54055839e-05 +2.32934182e+05 +6.68196612e+02  +2.65389987e+01 -2.35557794e-01  -2.46593384e+04 -3.99636938e+02    -4.09906206e-06 -5.61767622e-04  -9.51373487e-02 +2.37277433e+01  +6.72981433e-05 -2.86093302e-03 
-4.29258334e-03 +0.00000000e+00 +6.75083167e-03 +5.05627360e+03 -3.41543492e+03  +3.38802785e+02 -1.30833429e+01  -1.34282834e+06 -1.95234971e+03    -2.52361037e-04 +3.02415971e-01  -2.64921687e-01 +1.22013444e+02  +2.11628413e-04 -2.34305218e-02 
+3.36133629e-03 +0.00000000e+00 +7.25957425e-03 +5.40040686e+05 +7.16748675e+03  -1.26063468e+03 -9.11055481e+00  -2.38157948e+06 -1.65632059e+03    +3.94863052e-04 +2.31613393e-03  +3.26255189e-01 -1.82391113e+02  -1.52052876e-04 +2.52168087e-02 
+7.92485885e-03 +0.00000000e+00 +1.09389775e-03 -2.46004053e+05 -5.58648828e+02  +1.07441192e+02 +1.13248816e+00  -6.66620791e+04 -5.62471392e+02    +7.77846673e-06 -9.51903994e-04  +1.06511018e-01 -2.78214333e+01  +2.25974012e-05 -3.50282856e-04 
+5.20230272e-03 +0.00000000e+00 -6.07750330e-03 -1.23076591e+05 -6.46675304e+02  +2.42988621e+02 +1.97163520e+00  +1.37367457e+05 +5.71632407e+02    +4.36624642e-05 -5.46867921e-03  +3.88777109e-02 -8.00056574e+00  +3.32415590e-05 -4.26929269e-03 
-2.30322653e-03 +0.00000000e+00 -7.66127584e-03 +5.32940241e+04 +3.04368032e+02  +8.76482808e+01 +5.97061302e-01  +1.71358589e+05 +8.46217551e+02    -2.05554716e-05 +1.16795165e-03  -1.58052508e-02 +3.14344353e+00  +6.27075670e-06 -5.08678905e-04 
-7.69117994e-03 +0.00000000e+00 -2.20130670e-03 +2.02314826e+05 +7.89953680e+02  -2.53074939e+02 -1.87210236e+00  +4.48227877e+04 -5.30924033e+01    -3.27974845e-05 +4.22799154e-03  -7.43594513e-02 +1.70796369e+01  +6.97938190e-05 -6.55637555e-03 
-6.00789797e-03 +0.00000000e+00 +5.28253367e-03 +2.63160736e+05 -7.25979360e+02  +7.76292116e+02 +1.02463592e+00  -4.96307096e+05 -1.38826255e+03    +2.50606693e-04 -2.52051107e-02  -1.83646986e-01 +6.52379645e+01  -4.67895926e-05 +4.39256398e-02 
+1.19901768e-03 +0.00000000e+00 +7.90963695e-03 -3.00584390e+06 +2.58133550e+04  -9.60330813e+03 -4.41787207e-01  -3.72160033e+07 +2.69842029e+04    +7.12102746e-04 -2.30424739e-01  +3.65998041e-01 -9.21708749e+02  +5.43272208e-05 +1.00742822e-01 
+7.30356201e-03 +0.00000000e+00 +3.26465649e-03 -2.68753715e+05 -1.58534783e+02  -2.99231801e+02 -5.10419843e-01  -1.97014454e+05 -9.19444493e+02    -7.60492764e-06 -3.48876167e-03  +1.36209319e-01 -4.02998422e+01  -3.40305386e-06 +3.85972328e-03 
+6.69324511e-03 +0.00000000e+00 -4.38183408e-03 -1.64570372e+05 -7.76336512e+02  +3.51808532e+02 +2.78809827e+00  +9.86449774e+04 +2.86733522e+02    +5.74689981e-05 -8.26950465e-03  +5.54481764e-02 -1.19139398e+01  +3.50640757e-05 -3.55105610e-03 
-7.08104743e-05 +0.00000000e+00 -7.99968661e-03 +1.89888914e+03 +1.15407529e+01  +1.86913469e+02 +1.40812868e+00  +1.78219049e+05 +9.03422388e+02    -1.25246092e-05 +4.32348077e-04  -4.84415053e-04 +9.81441306e-02  +2.41193879e-06 -2.53668002e-04 
-6.76976323e-03 +0.00000000e+00 -4.26266416e-03 +1.67349613e+05 +7.83976424e+02  -6.41217485e+01 -3.16807466e-01  +9.59904568e+04 +2.69164850e+02    -1.79713834e-05 +4.67259893e-04  -5.63896628e-02 +1.21741201e+01  +3.08949747e-05 -2.58842037e-03 
-7.24462690e-03 +0.00000000e+00 +3.39343206e-03 +2.71248672e+05 +1.35336998e+02  +4.13909770e+02 +7.01444870e-01  -2.08267886e+05 -9.40727634e+02    +1.20244346e-04 -1.76161969e-02  -1.38151343e-01 +4.12938244e+01  +8.43746557e-05 +5.83308417e-03 
-1.05881400e-03 +0.00000000e+00 +7.92962249e-03 +6.44768690e+06 -2.48692819e+04  +8.17208522e+03 +1.06758536e+01  -5.68111565e+07 +3.15229739e+04    -4.73521688e-05 +8.54257069e-01  -3.38758775e-01 +1.14662613e+03  -2.90134398e-04 -1.05227343e-01 
+6.10046760e-03 +0.00000000e+00 +5.17535458e-03 -2.68563466e+05 +6.39890027e+02  -8.72635565e+02 -3.22673690e+00  -4.69740092e+05 -1.35521485e+03    -2.01824536e-04 +1.23348174e-02  +1.80211964e-01 -6.31600060e+01  -1.07817751e-04 -7.25885856e-04 
+7.65100743e-03 +0.00000000e+00 -2.33711047e-03 -2.00155878e+05 -7.91926578e+02  +1.93525679e+02 +1.32098250e+00  +4.83858537e+04 -3.31095547e+01    +4.20245884e-05 -4.85056528e-03  +7.32932193e-02 -1.67395203e+01  +1.78304496e-05 -1.60697170e-03 
+2.16724631e-03 +0.00000000e+00 -7.70084693e-03 -5.02923938e+04 -2.88424510e+02  -3.60556428e+02 -2.87103526e+00  +1.71858397e+05 +8.50462864e+02    -4.29926518e-05 +4.39265794e-03  +1.49239521e-02 -2.95303351e+00  -7.23515230e-06 +5.19169824e-04 
-5.30907107e-03 +0.00000000e+00 -5.98446024e-03 +1.25765077e+05 +6.57231038e+02  +4.57213895e+02 +3.30541339e+00  +1.35374498e+05 +5.56737525e+02    +1.06680201e-05 -3.33923860e-03  -3.97664456e-02 +8.21750391e+00  +1.76007018e-05 -1.99011413e-03 
