# scuff-scatter run on pekka-pc (09/25/15::22:26:03)
# columns: 
# 1,2,3   x,y,z (evaluation point coordinates)
# 4,5     real, imag Ex
# 6,7     real, imag Ey
# 8,9     real, imag Ez
# 10,11   real, imag Hx
# 12,13   real, imag Hy
# 14,15   real, imag Hz
+0.00000000e+00 +0.00000000e+00 +8.00000000e-03 -1.00116489e+05 -1.47561271e+02  -6.89216712e+04 -1.94157970e+02  +1.40632591e+07 +6.72049772e+04    +2.28971295e-03 -7.01741365e-01  +1.14952075e-03 +1.39072085e-02  -6.79655244e-06 +1.48831610e-02 
+6.73176788e-03 +0.00000000e+00 +4.32241845e-03 -5.30023336e+04 +2.61851707e+02  -6.21516818e+02 -1.55675091e+00  -2.61684407e+05 -1.45912275e+03    -6.41108588e-05 -1.81073667e-03  +2.40186974e-01 -3.94741106e+01  -5.51108535e-05 +1.73676687e-02 
+7.27437941e-03 +0.00000000e+00 -3.32917469e-03 -1.43230208e+05 -1.04733513e+03  +1.78992489e+02 +1.76511259e+00  +3.74059020e+04 +1.41625722e+02    +6.49615084e-05 -7.55149333e-03  +1.00153448e-01 -1.30929150e+01  +4.85697369e-05 -4.89983066e-03 
+1.12896006e-03 +0.00000000e+00 -7.91993997e-03 -2.24854399e+04 -1.98931784e+02  -1.32282958e+02 -1.41016933e+00  +1.42100755e+05 +1.17293293e+03    -4.85422110e-05 +3.56022064e-03  +1.19279825e-02 -1.43772579e+00  +3.83208919e-07 -3.67301690e-04 
-6.05441996e-03 +0.00000000e+00 -5.22914897e-03 +1.20416564e+05 +9.66137403e+02  +3.78562128e+02 +3.71552232e+00  +8.22605291e+04 +5.54378373e+02    +2.20975530e-05 -5.09554895e-03  -7.35566600e-02 +9.29447447e+00  +1.53113046e-05 -7.03612946e-04 
-7.67139420e-03 +0.00000000e+00 +2.26929748e-03 +1.30285504e+05 +4.73793239e+02  +5.44643063e+02 +2.05784558e+00  -1.37101219e+05 -9.85428544e+02    +1.18701763e-04 -1.83249803e-02  -1.85870290e-01 +2.81086206e+01  +1.58407327e-04 -6.52653464e-03 
-2.23532399e-03 +0.00000000e+00 +7.68136229e-03 -4.98182540e+06 -2.21001866e+04  +4.95925910e+04 +2.21568477e+01  +7.13320251e+05 +5.23172141e+03    +3.31623912e-03 -3.53307030e-01  -6.10912733e-01 +1.33945218e+02  -4.33168895e-03 +2.29977502e+00 
+5.25589279e-03 +0.00000000e+00 +6.03121803e-03 +2.42329312e+05 +2.05119558e+03  -7.14979570e+02 -5.64296288e+00  -4.93551510e+05 -2.11787911e+03    -2.88424890e-04 +8.73847350e-02  +3.28331296e-01 -5.97300184e+01  -8.46835089e-04 +1.59485832e-01 
+7.91486597e-03 +0.00000000e+00 -1.16400027e-03 -1.54454464e+05 -9.77194589e+02  +3.36599249e+02 +3.10106539e+00  -1.86400072e+04 -3.00555041e+02    +8.29330580e-05 -1.00257071e-02  +1.29412427e-01 -1.77319497e+01  +9.63852711e-05 -8.14852208e-03 
+3.29694788e-03 +0.00000000e+00 -7.28904210e-03 -6.58947365e+04 -5.71693156e+02  -4.16910765e+02 -4.31485783e+00  +1.27660213e+05 +1.01670248e+03    -5.67283797e-05 +4.86402435e-03  +3.59749746e-02 -4.38361092e+00  -2.15121559e-05 +1.20030404e-03 
-4.35216889e-03 +0.00000000e+00 -6.71257223e-03 +8.64747038e+04 +7.34710667e+02  +3.38468406e+02 +3.12280055e+00  +1.15125431e+05 +8.84403536e+02    +2.13725272e-06 -2.52174503e-03  -4.86790877e-02 +6.00093360e+00  +2.62526850e-05 -2.59157896e-03 
-7.99992165e-03 +0.00000000e+00 +3.54055839e-05 +1.53051302e+05 +8.61476860e+02  +2.54361316e+01 -3.18958165e-01  -5.40737140e+04 -5.39159221e+02    -7.84608347e-06 -6.40422264e-04  -1.46757077e-01 +2.07463101e+01  +1.03356629e-04 -3.74790357e-03 
-4.29258334e-03 +0.00000000e+00 +6.75083167e-03 -7.27861436e+05 -4.42396745e+03  +2.78478389e+02 -1.70702786e+01  -6.69863122e+05 -2.47218299e+03    -3.14174963e-04 +3.57901628e-01  -4.02944107e-01 +7.81074563e+01  +3.85600267e-04 -2.95225981e-02 
+3.36133629e-03 +0.00000000e+00 +7.25957425e-03 +1.80337637e+06 +9.22021383e+03  -1.30278060e+03 -1.19004308e+01  -7.08501470e+05 -2.06854056e+03    +5.61196257e-04 +1.06581589e-03  +4.95038667e-01 -1.01444875e+02  -2.42991637e-04 +3.06685479e-02 
+7.92485885e-03 +0.00000000e+00 +1.09389775e-03 -1.46741469e+05 -7.12780122e+02  +1.12778007e+02 +1.49276928e+00  -8.97543841e+04 -7.48811733e+02    +1.18521125e-05 -1.15667816e-03  +1.64068911e-01 -2.38729478e+01  +3.76228057e-05 -5.57178027e-04 
+5.20230272e-03 +0.00000000e+00 -6.07750330e-03 -1.03213308e+05 -8.56195145e+02  +2.52366697e+02 +2.60829538e+00  +1.01333436e+05 +7.42369839e+02    +6.83388327e-05 -6.70346917e-03  +6.03403092e-02 -7.50466018e+00  +4.97401341e-05 -5.20556624e-03 
-2.30322653e-03 +0.00000000e+00 -7.66127584e-03 +4.60934455e+04 +4.04659271e+02  +9.05331619e+01 +7.96195546e-01  +1.36408117e+05 +1.11114226e+03    -3.12193919e-05 +1.48327045e-03  -2.45630788e-02 +2.98519071e+00  +9.52227935e-06 -6.34650711e-04 
-7.69117994e-03 +0.00000000e+00 -2.20130670e-03 +1.51012334e+05 +1.03185416e+03  -2.61959729e+02 -2.46729807e+00  +9.52433340e+03 -8.70808103e+01    -5.34881254e-05 +5.20429413e-03  -1.14999496e-01 +1.54079656e+01  +1.07211192e-04 -8.12498638e-03 
-6.00789797e-03 +0.00000000e+00 +5.28253367e-03 -5.31599088e+04 -9.70823643e+02  +7.80785151e+02 +1.25914512e+00  -3.66775559e+05 -1.78410006e+03    +3.48775812e-04 -3.08059124e-02  -2.80653474e-01 +4.86448011e+01  -4.06290591e-05 +5.18461990e-02 
+1.19901768e-03 +0.00000000e+00 +7.90963695e-03 +7.40353445e+06 +3.29754609e+04  -9.60586223e+03 -7.68827623e-01  +7.90639495e+06 +3.45505891e+04    +1.09047619e-03 -2.76067995e-01  +5.53207004e-01 -1.21777527e+02  +1.07321739e-04 +1.18413427e-01 
+7.30356201e-03 +0.00000000e+00 +3.26465649e-03 -1.04080016e+05 -1.80800306e+02  -3.01397790e+02 -5.93991380e-01  -1.88014760e+05 -1.20143825e+03    -1.10156252e-05 -4.08757306e-03  +2.09088141e-01 -3.28052162e+01  -5.73244132e-06 +4.59681340e-03 
+6.69324511e-03 +0.00000000e+00 -4.38183408e-03 -1.32457684e+05 -1.02261916e+03  +3.65130093e+02 +3.69783424e+00  +6.21058908e+04 +3.62234739e+02    +9.19115313e-05 -1.01119186e-02  +8.59336649e-02 -1.10096003e+01  +5.47204836e-05 -4.40081172e-03 
-7.08104743e-05 +0.00000000e+00 -7.99968661e-03 +1.69645476e+03 +1.53629519e+01  +1.93698550e+02 +1.87952937e+00  +1.43540747e+05 +1.18824843e+03    -1.93014163e-05 +5.79676121e-04  -7.54011021e-04 +9.43467816e-02  +3.13775279e-06 -3.07148700e-04 
-6.76976323e-03 +0.00000000e+00 -4.26266416e-03 +1.34333093e+05 +1.03230861e+03  -6.55964517e+01 -4.04731338e-01  +5.94618235e+04 +3.38901118e+02    -2.81478242e-05 +6.50347762e-04  -8.73859012e-02 +1.12338609e+01  +4.53809132e-05 -3.20396403e-03 
-7.24462690e-03 +0.00000000e+00 +3.39343206e-03 +1.00872397e+05 +1.50107155e+02  +4.16992954e+02 +8.41202684e-01  -1.95755762e+05 -1.22785200e+03    +1.81254587e-04 -2.14077783e-02  -2.12016833e-01 +3.34640334e+01  +1.25232944e-04 +6.49996730e-03 
-1.05881400e-03 +0.00000000e+00 +7.92962249e-03 -6.88798798e+06 -3.17653805e+04  +8.21177072e+03 +9.65053940e+00  +9.05185156e+06 +4.03413270e+04    -3.00684435e-05 +1.01007608e+00  -5.12027264e-01 +1.11348127e+02  -4.26998992e-04 -1.22726070e-01 
+6.10046760e-03 +0.00000000e+00 +5.17535458e-03 +3.42738145e+04 +8.59886440e+02  -8.87140347e+02 -4.08154507e+00  -3.53000846e+05 -1.74299252e+03    -2.35792846e-04 +1.47720932e-02  +2.75487884e-01 -4.74027828e+01  -1.44229107e-04 -4.91171016e-04 
+7.65100743e-03 +0.00000000e+00 -2.33711047e-03 -1.50228328e+05 -1.03502289e+03  +1.99768612e+02 +1.73049901e+00  +1.29152959e+04 -6.08231108e+01    +6.59518753e-05 -5.94199829e-03  +1.13366397e-01 -1.51285180e+01  +2.84651196e-05 -2.02750153e-03 
+2.16724631e-03 +0.00000000e+00 -7.70084693e-03 -4.35574981e+04 -3.83511242e+02  -3.74358694e+02 -3.83141863e+00  +1.36927296e+05 +1.11689325e+03    -6.69947604e-05 +5.42230664e-03  +2.31930465e-02 -2.80641259e+00  -1.13462279e-05 +6.52453604e-04 
-5.30907107e-03 +0.00000000e+00 -5.98446024e-03 +1.05246234e+05 +8.69954774e+02  +4.73080480e+02 +4.38912245e+00  +9.92968299e+04 +7.22430690e+02    +1.73856722e-05 -4.01356506e-03  -6.17170647e-02 +7.69947265e+00  +2.63497620e-05 -2.43957297e-03 
