# scuff-scatter run on pekka-pc (09/25/15::22:23:15)
# columns: 
# 1,2,3   x,y,z (evaluation point coordinates)
# 4,5     real, imag Ex
# 6,7     real, imag Ey
# 8,9     real, imag Ez
# 10,11   real, imag Hx
# 12,13   real, imag Hy
# 14,15   real, imag Hz
+0.00000000e+00 +0.00000000e+00 +8.00000000e-03 -nan -nan  -nan -nan  -nan -nan    -nan -nan  -nan -nan  -nan -nan 
+6.73176788e-03 +0.00000000e+00 +4.32241845e-03 -2.78061884e+05 +5.77540810e+01  -6.06182118e+02 -5.96880134e-01  -3.02319943e+05 -4.89032244e+02    -3.97475936e-05 -8.51826063e-04  +3.29153348e-02 -2.45811651e+01  +9.54371507e-06 +6.98559251e-03 
+7.27437941e-03 +0.00000000e+00 -3.32917469e-03 -1.77516931e+05 -3.30129962e+02  +1.62234077e+02 +5.44945536e-01  +7.26454204e+04 +4.88558346e+01    +6.38429476e-06 -2.93285101e-03  +1.31140278e-02 -6.90091307e+00  +7.15622447e-06 -1.86700836e-03 
+1.12896006e-03 +0.00000000e+00 -7.91993997e-03 -2.47106728e+04 -6.01117073e+01  -1.18943322e+02 -4.22853426e-01  +1.69628261e+05 +3.56147697e+02    -7.14559967e-06 +1.32084963e-03  +1.53272501e-03 -7.24697620e-01  +8.10119087e-07 -1.59581287e-04 
-6.05441996e-03 +0.00000000e+00 -5.22914897e-03 +1.40386534e+05 +2.98602235e+02  +3.43231514e+02 +1.13204845e+00  +1.15115656e+05 +1.74098090e+02    +2.68058737e-06 -2.05914482e-03  -9.54644364e-03 +4.80009146e+00  +3.69478134e-06 -2.43772779e-04 
-7.67139420e-03 +0.00000000e+00 +2.26929748e-03 +2.56006101e+05 +1.72671849e+02  +5.24394818e+02 +7.27180115e-01  -1.20815400e+05 -3.18622496e+02    +1.91410597e-05 -7.27943986e-03  -2.50898769e-02 +1.63228156e+01  +1.99306144e-05 -2.17201488e-03 
-2.23532399e-03 +0.00000000e+00 +7.68136229e-03 -1.87038473e+06 -7.48206675e+03  +4.93534660e+04 +9.43257829e+00  -5.83757918e+06 +1.69376975e+03    +5.11682120e-04 -1.36615321e-01  -8.72049723e-02 +1.69645786e+02  -5.84651675e-04 +9.54072104e-01 
+5.25589279e-03 +0.00000000e+00 +6.03121803e-03 -2.21142834e+05 +6.48631469e+02  -6.61854592e+02 -1.86156516e+00  -7.57119509e+05 -7.34362427e+02    -1.39994865e-04 +3.63663161e-02  +4.57593363e-02 -4.15996407e+01  -2.29535377e-04 +6.47307214e-02 
+7.91486597e-03 +0.00000000e+00 -1.16400027e-03 -2.11433791e+05 -3.17219287e+02  +3.07096705e+02 +9.81858125e-01  +1.64271711e+04 -8.99597625e+01    +8.19278591e-06 -3.93304342e-03  +1.71241151e-02 -9.62109501e+00  +1.57032577e-05 -3.09743050e-03 
+3.29694788e-03 +0.00000000e+00 -7.28904210e-03 -7.32327207e+04 -1.73589313e+02  -3.76020151e+02 -1.29273171e+00  +1.56647806e+05 +3.10650882e+02    -7.35619998e-06 +1.83748574e-03  +4.63360628e-03 -2.22001617e+00  -3.20224582e-06 +4.38119703e-04 
-4.35216889e-03 +0.00000000e+00 -6.71257223e-03 +9.73523829e+04 +2.24136926e+02  +3.08656416e+02 +9.47859927e-01  +1.45301530e+05 +2.71927245e+02    -2.92441560e-07 -1.05163424e-03  -6.27830138e-03 +3.05631147e+00  +4.06082641e-06 -9.94363706e-04 
-7.99992165e-03 +0.00000000e+00 +3.54055839e-05 +2.27605952e+05 +2.86135382e+02  +2.82616030e+01 -9.24377698e-02  -2.15856712e+04 -1.67412391e+02    +1.20725492e-06 -2.99680122e-04  -1.95400207e-02 +1.14805885e+01  +1.61564097e-05 -1.17764409e-03 
-4.29258334e-03 +0.00000000e+00 +6.75083167e-03 +3.18378224e+04 -1.44937368e+03  +4.38095297e+02 -5.48605255e+00  -1.32812327e+06 -8.73722239e+02    -1.31449157e-04 +1.50797903e-01  -5.66489636e-02 +5.99598793e+01  -3.94470563e-05 -1.04244257e-02 
+3.36133629e-03 +0.00000000e+00 +7.25957425e-03 +4.84066185e+05 +3.07972413e+03  -1.19138237e+03 -3.81398919e+00  -2.36938209e+06 -7.59928613e+02    +1.51745664e-04 +2.32777448e-03  +7.02330421e-02 -8.99113361e+01  -1.89688274e-05 +1.20070494e-02 
+7.92485885e-03 +0.00000000e+00 +1.09389775e-03 -2.41565189e+05 -2.43867374e+02  +9.87449299e+01 +4.67012083e-01  -6.23152293e+04 -2.37358907e+02    +1.54152901e-06 -4.53503435e-04  +2.19829006e-02 -1.34822151e+01  +2.86991739e-06 -7.88426897e-05 
+5.20230272e-03 +0.00000000e+00 -6.07750330e-03 -1.17888980e+05 -2.62627897e+02  +2.27601014e+02 +8.03977440e-01  +1.32719570e+05 +2.30067346e+02    +9.02945132e-06 -2.56794652e-03  +7.80827488e-03 -3.84328115e+00  +9.57704548e-06 -2.02409791e-03 
-2.30322653e-03 +0.00000000e+00 -7.66127584e-03 +5.08531343e+04 +1.22518663e+02  +8.29087466e+01 +2.39098576e-01  +1.64518809e+05 +3.38213179e+02    -5.17726178e-06 +5.13466737e-04  -3.15545872e-03 +1.50787551e+00  +1.61026934e-06 -2.30965664e-04 
-7.69117994e-03 +0.00000000e+00 -2.20130670e-03 +1.95990066e+05 +3.29831803e+02  -2.38523871e+02 -7.70647100e-01  +4.51570385e+04 -2.22611828e+01    -3.69843748e-06 +1.96996522e-03  -1.51349312e-02 +8.23974116e+00  +1.62092811e-05 -3.01533379e-03 
-6.00789797e-03 +0.00000000e+00 +5.28253367e-03 +2.68938014e+05 -2.89519033e+02  +7.68460386e+02 +4.76979634e-01  -4.85710406e+05 -6.08955986e+02    +1.06122286e-04 -1.18855990e-02  -3.88115477e-02 +3.18876549e+01  -5.06047606e-05 +2.19934624e-02 
+1.19901768e-03 +0.00000000e+00 +7.90963695e-03 -3.20680682e+06 +1.12276306e+04  -9.60065370e+03 -7.82830420e-02  -3.74275217e+07 +1.16788136e+04    +1.58680522e-04 -1.12603492e-01  +7.93603751e-02 -4.59419415e+02  -3.14356793e-05 +5.08336124e-02 
+7.30356201e-03 +0.00000000e+00 +3.26465649e-03 -2.67528962e+05 -8.24299134e+01  -2.95184096e+02 -2.54855483e-01  -1.89924507e+05 -3.94994966e+02    -5.21337747e-06 -1.76171633e-03  +2.84224400e-02 -1.96041126e+01  +2.64536092e-06 +1.90123939e-03 
+6.69324511e-03 +0.00000000e+00 -4.38183408e-03 -1.58344805e+05 -3.18681906e+02  +3.30044987e+02 +1.13288522e+00  +9.62711603e+04 +1.16213730e+02    +9.39430130e-06 -3.89965594e-03  +1.12002536e-02 -5.73309902e+00  +8.07384979e-06 -1.63545467e-03 
-7.08104743e-05 +0.00000000e+00 -7.99968661e-03 +1.80663749e+03 +4.63516633e+00  +1.75803134e+02 +5.63303376e-01  +1.70922109e+05 +3.60549830e+02    -2.76434784e-06 +1.68846080e-04  -9.56128304e-05 +4.71058810e-02  +1.36925301e-06 -1.21696689e-04 
-6.76976323e-03 +0.00000000e+00 -4.26266416e-03 +1.61063730e+05 +3.22064858e+02  -6.16099781e+01 -1.37034034e-01  +9.37574141e+04 +1.09128357e+02    -3.39870120e-06 +1.66508440e-04  -1.13894722e-02 +5.85932346e+00  +9.34758214e-06 -1.19458788e-03 
-7.24462690e-03 +0.00000000e+00 +3.39343206e-03 +2.70213046e+05 +7.29851302e+01  +4.08345017e+02 +3.36981555e-01  -2.01016167e+05 -4.04729680e+02    +3.05320506e-05 -8.39688735e-03  -2.88442631e-02 +2.00934515e+01  +2.72678604e-05 +3.18565681e-03 
-1.05881400e-03 +0.00000000e+00 +7.92962249e-03 +6.64128966e+06 -1.08193905e+04  +8.07268458e+03 +6.95011864e+00  -5.70581243e+07 +1.36572722e+04    +1.10538068e-05 +4.26545105e-01  -7.34421784e-02 +5.71984747e+02  -6.96043350e-05 -5.38075607e-02 
+6.10046760e-03 +0.00000000e+00 +5.17535458e-03 -2.73664524e+05 +2.52630103e+02  -8.47950621e+02 -1.42806344e+00  -4.59388275e+05 -5.93892481e+02    -1.50237458e-04 +6.03610674e-03  +3.80490977e-02 -3.08620728e+01  -5.30283113e-05 -6.18070478e-04 
+7.65100743e-03 +0.00000000e+00 -2.33711047e-03 -1.93814094e+05 -3.30275846e+02  +1.83209460e+02 +5.49171496e-01  +4.85608587e+04 -1.40158241e+01    +7.69153154e-06 -2.27978974e-03  +1.49129233e-02 -8.07401084e+00  +3.90963419e-06 -7.17227546e-04 
+2.16724631e-03 +0.00000000e+00 -7.70084693e-03 -4.79798437e+04 -1.16072074e+02  -3.38016042e+02 -1.15015065e+00  +1.64984315e+05 +3.39848713e+02    -9.29774215e-06 +2.03700169e-03  +2.98269697e-03 -1.41627028e+00  -1.36457380e-06 +2.32876325e-04 
-5.30907107e-03 +0.00000000e+00 -5.98446024e-03 +1.20492671e+05 +2.67055543e+02  +4.31197858e+02 +1.33748285e+00  +1.30845916e+05 +2.24161071e+02    +1.69791068e-06 -1.62210858e-03  -7.98409585e-03 +3.94810873e+00  +5.03022499e-06 -9.33626225e-04 
