# scuff-scatter run on pekka-pc (09/25/15::22:28:30)
# columns: 
# 1,2,3   x,y,z (evaluation point coordinates)
# 4,5     real, imag Ex
# 6,7     real, imag Ey
# 8,9     real, imag Ez
# 10,11   real, imag Hx
# 12,13   real, imag Hy
# 14,15   real, imag Hz
+0.00000000e+00 +0.00000000e+00 +8.00000000e-03 -1.03145847e+05 -3.44678747e+02  -7.28950175e+04 -4.51981651e+02  +1.54042905e+07 +1.48558908e+05    +8.28121768e-03 -1.12211469e+00  +3.00781771e-03 -1.09203306e-02  -1.98003995e-05 +2.27733882e-02 
+6.73176788e-03 +0.00000000e+00 +4.32241845e-03 -4.60440401e+04 +9.55133150e+02  -6.48536029e+02 -2.49401011e+00  -2.91657585e+05 -3.34486026e+03    -1.74771453e-04 -1.82968684e-03  +8.63715991e-01 -6.67585622e+01  -2.24323761e-04 +2.86630828e-02 
+7.27437941e-03 +0.00000000e+00 -3.32917469e-03 -1.65673994e+05 -2.62396001e+03  +2.17568590e+02 +4.64658552e+00  +4.01265702e+04 +2.90435498e+02    +2.62380130e-04 -1.34526626e-02  +3.83873025e-01 -2.28616367e+01  +2.00163880e-04 -9.07590197e-03 
+1.12896006e-03 +0.00000000e+00 -7.91993997e-03 -2.68052598e+04 -5.25695613e+02  -1.63298801e+02 -3.83101527e+00  +1.67353329e+05 +3.06606764e+03    -1.88102551e-04 +6.86098643e-03  +4.67979787e-02 -2.54191047e+00  -2.22723920e-06 -5.10257631e-04 
-6.05441996e-03 +0.00000000e+00 -5.22914897e-03 +1.41277477e+05 +2.48432063e+03  +4.59995836e+02 +9.90690207e+00  +9.39742862e+04 +1.37905248e+03    +9.20567665e-05 -8.39584870e-03  -2.84860596e-01 +1.63132604e+01  +4.66614299e-05 -1.47010147e-03 
-7.67139420e-03 +0.00000000e+00 +2.26929748e-03 +1.39398117e+05 +9.18512753e+02  +5.84787975e+02 +4.17522979e+00  -1.58066634e+05 -2.40356667e+03    +4.29899072e-04 -3.11818528e-02  -6.83688931e-01 +4.80640536e+01  +6.07633677e-04 -1.46313103e-02 
-2.23532399e-03 +0.00000000e+00 +7.68136229e-03 -5.42460907e+06 -4.92065868e+04  +4.99176393e+04 +2.34847329e+01  +8.23843356e+05 +1.26033528e+04    +1.15848816e-02 -6.29157652e-01  -2.05042888e+00 +2.19348247e+02  -1.42562347e-02 +3.58509794e+00 
+5.25589279e-03 +0.00000000e+00 +6.03121803e-03 +2.86445457e+05 +5.13889245e+03  -8.31162786e+02 -1.32631513e+01  -5.35192353e+05 -4.53838077e+03    -6.77799154e-04 +1.35425913e-01  +1.14983592e+00 -9.97652805e+01  -2.57905735e-03 +2.59955302e-01 
+7.91486597e-03 +0.00000000e+00 -1.16400027e-03 -1.75077510e+05 -2.34670805e+03  +4.03310603e+02 +7.85476449e+00  -2.54362637e+04 -8.26320523e+02    +3.17603143e-04 -1.74712849e-02  +4.89318278e-01 -3.07469600e+01  +3.69762365e-04 -1.51245518e-02 
+3.29694788e-03 +0.00000000e+00 -7.28904210e-03 -7.82982433e+04 -1.50240332e+03  -5.12017706e+02 -1.17478011e+01  +1.49490140e+05 +2.63496577e+03    -2.27668827e-04 +9.10612658e-03  +1.40737096e-01 -7.73701726e+00  -8.08635167e-05 +2.37749540e-03 
-4.35216889e-03 +0.00000000e+00 -6.71257223e-03 +1.02397207e+05 +1.91984555e+03  +4.06550428e+02 +8.29969395e+00  +1.34057672e+05 +2.27205964e+03    +1.35997269e-05 -3.88353502e-03  -1.89914596e-01 +1.05727114e+01  +9.81237157e-05 -4.70022072e-03 
-7.99992165e-03 +0.00000000e+00 +3.54055839e-05 +1.70964792e+05 +1.99540192e+03  +1.80728671e+01 -9.43011406e-01  -6.59162926e+04 -1.40124221e+03    -3.82743723e-05 -7.29432290e-04  -5.50143924e-01 +3.58122114e+01  +3.95317245e-04 -8.96749865e-03 
-4.29258334e-03 +0.00000000e+00 +6.75083167e-03 -8.19880525e+05 -1.04622730e+04  -7.97897543e+01 -4.19752643e+01  -7.17094362e+05 -5.07987572e+03    -4.85867392e-04 +5.39600272e-01  -1.38975105e+00 +1.29528748e+02  +1.73269851e-03 -6.05184733e-02 
+3.36133629e-03 +0.00000000e+00 +7.25957425e-03 +1.99112172e+06 +2.10639011e+04  -1.55424363e+03 -2.94932967e+01  -7.45795854e+05 -3.88462726e+03    +1.82474020e-03 -1.32448149e-02  +1.68446744e+00 -1.67233905e+02  -9.35695895e-04 +5.37977694e-02 
+7.92485885e-03 +0.00000000e+00 +1.09389775e-03 -1.61235074e+05 -1.56847983e+03  +1.45405866e+02 +3.90320019e+00  -1.05942750e+05 -1.88484355e+03    +3.88313524e-05 -1.99141680e-03  +6.09886857e-01 -4.10401169e+01  +1.78953295e-04 -2.24973854e-03 
+5.20230272e-03 +0.00000000e+00 -6.07750330e-03 -1.21741193e+05 -2.22231311e+03  +3.08814669e+02 +6.81027973e+00  +1.17155989e+05 +1.88521587e+03    +2.71242138e-04 -1.22453073e-02  +2.34679498e-01 -1.32037631e+01  +1.82434922e-04 -9.26332001e-03 
-2.30322653e-03 +0.00000000e+00 -7.66127584e-03 +5.48778211e+04 +1.06699084e+03  +1.07884875e+02 +2.13430846e+00  +1.60307389e+05 +2.89514387e+03    -1.15554068e-04 +3.16509703e-03  -9.62507276e-02 +5.27108430e+00  +3.54937875e-05 -1.25483561e-03 
-7.69117994e-03 +0.00000000e+00 -2.20130670e-03 +1.72977510e+05 +2.53514586e+03  -3.15628593e+02 -6.38795588e+00  +7.30269690e+03 -2.94275235e+02    -2.21359725e-04 +9.68607728e-03  -4.37766945e-01 +2.68057775e+01  +4.05133000e-04 -1.55870640e-02 
-6.00789797e-03 +0.00000000e+00 +5.28253367e-03 -7.50227453e+04 -2.64212762e+03  +8.03833685e+02 +2.22828729e+00  -4.02624636e+05 -3.94972748e+03    +1.08401214e-03 -5.50840200e-02  -9.95434024e-01 +8.17230990e+01  +5.91622124e-05 +7.68380462e-02 
+1.19901768e-03 +0.00000000e+00 +7.90963695e-03 +8.05956486e+06 +7.25958874e+04  -9.63411445e+03 -4.38772844e+00  +8.60024105e+06 +7.71220878e+04    +3.97568528e-03 -4.47510474e-01  +1.83996997e+00 -1.99259687e+02  +4.18649010e-04 +1.72627300e-01 
+7.30356201e-03 +0.00000000e+00 +3.26465649e-03 -1.06714881e+05 -1.54209819e+02  -3.10010984e+02 -5.34261068e-01  -2.13192330e+05 -2.85028978e+03    -6.28678346e-05 -5.68191856e-03  +7.61350035e-01 -5.58171052e+01  +7.94258499e-06 +7.03887540e-03 
+6.69324511e-03 +0.00000000e+00 -4.38183408e-03 -1.54474722e+05 -2.60162974e+03  +4.46180600e+02 +9.82228666e+00  +6.96249825e+04 +8.67754591e+02    +3.75877445e-04 -1.82450433e-02  +3.31312118e-01 -1.92825493e+01  +2.25839599e-04 -8.51069732e-03 
-7.08104743e-05 +0.00000000e+00 -7.99968661e-03 +2.03060990e+03 +4.07760670e+01  +2.34808352e+02 +5.07323180e+00  +1.69128351e+05 +3.10865082e+03    -7.32479109e-05 +1.49907076e-03  -2.96068267e-03 +1.65871641e-01  +8.93117519e-06 -5.26163767e-04 
-6.76976323e-03 +0.00000000e+00 -4.26266416e-03 +1.56550694e+05 +2.62266498e+03  -7.36260949e+01 -8.60675030e-01  +6.64741854e+04 +8.06562885e+02    -1.09048369e-04 +1.87373455e-03  -3.36694880e-01 +1.96655624e+01  +1.53577921e-04 -6.09541256e-03 
-7.24462690e-03 +0.00000000e+00 +3.39343206e-03 +1.02825382e+05 +7.44819357e+01  +4.31092977e+02 +1.15461890e+00  -2.21422479e+05 -2.89957962e+03    +6.41924659e-04 -3.73032080e-02  -7.70857037e-01 +5.68931211e+01  +4.66241862e-04 +6.06428425e-03 
-1.05881400e-03 +0.00000000e+00 +7.92962249e-03 -7.51966942e+06 -6.98834339e+04  +8.17694075e+03 -2.73369033e+01  +9.86044040e+06 +8.97819272e+04    +1.00131589e-03 +1.51275397e+00  -1.70271147e+00 +1.82375671e+02  -1.23352766e-03 -1.71513252e-01 
+6.10046760e-03 +0.00000000e+00 +5.17535458e-03 +5.38468782e+04 +2.38621057e+03  -9.66302892e+02 -8.47179614e+00  -3.88102887e+05 -3.87151212e+03    -4.83352616e-04 +2.39671794e-02  +9.78777096e-01 -7.97064940e+01  -3.99252627e-04 +2.41453456e-03 
+7.65100743e-03 +0.00000000e+00 -2.33711047e-03 -1.72279383e+05 -2.54903421e+03  +2.36690130e+02 +4.33042917e+00  +1.12583229e+04 -2.28117915e+02    +2.54266307e-04 -1.08035229e-02  +4.31933961e-01 -2.63349624e+01  +1.28899585e-04 -4.26426020e-03 
+2.16724631e-03 +0.00000000e+00 -7.70084693e-03 -5.18840782e+04 -1.01182135e+03  -4.58472032e+02 -1.03722200e+01  +1.60952368e+05 +2.91123405e+03    -2.63988525e-04 +1.02439093e-02  +9.09079116e-02 -4.95870896e+00  -4.46298881e-05 +1.33679802e-03 
-5.30907107e-03 +0.00000000e+00 -5.98446024e-03 +1.24068040e+05 +2.25588498e+03  +5.68831581e+02 +1.16322686e+01  +1.14683678e+05 +1.83132766e+03    +7.49448652e-05 -6.61512869e-03  -2.39923602e-01 +1.35402938e+01  +9.37516370e-05 -4.43124857e-03 
