# scuff-scatter run on pekka-pc (09/25/15::22:23:37)
# columns: 
# 1,2,3   x,y,z (evaluation point coordinates)
# 4,5     real, imag Ex
# 6,7     real, imag Ey
# 8,9     real, imag Ez
# 10,11   real, imag Hx
# 12,13   real, imag Hy
# 14,15   real, imag Hz
+0.00000000e+00 +0.00000000e+00 +8.00000000e-03 -nan -nan  -nan -nan  -nan -nan    -nan -nan  -nan -nan  -nan -nan 
+6.73176788e-03 +0.00000000e+00 +4.32241845e-03 -2.77891348e+05 +7.26206431e+01  -6.07426387e+02 -7.11757384e-01  -3.03387359e+05 -5.88315268e+02    -4.10148181e-05 -1.00019022e-03  +4.70319592e-02 -2.91420084e+01  +5.00140841e-06 +8.28873366e-03 
+7.27437941e-03 +0.00000000e+00 -3.32917469e-03 -1.78304112e+05 -3.99836311e+02  +1.63502640e+02 +6.60981743e-01  +7.27785198e+04 +5.94551625e+01    +1.01677158e-05 -3.48926508e-03  +1.88277291e-02 -8.19362569e+00  +9.77430297e-06 -2.22487795e-03 
+1.12896006e-03 +0.00000000e+00 -7.91993997e-03 -2.48576787e+04 -7.30983147e+01  -1.19950108e+02 -5.14370269e-01  +1.70514667e+05 +4.33632265e+02    -9.84842246e-06 +1.57752753e-03  +2.20502445e-03 -8.60963929e-01  +7.91318934e-07 -1.88192449e-04 
-6.05441996e-03 +0.00000000e+00 -5.22914897e-03 +1.41107090e+05 +3.62319882e+02  +3.45905170e+02 +1.37492308e+00  +1.15552089e+05 +2.11681860e+02    +3.86679720e-06 -2.44256684e-03  -1.37209511e-02 +5.70070112e+00  +4.52964271e-06 -2.92922783e-04 
-7.67139420e-03 +0.00000000e+00 +2.26929748e-03 +2.56382260e+05 +2.06567831e+02  +5.25993369e+02 +8.72296283e-01  -1.21524569e+05 -3.84232811e+02    +2.58265345e-05 -8.64552490e-03  -3.59048136e-02 +1.93614134e+01  +2.91564787e-05 -2.61924999e-03 
-2.23532399e-03 +0.00000000e+00 +7.68136229e-03 -1.88710364e+06 -9.00609516e+03  +4.93740825e+04 +1.11709750e+01  -5.83358227e+06 +2.04712243e+03    +7.04753164e-04 -1.62618643e-01  -1.24115577e-01 +2.00723085e+02  -8.51151974e-04 +1.12929773e+00 
+5.25589279e-03 +0.00000000e+00 +6.03121803e-03 -2.19628227e+05 +7.85268067e+02  -6.65929544e+02 -2.24508848e+00  -7.58685584e+05 -8.81394291e+02    -1.50648853e-04 +4.30353434e-02  +6.52701320e-02 -4.92882780e+01  -2.72778316e-04 +7.67491723e-02 
+7.91486597e-03 +0.00000000e+00 -1.16400027e-03 -2.12176015e+05 -3.83172972e+02  +3.09341198e+02 +1.18825660e+00  +1.62319959e+04 -1.08724298e+02    +1.31792028e-05 -4.67650472e-03  +2.45569321e-02 -1.14195822e+01  +2.09846254e-05 -3.69173264e-03 
+3.29694788e-03 +0.00000000e+00 -7.28904210e-03 -7.36559899e+04 -2.10990840e+02  -3.79106324e+02 -1.57260640e+00  +1.57421173e+05 +3.78104470e+02    -1.05153261e-05 +2.19122400e-03  +6.66431107e-03 -2.63724666e+00  -4.42457520e-06 +5.23961428e-04 
-4.35216889e-03 +0.00000000e+00 -6.71257223e-03 +9.78975145e+04 +2.72305640e+02  +3.10919432e+02 +1.15184168e+00  +1.45978824e+05 +3.30867007e+02    -1.91406166e-07 -1.24432057e-03  -9.03038703e-03 +3.63041738e+00  +5.52237887e-06 -1.18425005e-03 
-7.99992165e-03 +0.00000000e+00 +3.54055839e-05 +2.28265656e+05 +3.44930914e+02  +2.80571965e+01 -1.12682825e-01  -2.19592426e+04 -2.02273901e+02    +6.31560946e-07 -3.50314991e-04  -2.80042897e-02 +1.36238182e+01  +2.18683169e-05 -1.42805419e-03 
-4.29258334e-03 +0.00000000e+00 +6.75083167e-03 +2.85303253e+04 -1.74933027e+03  +4.25946922e+02 -6.63099541e+00  -1.32995974e+06 -1.04724755e+03    -1.47525368e-04 +1.78280091e-01  -8.07420335e-02 +7.10150996e+01  -1.12100339e-05 -1.25111403e-02 
+3.36133629e-03 +0.00000000e+00 +7.25957425e-03 +4.91004477e+05 +3.71109783e+03  -1.19984752e+03 -4.61079126e+00  -2.37091730e+06 -9.08069764e+02    +1.79396596e-04 +2.58005470e-03  +9.99781092e-02 -1.06447285e+02  -3.40803965e-05 +1.42769924e-02 
+7.92485885e-03 +0.00000000e+00 +1.09389775e-03 -2.42117019e+05 -2.93237244e+02  +9.98032691e+01 +5.65625186e-01  -6.28461708e+04 -2.86554775e+02    +2.27167683e-06 -5.39066435e-04  +3.14831880e-02 -1.59959953e+01  +4.93509235e-06 -1.06969960e-04 
+5.20230272e-03 +0.00000000e+00 -6.07750330e-03 -1.18525693e+05 -3.18900775e+02  +2.29481216e+02 +9.75526401e-01  +1.33293458e+05 +2.79839659e+02    +1.28594335e-05 -3.05879193e-03  +1.12248944e-02 -4.56489123e+00  +1.22527238e-05 -2.40793658e-03 
-2.30322653e-03 +0.00000000e+00 -7.66127584e-03 +5.11523883e+04 +1.48958513e+02  +8.34883879e+01 +2.90885317e-01  +1.65360501e+05 +4.11735571e+02    -6.91939289e-06 +6.16807152e-04  -4.54093910e-03 +1.79131669e+00  +2.13797142e-06 -2.76405137e-04 
-7.69117994e-03 +0.00000000e+00 -2.20130670e-03 +1.96769525e+05 +3.98961959e+02  -2.40299858e+02 -9.33739292e-01  +4.51206138e+04 -2.67831764e+01    -6.90476216e-06 +2.34899777e-03  -2.17181751e-02 +9.78156427e+00  +2.22397717e-05 -3.60218288e-03 
-6.00789797e-03 +0.00000000e+00 +5.28253367e-03 +2.68235332e+05 -3.52386117e+02  +7.69448926e+02 +5.68926392e-01  -4.87023370e+05 -7.31669665e+02    +1.22671143e-04 -1.41511796e-02  -5.54019066e-02 +3.77923588e+01  -5.05583225e-05 +2.59899543e-02 
+1.19901768e-03 +0.00000000e+00 +7.90963695e-03 -3.18179261e+06 +1.35084572e+04  -9.60087111e+03 -1.10874892e-01  -3.74012223e+07 +1.40603148e+04    +2.21714711e-04 -1.33453746e-01  +1.12895300e-01 -5.43161238e+02  -2.10706408e-05 +6.00126398e-02 
+7.30356201e-03 +0.00000000e+00 +3.26465649e-03 -2.67688370e+05 -9.70612668e+01  -2.95712378e+02 -3.01746491e-01  -1.90796592e+05 -4.75817479e+02    -5.24782417e-06 -2.08108223e-03  +4.06438028e-02 -2.32481692e+01  +1.75141974e-06 +2.25107946e-03 
+6.69324511e-03 +0.00000000e+00 -4.38183408e-03 -1.59110014e+05 -3.86382047e+02  +3.32697836e+02 +1.37512683e+00  +9.65668222e+04 +1.41276980e+02    +1.46726761e-05 -4.64267850e-03  +1.60880577e-02 -6.80805114e+00  +1.10272700e-05 -1.95302564e-03 
-7.08104743e-05 +0.00000000e+00 -7.99968661e-03 +1.81793614e+03 +5.63706046e+00  +1.77159332e+02 +6.85367065e-01  +1.71819642e+05 +4.39013001e+02    -3.87121030e-06 +2.06391437e-04  -1.38126018e-04 +5.59566534e-02  +1.48887502e-06 -1.44565968e-04 
-6.76976323e-03 +0.00000000e+00 -4.26266416e-03 +1.61836416e+05 +3.90441329e+02  -6.19231374e+01 -1.65054651e-01  +9.40358127e+04 +1.32664695e+02    -5.03494826e-06 +2.06274494e-04  -1.63618117e-02 +6.95779033e+00  +1.18471887e-05 -1.42570491e-03 
-7.24462690e-03 +0.00000000e+00 +3.39343206e-03 +2.70349269e+05 +8.55977602e+01  +4.09059654e+02 +4.00619945e-01  -2.01908605e+05 -4.87455073e+02    +4.07920931e-05 -9.98279626e-03  -4.12453235e-02 +2.38276056e+01  +3.35822889e-05 +3.72612174e-03 
-1.05881400e-03 +0.00000000e+00 +7.92962249e-03 +6.61718962e+06 -1.30169239e+04  +8.08725252e+03 +8.01624325e+00  -5.70274080e+07 +1.64400356e+04    -1.62834667e-06 +5.04200831e-01  -1.04485496e-01 +6.76177319e+02  -9.60638118e-05 -6.34175279e-02 
+6.10046760e-03 +0.00000000e+00 +5.17535458e-03 -2.73045518e+05 +3.07920141e+02  -8.51026666e+02 -1.71432943e+00  -4.60670448e+05 -7.13654195e+02    -1.56215247e-04 +7.15141009e-03  +5.43232932e-02 -3.65783352e+01  -5.93379375e-05 -6.94611966e-04 
+7.65100743e-03 +0.00000000e+00 -2.33711047e-03 -1.94595515e+05 -3.99562226e+02  +1.84474945e+02 +6.64599074e-01  +4.85440062e+04 -1.67934773e+01    +1.15359746e-05 -2.71525975e-03  +2.13997588e-02 -9.58506806e+00  +5.37640034e-06 -8.59594208e-04 
+2.16724631e-03 +0.00000000e+00 -7.70084693e-03 -4.82633414e+04 -1.41125475e+02  -3.40763197e+02 -1.39899881e+00  +1.65830203e+05 +4.13737132e+02    -1.30315086e-05 +2.43026327e-03  +4.29055956e-03 -1.68253151e+00  -2.02516852e-06 +2.79047218e-04 
-5.30907107e-03 +0.00000000e+00 -5.98446024e-03 +1.21139837e+05 +3.24252872e+02  +4.34375754e+02 +1.62462297e+00  +1.31405206e+05 +2.72643186e+02    +2.64312192e-06 -1.92402837e-03  -1.14797648e-02 +4.68930981e+00  +6.44313370e-06 -1.11232207e-03 
