# scuff-scatter run on pekka-pc (09/25/15::22:34:09)
# columns: 
# 1,2,3   x,y,z (evaluation point coordinates)
# 4,5     real, imag Ex
# 6,7     real, imag Ey
# 8,9     real, imag Ez
# 10,11   real, imag Hx
# 12,13   real, imag Hy
# 14,15   real, imag Hz
+0.00000000e+00 +0.00000000e+00 +8.00000000e-03 -2.03008765e+05 -3.59422311e+04  -1.97176199e+05 -3.66113139e+04  +4.35072551e+07 +7.89753163e+06    +7.01752108e-01 -7.25697295e+00  -1.69226500e+00 +2.46965264e+00  +1.39148211e-02 +3.90719784e-02 
+6.73176788e-03 +0.00000000e+00 +4.32241845e-03 +1.35629499e+06 +1.81552656e+06  +4.22719428e+03 +1.26426338e+04  -1.29763877e+06 -4.12853046e+05    -1.21481422e+00 +3.85404566e-01  +4.84640114e+02 -7.18723317e+02  +1.55366053e+00 -1.23719020e-01 
+7.27437941e-03 +0.00000000e+00 -3.32917469e-03 -1.62743341e+06 -1.53876345e+06  +3.68332420e+03 +7.31731099e+03  -1.64834536e+05 -5.03366189e+05    +8.47258437e-01 -3.33566538e-01  +4.44695870e+02 -4.31859260e+02  +1.28361262e+00 -2.59486554e-01 
+1.12896006e-03 +0.00000000e+00 -7.91993997e-03 -4.12373718e+05 -5.12448398e+05  -4.40080826e+03 -3.93443396e+03  +2.15512966e+06 +2.48134490e+06    +3.61468749e-01 +4.59391222e-01  +6.59369577e+01 -5.78063247e+01  +7.88752675e-02 +3.98823951e-02 
-6.05441996e-03 +0.00000000e+00 -5.22914897e-03 +1.74248818e+06 +1.91304461e+06  +8.53154356e+03 +1.37788844e+04  +6.81145711e+05 +4.83617149e+05    +7.60199986e-01 -4.89374512e-02  -3.62427315e+02 +3.33412264e+02  -6.68439805e-01 -1.30421278e-01 
-7.67139420e-03 +0.00000000e+00 +2.26929748e-03 -1.91581319e+05 -9.00806080e+05  -2.03255660e+03 -3.99911301e+03  -1.41353703e+06 -1.12455734e+06    +1.50040755e-01 -4.95467093e-01  -5.14585605e+02 +6.39331947e+02  -2.34763016e-02 -9.11799807e-01 
-2.23532399e-03 +0.00000000e+00 +7.68136229e-03 -1.54177485e+07 -3.03672068e+06  +4.25842313e+03 -2.54394378e+04  +5.63440811e+06 +3.18552177e+06    +1.05301568e+00 -7.29402033e+00  -2.82683667e+02 +1.15546266e+03  -5.84216293e-01 +9.64878413e+00 
+5.25589279e-03 +0.00000000e+00 +6.03121803e-03 +2.95734618e+06 +2.29912733e+06  -2.71808012e+03 +7.92205673e+03  -9.23670857e+05 +6.66247061e+05    -1.54869731e+00 +6.43688041e-01  +4.23362143e+02 -8.25583955e+02  +7.10580392e-01 +1.44282983e+00 
+7.91486597e-03 +0.00000000e+00 -1.16400027e-03 -1.14674600e+06 -7.26442788e+05  +4.98504302e+03 +6.88046875e+03  -8.72510400e+05 -1.14418762e+06    +5.64733272e-01 -3.64635472e-01  +4.97008814e+02 -5.19621479e+02  +1.60398266e+00 -4.65249016e-01 
+3.29694788e-03 +0.00000000e+00 -7.28904210e-03 -1.15388598e+06 -1.40547445e+06  -1.24540652e+04 -1.58971617e+04  +1.76081857e+06 +1.92428557e+06    +1.34450314e-01 +5.31627125e-01  +1.95008423e+02 -1.71666470e+02  +1.11318073e-01 +1.98571304e-01 
-4.35216889e-03 +0.00000000e+00 -6.71257223e-03 +1.44001281e+06 +1.71100443e+06  +6.53613665e+03 +1.07702374e+04  +1.43890198e+06 +1.47450223e+06    +7.13842170e-01 +1.13072119e-01  -2.57771756e+02 +2.28534684e+02  -3.00745260e-01 -2.08513738e-01 
-7.99992165e-03 +0.00000000e+00 +3.54055839e-05 +7.54589923e+05 +1.77694210e+05  -1.82315288e+03 +1.66711804e+02  -1.15162837e+06 -1.29231045e+06    -6.28754777e-02 +5.28460985e-02  -5.11756053e+02 +5.62283071e+02  -3.44384650e-01 -6.61631850e-01 
-4.29258334e-03 +0.00000000e+00 +6.75083167e-03 -4.56544779e+06 -2.44544152e+06  -1.45735077e+04 +2.21973917e+02  -5.66375237e+05 +1.32120136e+06    -4.68140783e-01 +8.41167135e-02  -3.81648416e+02 +9.14827732e+02  -2.93406475e-02 -1.40160566e+00 
+3.36133629e-03 +0.00000000e+00 +7.25957425e-03 +7.57700070e+06 +2.61482096e+06  -1.30809058e+04 +9.05182588e+02  +3.41707205e+05 +2.00824497e+06    -1.11534238e+00 -9.97956012e-01  +3.39665946e+02 -1.02410098e+03  +3.86379824e-01 +7.10965537e-01 
+7.92485885e-03 +0.00000000e+00 +1.09389775e-03 -3.34487003e+05 +3.36075161e+05  +3.12410145e+03 +6.51099952e+03  -1.31574412e+06 -1.27805806e+06    -1.15315298e-01 -2.89138484e-02  +5.17431240e+02 -5.99519145e+02  +1.66624025e+00 -3.75573810e-01 
+5.20230272e-03 +0.00000000e+00 -6.07750330e-03 -1.62027835e+06 -1.86414603e+06  +4.72684875e+03 +7.38930524e+03  +1.10059238e+06 +1.02641338e+06    +1.11672655e+00 -2.94696012e-01  +3.09404530e+02 -2.79692397e+02  +8.05541069e-01 -1.55348828e-01 
-2.30322653e-03 +0.00000000e+00 -7.66127584e-03 +8.29034477e+05 +1.02638723e+06  +1.25390513e+03 +4.10902402e+03  +1.99958909e+06 +2.25710932e+06    +5.59030140e-01 +3.19742910e-01  -1.35760678e+02 +1.17570576e+02  -1.59698356e-01 -1.00430175e-01 
-7.69117994e-03 +0.00000000e+00 -2.20130670e-03 +1.42143173e+06 +1.15202263e+06  -5.74336917e+03 -3.77964776e+03  -5.56612195e+05 -8.92779710e+05    -7.58514400e-02 +3.38744674e-01  -4.75606745e+02 +4.78348002e+02  -2.73704832e-01 -6.69787753e-01 
-6.00789797e-03 +0.00000000e+00 +5.28253367e-03 -2.06525245e+06 -2.09532100e+06  -1.21375449e+03 -1.67794678e+03  -1.14032233e+06 +1.21371009e+05    -1.57868603e-01 -8.62016332e-01  -4.54772460e+02 +7.69021954e+02  -4.25941174e-01 -2.76719937e-01 
+1.19901768e-03 +0.00000000e+00 +7.90963695e-03 +2.10690586e+07 +3.04612808e+06  -1.87036423e+04 -1.66982450e+03  +2.48292774e+07 +5.64360153e+06    -3.20995115e-01 -3.40678197e+00  +1.90119759e+02 -9.74642314e+02  +8.95813763e-02 +3.99096367e-01 
+7.30356201e-03 +0.00000000e+00 +3.26465649e-03 +7.20548845e+05 +1.36393495e+06  +3.74792934e+03 +1.03361893e+04  -1.41229086e+06 -8.61757421e+05    -8.31587609e-01 +2.33550924e-01  +5.05346992e+02 -6.76534457e+02  +1.65154094e+00 -3.05963074e-01 
+6.69324511e-03 +0.00000000e+00 -4.38183408e-03 -1.73832193e+06 -1.80593856e+06  +8.55089551e+03 +1.37088893e+04  +2.67309729e+05 -1.62451502e+04    +1.21773210e+00 -5.10383442e-01  +4.04963689e+02 -3.81721673e+02  +1.30629338e+00 -3.22829739e-01 
-7.08104743e-05 +0.00000000e+00 -7.99968661e-03 +3.25553227e+04 +4.38316652e+04  +4.04811444e+03 +8.03531951e+03  +2.19347982e+06 +2.53491078e+06    +6.40434950e-01 +2.76827043e-01  -4.82426912e+00 +3.43122463e+00  +6.09178914e-03 -1.21279708e-02 
-6.76976323e-03 +0.00000000e+00 -4.26266416e-03 +1.74424504e+06 +1.79502259e+06  -2.45778870e+01 +4.06392641e+03  +2.24455570e+05 -6.94288147e+04    +3.34482563e-01 +2.11377867e-01  -4.09464656e+02 +3.86452929e+02  -6.42828009e-01 -2.66785009e-01 
-7.24462690e-03 +0.00000000e+00 +3.39343206e-03 -7.73184788e+05 -1.41980479e+06  -3.68367063e+03 -4.74655548e+03  -1.39449878e+06 -8.00607170e+05    +2.10162050e-01 -7.12494369e-01  -5.02230972e+02 +6.80022073e+02  -7.68327188e-02 -7.68787420e-01 
-1.05881400e-03 +0.00000000e+00 +7.92962249e-03 -1.99588268e+07 -2.87104606e+06  -8.15461687e+04 -4.25220716e+04  +2.81718847e+07 +6.02601027e+06    +8.98716381e-01 -1.50850221e+00  -1.74353338e+02 +8.98450679e+02  +9.76402452e-02 -5.19622502e-01 
+6.10046760e-03 +0.00000000e+00 +5.17535458e-03 +1.98369054e+06 +2.09062283e+06  +2.14997841e+03 +1.24959592e+04  -1.14213954e+06 +7.88887123e+04    -1.52147550e+00 +5.32544847e-01  +4.58885063e+02 -7.62467866e+02  +1.37075576e+00 -4.29956554e-02 
+7.65100743e-03 +0.00000000e+00 -2.33711047e-03 -1.44472240e+06 -1.20018190e+06  +2.10468920e+03 +3.90260830e+03  -5.16672999e+05 -8.53944636e+05    +6.87866885e-01 -3.05993459e-01  +4.72923872e+02 -4.73981716e+02  +1.20993839e+00 -1.68969567e-01 
+2.16724631e-03 +0.00000000e+00 -7.70084693e-03 -7.89826040e+05 -9.77942379e+05  -1.05851683e+04 -1.26398165e+04  +2.01282834e+06 +2.27939086e+06    +1.37842860e-01 +5.85599057e-01  +1.27808691e+02 -1.11770532e+02  +9.42628962e-02 +1.22068185e-01 
-5.30907107e-03 +0.00000000e+00 -5.98446024e-03 +1.63885141e+06 +1.87656483e+06  +9.42449427e+03 +1.43450124e+04  +1.05742028e+06 +9.64139226e+05    +7.92239150e-01 -5.02370618e-03  -3.15620059e+02 +2.84877297e+02  -4.48809043e-01 -2.01629805e-01 
