# scuff-scatter run on pekka-pc (09/25/15::22:26:14)
# columns: 
# 1,2,3   x,y,z (evaluation point coordinates)
# 4,5     real, imag Ex
# 6,7     real, imag Ey
# 8,9     real, imag Ez
# 10,11   real, imag Hx
# 12,13   real, imag Hy
# 14,15   real, imag Hz
+0.00000000e+00 +0.00000000e+00 +8.00000000e-03 -nan -nan  -nan -nan  -nan -nan    -nan -nan  -nan -nan  -nan -nan 
+6.73176788e-03 +0.00000000e+00 +4.32241845e-03 -2.75338779e+05 +2.87935754e+02  -6.23090442e+02 -1.63022230e+00  -3.17647452e+05 -1.53423865e+03    -6.77306969e-05 -1.85432782e-03  +2.67171868e-01 -6.30596955e+01  -6.28717980e-05 +1.81314958e-02 
+7.27437941e-03 +0.00000000e+00 -3.32917469e-03 -1.88892882e+05 -1.12023371e+03  +1.80869982e+02 +1.89255135e+00  +7.44556668e+04 +1.67684049e+02    +7.26109272e-05 -7.91393679e-03  +1.12588759e-01 -1.80778649e+01  +5.41271020e-05 -5.14538378e-03 
+1.12896006e-03 +0.00000000e+00 -7.91993997e-03 -2.68506811e+04 -2.13550347e+02  -1.33782720e+02 -1.51556714e+00  +1.82449906e+05 +1.27611601e+03    -5.39390165e-05 +3.74829540e-03  +1.34731215e-02 -1.91412529e+00  +3.11399774e-07 -3.80211842e-04 
-6.05441996e-03 +0.00000000e+00 -5.22914897e-03 +1.50838187e+05 +1.03516704e+03  +3.82521894e+02 +3.98790952e+00  +1.21350168e+05 +6.10649844e+02    +2.47305884e-05 -5.31746921e-03  -8.28642019e-02 +1.26182447e+01  +1.67017761e-05 -7.45282711e-04 
-7.67139420e-03 +0.00000000e+00 +2.26929748e-03 +2.61243328e+05 +4.99539621e+02  +5.46798111e+02 +2.17593198e+00  -1.31127209e+05 -1.03415374e+03    +1.31315726e-04 -1.91580899e-02  -2.07442687e-01 +4.21783537e+01  +1.76130940e-04 -6.94027455e-03 
-2.23532399e-03 +0.00000000e+00 +7.68136229e-03 -2.10740833e+06 -2.34753342e+04  +4.96151840e+04 +2.28866940e+01  -5.78017689e+06 +5.59990207e+03    +3.66307712e-03 -3.70366874e-01  -6.74440737e-01 +4.23252350e+02  -4.77840185e-03 +2.39319199e+00 
+5.25589279e-03 +0.00000000e+00 +6.03121803e-03 -1.99152405e+05 +2.19362573e+03  -7.20833583e+02 -6.01138687e+00  -7.79307308e+05 -2.22685111e+03    -3.05929394e-04 +9.09038641e-02  +3.64002915e-01 -1.05816338e+02  -9.21764475e-04 +1.66355194e-01 
+7.91486597e-03 +0.00000000e+00 -1.16400027e-03 -2.22094063e+05 -1.04241442e+03  +3.39884527e+02 +3.31712499e+00  +1.34763271e+04 -3.05474661e+02    +9.24144969e-05 -1.04948530e-02  +1.45107603e-01 -2.50882371e+01  +1.06872619e-04 -8.55869972e-03 
+3.29694788e-03 +0.00000000e+00 -7.28904210e-03 -7.93902731e+04 -6.13460063e+02  -4.21508223e+02 -4.63783824e+00  +1.67812013e+05 +1.10789407e+03    -6.32536760e-05 +5.11188518e-03  +4.06095352e-02 -5.85742734e+00  -2.38539705e-05 +1.26576361e-03 
-4.35216889e-03 +0.00000000e+00 -6.71257223e-03 +1.05276449e+05 +7.88076156e+02  +3.41798023e+02 +3.35206254e+00  +1.55058492e+05 +9.65499866e+02    +2.52856323e-06 -2.62255464e-03  -5.49228881e-02 +8.05478204e+00  +2.91132561e-05 -2.71914953e-03 
-7.99992165e-03 +0.00000000e+00 +3.54055839e-05 +2.37029721e+05 +9.16979289e+02  +2.51037221e+01 -3.44261308e-01  -2.71079523e+04 -5.60025457e+02    -9.02077031e-06 -6.57788190e-04  -1.64305061e-01 +2.98499878e+01  +1.14686052e-04 -4.00465943e-03 
-4.29258334e-03 +0.00000000e+00 +6.75083167e-03 -1.56316142e+04 -4.71498977e+03  +2.60726893e+02 -1.82317802e+01  -1.35392532e+06 -2.59685826e+03    -3.30644841e-04 +3.71807853e-01  -4.45980266e-01 +1.51712503e+02  +4.39792617e-04 -3.12170372e-02 
+3.36133629e-03 +0.00000000e+00 +7.25957425e-03 +5.82958801e+05 +9.80762463e+03  -1.31519330e+03 -1.27146419e+01  -2.39063301e+06 -2.16055215e+03    +6.12777903e-04 +5.96424220e-04  +5.47176347e-01 -2.26253057e+02  -2.71178815e-04 +3.21135368e-02 
+7.92485885e-03 +0.00000000e+00 +1.09389775e-03 -2.49387392e+05 -7.56488666e+02  +1.14356503e+02 +1.59915533e+00  -7.00923305e+04 -7.83106256e+02    +1.30857487e-05 -1.21067492e-03  +1.83421046e-01 -3.49593162e+01  +4.24900958e-05 -6.23212595e-04 
+5.20230272e-03 +0.00000000e+00 -6.07750330e-03 -1.27135874e+05 -9.17959892e+02  +2.55131700e+02 +2.79622110e+00  +1.40962958e+05 +8.12710432e+02    +7.61174750e-05 -7.03502873e-03  +6.80332495e-02 -1.01189888e+01  +5.49067121e-05 -5.45483836e-03 
-2.30322653e-03 +0.00000000e+00 -7.66127584e-03 +5.52083563e+04 +4.34326017e+02  +9.13833731e+01 +8.55305324e-01  +1.76684942e+05 +1.20956722e+03    -3.45508187e-05 +1.57195397e-03  -2.77396391e-02 +3.97998781e+00  +1.05408279e-05 -6.69319987e-04 
-7.69117994e-03 +0.00000000e+00 -2.20130670e-03 +2.07222854e+05 +1.10228883e+03  -2.64581413e+02 -2.64267405e+00  +4.45051979e+04 -7.72471090e+01    -5.99982570e-05 +5.46806256e-03  -1.29111878e-01 +2.15335950e+01  +1.18922891e-04 -8.55278543e-03 
-6.00789797e-03 +0.00000000e+00 +5.28253367e-03 +2.58561315e+05 -1.04376589e+03  +7.82070907e+02 +1.32185048e+00  -5.04434557e+05 -1.87630440e+03    +3.79131119e-04 -3.23004077e-02  -3.11624128e-01 +8.14463859e+01  -3.82505154e-05 +5.38176057e-02 
+1.19901768e-03 +0.00000000e+00 +7.90963695e-03 -2.85305293e+06 +3.50062592e+04  -9.60674363e+03 -8.80197014e-01  -3.70548152e+07 +3.67236439e+04    +1.20782678e-03 -2.87831374e-01  +6.10299055e-01 -1.13386790e+03  +1.22984781e-04 +1.22775488e-01 
+7.30356201e-03 +0.00000000e+00 +3.26465649e-03 -2.69596611e+05 -1.85423468e+02  -3.01994147e+02 -6.12453868e-01  -2.02532858e+05 -1.26263874e+03    -1.22935213e-05 -4.23300249e-03  +2.32991838e-01 -5.04939879e+01  -6.20915680e-06 +4.78334554e-03 
+6.69324511e-03 +0.00000000e+00 -4.38183408e-03 -1.69427568e+05 -1.09489957e+03  +3.69065924e+02 +3.96738751e+00  +1.00449794e+05 +4.04315576e+02    +1.02782969e-04 -1.06046741e-02  +9.67152163e-02 -1.50491899e+01  +6.09844573e-05 -4.63298745e-03 
-7.08104743e-05 +0.00000000e+00 -7.99968661e-03 +1.97138344e+03 +1.64951950e+01  +1.95701235e+02 +2.01967515e+00  +1.83906626e+05 +1.29262098e+03    -2.14214017e-05 +6.23101289e-04  -8.51804758e-04 +1.24205847e-01  +3.36517486e-06 -3.21208288e-04 
-6.76976323e-03 +0.00000000e+00 -4.26266416e-03 +1.72253043e+05 +1.10516806e+03  -6.60233068e+01 -4.29493452e-01  +9.76849338e+04 +3.79278899e+02    -3.13325244e-05 +7.05524656e-04  -9.83401360e-02 +1.53758255e+01  +4.98505095e-05 -3.37150245e-03 
-7.24462690e-03 +0.00000000e+00 +3.39343206e-03 +2.71943248e+05 +1.52520113e+02  +4.17858946e+02 +8.76073760e-01  -2.13906467e+05 -1.29044580e+03    +2.00132192e-04 -2.24105934e-02  -2.36207883e-01 +5.17281330e+01  +1.38151186e-04 +6.62846941e-03 
-1.05881400e-03 +0.00000000e+00 +7.92962249e-03 +6.30051617e+06 -3.37204113e+04  +8.22065780e+03 +9.01730142e+00  -5.66230712e+07 +4.28687520e+04    -1.69827616e-05 +1.04902925e+00  -5.64856191e-01 +1.40970357e+03  -4.67478297e-04 -1.26960959e-01 
+6.10046760e-03 +0.00000000e+00 +5.17535458e-03 -2.64484296e+05 +9.25700443e+02  -8.91340270e+02 -4.32056455e+00  -4.77685387e+05 -1.83299779e+03    -2.46168828e-04 +1.54001338e-02  +3.05953013e-01 -7.88712158e+01  -1.55356591e-04 -3.98652783e-04 
+7.65100743e-03 +0.00000000e+00 -2.33711047e-03 -2.05078875e+05 -1.10584481e+03  +2.01603012e+02 +1.85023107e+00  +4.81925024e+04 -4.91521034e+01    +7.34223332e-05 -6.23465539e-03  +1.27296643e-01 -2.11080080e+01  +3.19172129e-05 -2.14521183e-03 
+2.16724631e-03 +0.00000000e+00 -7.70084693e-03 -5.21063487e+04 -4.11642036e+02  -3.78437537e+02 -4.11713636e+00  +1.77211783e+05 +1.21576909e+03    -7.45626370e-05 +5.70176514e-03  +2.61911763e-02 -3.73944277e+00  -1.26360625e-05 +6.89509071e-04 
-5.30907107e-03 +0.00000000e+00 -5.98446024e-03 +1.29890127e+05 +9.32650933e+02  +4.77760403e+02 +4.71004805e+00  +1.38876061e+05 +7.91271439e+02    +1.95328740e-05 -4.18838310e-03  -6.95820627e-02 +1.03921498e+01  +2.90776524e-05 -2.56011383e-03 
