# scuff-scatter run on pekka-pc (09/25/15::22:31:04)
# columns: 
# 1,2,3   x,y,z (evaluation point coordinates)
# 4,5     real, imag Ex
# 6,7     real, imag Ey
# 8,9     real, imag Ez
# 10,11   real, imag Hx
# 12,13   real, imag Hy
# 14,15   real, imag Hz
+0.00000000e+00 +0.00000000e+00 +8.00000000e-03 -nan -nan  -nan -nan  -nan -nan    -nan -nan  -nan -nan  -nan -nan 
+6.73176788e-03 +0.00000000e+00 +4.32241845e-03 -2.40003331e+05 +5.20100260e+03  -6.76766221e+02 +1.79180539e+00  -4.23788479e+05 -1.00084937e+04    -1.09023246e-03 +2.96395872e-03  +3.73166652e+00 -1.58255068e+02  -5.78691533e-04 +4.54795156e-02 
+7.27437941e-03 +0.00000000e+00 -3.32917469e-03 -2.74461269e+05 -9.24397678e+03  +3.38970709e+02 +1.85557728e+01  +8.23765666e+04 +5.48688855e+02    +1.38907611e-03 -2.67872566e-02  +1.84960021e+00 -5.13593649e+01  +1.20998330e-03 -1.98913892e-02 
+1.12896006e-03 +0.00000000e+00 -7.91993997e-03 -4.40075421e+04 -2.00850299e+03  -2.62953429e+02 -1.57498658e+01  +2.81238163e+05 +1.14493335e+04    -9.48344817e-04 +1.54087910e-02  +2.33305175e-01 -5.69805918e+00  -2.40065544e-05 -4.73130305e-04 
-6.05441996e-03 +0.00000000e+00 -5.22914897e-03 +2.32027099e+05 +9.12474288e+03  +7.17061644e+02 +3.98465592e+01  +1.65039009e+05 +4.71300023e+03    +5.19518221e-04 -1.43078947e-02  -1.39342245e+00 +3.65652496e+01  +1.32712127e-04 -3.28337844e-03 
-7.67139420e-03 +0.00000000e+00 +2.26929748e-03 +2.88444042e+05 +1.61260577e+03  +6.67737083e+02 +7.85181066e+00  -2.10083406e+05 -8.18818338e+03    +1.95801679e-03 -5.54771461e-02  -3.07922469e+00 +1.10573484e+02  +3.01478608e-03 -3.95189999e-02 
-2.23532399e-03 +0.00000000e+00 +7.68136229e-03 -3.61039072e+06 -1.36100179e+05  +4.97585996e+04 -1.06066326e+02  -5.37226637e+06 +4.11287836e+04    +4.83224793e-02 -1.19704762e+00  -7.64920498e+00 +8.99115416e+02  -4.89861041e-02 +5.19720347e+00 
+5.25589279e-03 +0.00000000e+00 +6.03121803e-03 -3.05142094e+04 +1.81144676e+04  -1.14314383e+03 -4.01557660e+01  -9.16012876e+05 -1.14248652e+04    -2.30014678e-03 +1.95152302e-01  +4.71255615e+00 -2.52193682e+02  -9.61505489e-03 +4.17972554e-01 
+7.91486597e-03 +0.00000000e+00 -1.16400027e-03 -2.98004641e+05 -7.66551401e+03  +6.03621888e+02 +2.91208362e+01  -1.51847942e+04 -3.44703090e+03    +1.52693030e-03 -3.29592427e-02  +2.30820047e+00 -6.94035630e+01  +2.02727024e-03 -3.28767451e-02 
+3.29694788e-03 +0.00000000e+00 -7.28904210e-03 -1.28463775e+05 -5.69793230e+03  -8.18521790e+02 -4.86390970e+01  +2.52543185e+05 +9.70083988e+03    -1.19026142e-03 +1.97114213e-02  +6.98777875e-01 -1.73326296e+01  -4.00895094e-04 +5.60256960e-03 
-4.35216889e-03 +0.00000000e+00 -6.71257223e-03 +1.67998283e+05 +7.22092364e+03  +6.17724970e+02 +3.27097692e+01  +2.27951652e+05 +8.24161101e+03    +1.10822739e-04 -5.62009130e-03  -9.38876747e-01 +2.36803007e+01  +4.50145195e-04 -9.39179339e-03 
-7.99992165e-03 +0.00000000e+00 +3.54055839e-05 +3.00907153e+05 +6.05894083e+03  -9.77530993e+00 -4.50973406e+00  -7.44345903e+04 -5.34311304e+03    -2.17359511e-04 +1.92288589e-04  -2.55892811e+00 +8.11778274e+01  +1.97507580e-03 -2.56434512e-02 
-4.29258334e-03 +0.00000000e+00 +6.75083167e-03 -3.48529468e+05 -3.30820360e+04  -1.10637462e+03 -1.41351739e+02  -1.50101990e+06 -1.12421497e+04    +1.07230190e-03 +7.15330228e-01  -5.51390217e+00 +3.50162617e+02  +8.27491533e-03 -1.42335665e-01 
+3.36133629e-03 +0.00000000e+00 +7.25957425e-03 +1.23844236e+06 +6.18455412e+04  -2.28575869e+03 -1.01637276e+02  -2.49342687e+06 -5.95024556e+03    +7.70535606e-03 -7.36750428e-02  +6.48711110e+00 -5.05405642e+02  -4.26043040e-03 +1.02088774e-01 
+7.92485885e-03 +0.00000000e+00 +1.09389775e-03 -2.98651398e+05 -4.22036362e+03  +2.49660109e+02 +1.57578095e+01  -1.32875515e+05 -6.80109858e+03    +1.20640888e-04 -3.39699954e-03  +2.79736942e+00 -9.35611497e+01  +1.27363052e-03 -1.03829749e-02 
+5.20230272e-03 +0.00000000e+00 -6.07750330e-03 -1.99749680e+05 -8.27595570e+03  +4.82048113e+02 +2.61847499e+01  +2.01211901e+05 +6.69948688e+03    +1.46840774e-03 -2.56427874e-02  +1.15537011e+00 -2.95879031e+01  +9.56532795e-04 -1.85067278e-02 
-2.30322653e-03 +0.00000000e+00 -7.66127584e-03 +9.00445557e+04 +4.06501794e+03  +1.61680468e+02 +8.47898988e+00  +2.69914347e+05 +1.07554833e+04    -5.43359916e-04 +7.99785371e-03  -4.78724622e-01 +1.18007386e+01  +1.69015186e-04 -2.87643437e-03 
-7.69117994e-03 +0.00000000e+00 -2.20130670e-03 +2.89646403e+05 +8.63676676e+03  -4.81100374e+02 -2.45796951e+01  +3.32560873e+04 -1.58321702e+03    -1.13552952e-03 +2.05738768e-02  -2.08685701e+00 +6.03374636e+01  +1.98317246e-03 -3.44627105e-02 
-6.00789797e-03 +0.00000000e+00 +5.28253367e-03 +1.68829087e+05 -1.05970566e+04  +8.43424786e+02 +2.41159035e+00  -6.26699667e+05 -1.08636782e+04    +4.46407796e-03 -1.05902710e-01  -4.18690407e+00 +1.99030444e+02  +9.68950228e-04 +9.60468850e-02 
+1.19901768e-03 +0.00000000e+00 +7.90963695e-03 -6.54804619e+05 +1.95393282e+05  -9.81286234e+03 -3.26875822e+01  -3.46909404e+07 +2.14568313e+05    +1.78373115e-02 -7.24840541e-01  +6.71766897e+00 -2.25861864e+03  +1.03025422e-03 +2.17909711e-01 
+7.30356201e-03 +0.00000000e+00 +3.26465649e-03 -2.71063153e+05 +1.27675510e+03  -2.98641582e+02 +5.68182351e+00  -2.94864875e+05 -9.19190177e+03    -6.20608942e-04 -4.32257242e-03  +3.36741479e+00 -1.29833936e+02  +5.39776628e-04 +7.63862105e-03 
+6.69324511e-03 +0.00000000e+00 -4.38183408e-03 -2.54406623e+05 -9.39808401e+03  +7.02888001e+02 +3.95550252e+01  +1.27332785e+05 +2.73097688e+03    +2.03178078e-03 -3.72887412e-02  +1.61053381e+00 -4.32559914e+01  +1.36291074e-03 -2.00303104e-02 
-7.08104743e-05 +0.00000000e+00 -7.99968661e-03 +3.30750309e+03 +1.57607156e+02  +3.64301879e+02 +2.04649118e+01  +2.84065009e+05 +1.16214088e+04    -3.38628724e-04 +4.49624895e-03  -1.47096216e-02 +3.65810932e-01  +3.99277722e-05 -9.59520862e-04 
-6.76976323e-03 +0.00000000e+00 -4.26266416e-03 +2.57925930e+05 +9.45546136e+03  -9.03733033e+01 -1.55305035e+00  +1.22576503e+05 +2.50117526e+03    -5.23561540e-04 +6.13713874e-03  -1.63477180e+00 +4.41158986e+01  +6.40358357e-04 -1.29528439e-02 
-7.24462690e-03 +0.00000000e+00 +3.39343206e-03 +2.70739532e+05 -1.57411471e+03  +4.37919557e+02 -2.80734587e+00  -3.07586203e+05 -9.25945660e+03    +2.88534384e-03 -6.95518367e-02  -3.39987370e+00 +1.32598893e+02  +2.43161607e-03 -7.91310551e-03 
-1.05881400e-03 +0.00000000e+00 +7.92962249e-03 +4.18554324e+06 -1.87784623e+05  +6.31800016e+03 -3.89377363e+02  -5.38772472e+07 +2.48055560e+05    +1.40556684e-02 +1.94899906e+00  -6.21471139e+00 +2.78427179e+03  -2.83009331e-03 -1.97904762e-01 
+6.10046760e-03 +0.00000000e+00 +5.17535458e-03 -1.82837420e+05 +9.83440196e+03  -1.13708778e+03 -1.71988999e+01  -5.97820341e+05 -1.07319653e+04    -1.85350965e-03 +4.03882197e-02  +4.13055122e+00 -1.93396253e+02  -1.25259504e-03 +1.35501790e-02 
+7.65100743e-03 +0.00000000e+00 -2.33711047e-03 -2.87981265e+05 -8.71959865e+03  +3.44416598e+02 +1.54748503e+01  +3.91019932e+04 -1.34833722e+03    +1.28389113e-03 -2.22538452e-02  +2.06216034e+00 -5.92686561e+01  +8.85880970e-04 -1.15059262e-02 
+2.16724631e-03 +0.00000000e+00 -7.70084693e-03 -8.51495127e+04 -3.85923545e+03  -7.26641047e+02 -4.23111709e+01  +2.70954127e+05 +1.08203976e+04    -1.36565192e-03 +2.24568749e-02  +4.52620373e-01 -1.11099295e+01  -2.29149258e-04 +3.28561942e-03 
-5.30907107e-03 +0.00000000e+00 -5.98446024e-03 +2.03602756e+05 +8.38938102e+03  +8.66111734e+02 +4.58224911e+01  +1.97369690e+05 +6.48769332e+03    +4.37954567e-04 -1.13382057e-02  -1.18006420e+00 +3.03379701e+01  +3.98255819e-04 -8.76128070e-03 
