# scuff-scatter run on pekka-pc (09/25/15::22:30:28)
# columns: 
# 1,2,3   x,y,z (evaluation point coordinates)
# 4,5     real, imag Ex
# 6,7     real, imag Ey
# 8,9     real, imag Ez
# 10,11   real, imag Hx
# 12,13   real, imag Hy
# 14,15   real, imag Hz
+0.00000000e+00 +0.00000000e+00 +8.00000000e-03 -nan -nan  -nan -nan  -nan -nan    -nan -nan  -nan -nan  -nan -nan 
+6.73176788e-03 +0.00000000e+00 +4.32241845e-03 -2.51616761e+05 +3.27823259e+03  -6.74647686e+02 -1.16375909e+00  -3.97105385e+05 -7.37063165e+03    -6.43339420e-04 +6.65570095e-04  +2.54652440e+00 -1.40251573e+02  -5.10601830e-04 +4.08686148e-02 
+7.27437941e-03 +0.00000000e+00 -3.32917469e-03 -2.51635157e+05 -6.50794785e+03  +2.93996018e+02 +1.25375710e+01  +8.10663749e+04 +5.41433566e+02    +8.85553404e-04 -2.21527049e-02  +1.22404556e+00 -4.42190504e+01  +7.39224941e-04 -1.59380489e-02 
+1.12896006e-03 +0.00000000e+00 -7.91993997e-03 -3.92559437e+04 -1.38031647e+03  -2.25759422e+02 -1.05771176e+01  +2.54399792e+05 +7.97423959e+03    -6.18443501e-04 +1.23677892e-02  +1.53039959e-01 -4.85390953e+00  -1.40649503e-05 -5.20380920e-04 
-6.05441996e-03 +0.00000000e+00 -5.22914897e-03 +2.09949977e+05 +6.34375815e+03  +6.21731707e+02 +2.69039691e+01  +1.53799866e+05 +3.40245116e+03    +3.23213591e-04 -1.23832357e-02  -9.18540696e-01 +3.13393985e+01  +1.09461629e-04 -2.70496442e-03 
-7.67139420e-03 +0.00000000e+00 +2.26929748e-03 +2.83065997e+05 +1.47914074e+03  +6.43295876e+02 +7.06464511e+00  -1.88987763e+05 -5.77243432e+03    +1.31073133e-03 -4.76457076e-02  -2.07603687e+00 +9.69939239e+01  +1.96856723e-03 -3.03439579e-02 
-2.23532399e-03 +0.00000000e+00 +7.68136229e-03 -3.25174626e+06 -1.03550915e+05  +4.99599379e+04 -3.80253259e+01  -5.47712577e+06 +2.97405576e+04    +3.33203610e-02 -1.01132184e+00  -5.46436563e+00 +8.28291206e+02  -3.60390162e-02 +4.77094113e+00 
+5.25589279e-03 +0.00000000e+00 +6.03121803e-03 -7.57199438e+04 +1.27655329e+04  -1.03646003e+03 -2.99130674e+01  -8.84342243e+05 -8.94603745e+03    -1.62379162e-03 +1.79190976e-01  +3.26760784e+00 -2.26241128e+02  -6.83253815e-03 +3.71105538e-01 
+7.91486597e-03 +0.00000000e+00 -1.16400027e-03 -2.78437338e+05 -5.52544656e+03  +5.30960797e+02 +2.01491934e+01  -6.64122859e+03 -2.25921491e+03    +1.00191169e-03 -2.77510237e-02  +1.53626527e+00 -6.01226696e+01  +1.27153318e-03 -2.64575226e-02 
+3.29694788e-03 +0.00000000e+00 -7.28904210e-03 -1.14919458e+05 -3.92412199e+03  -7.03917661e+02 -3.25772927e+01  +2.29714753e+05 +6.79291224e+03    -7.67129961e-04 +1.59479013e-02  +4.58837976e-01 -1.47848198e+01  -2.61375670e-04 +4.43414333e-03 
-4.35216889e-03 +0.00000000e+00 -6.71257223e-03 +1.50754598e+05 +4.98512994e+03  +5.39927645e+02 +2.22396317e+01  +2.08485539e+05 +5.80450921e+03    +6.03726471e-05 -5.11995873e-03  -6.17216698e-01 +2.02293139e+01  +3.03178115e-04 -7.80685848e-03 
-7.99992165e-03 +0.00000000e+00 +3.54055839e-05 +2.84974295e+05 +4.47268167e+03  +1.11768296e+00 -2.91351770e+00  -6.10398351e+04 -3.62223214e+03    -1.37019153e-04 -2.46930536e-04  -1.70971807e+00 +7.06014224e+01  +1.29091367e-03 -1.94751644e-02 
-4.29258334e-03 +0.00000000e+00 +6.75083167e-03 -2.63761280e+05 -2.40999745e+04  -7.44088431e+02 -1.01441614e+02  -1.46899557e+06 -9.24074269e+03    +1.64311831e-04 +6.77223610e-01  -3.86204647e+00 +3.16498215e+02  +5.53928850e-03 -1.13647896e-01 
+3.36133629e-03 +0.00000000e+00 +7.25957425e-03 +1.07736594e+06 +4.61380405e+04  -2.02578543e+03 -7.23692595e+01  -2.47452515e+06 -5.71956446e+03    +5.28831005e-03 -5.09273607e-02  +4.58688570e+00 -4.60289383e+02  -2.87456118e-03 +8.60405830e-02 
+7.92485885e-03 +0.00000000e+00 +1.09389775e-03 -2.87007013e+05 -3.24902304e+03  +2.10848645e+02 +1.05984725e+01  -1.15616964e+05 -4.70179672e+03    +9.28744340e-05 -2.98556799e-03  +1.87631291e+00 -8.16758960e+01  +7.44237596e-04 -6.98865064e-03 
+5.20230272e-03 +0.00000000e+00 -6.07750330e-03 -1.79878265e+05 -5.73027073e+03  +4.18591693e+02 +1.79365008e+01  +1.85322680e+05 +4.75739330e+03    +9.28012563e-04 -2.08843888e-02  +7.60328732e-01 -2.53072442e+01  +6.07092496e-04 -1.52764659e-02 
-2.30322653e-03 +0.00000000e+00 -7.66127584e-03 +8.04095140e+04 +2.79588383e+03  +1.41830283e+02 +5.74828698e+00  +2.44662073e+05 +7.50550134e+03    -3.63425745e-04 +6.25963394e-03  -3.14229464e-01 +1.00615591e+01  +1.12580095e-04 -2.30459812e-03 
-7.69117994e-03 +0.00000000e+00 -2.20130670e-03 +2.67991761e+05 +6.14352541e+03  -4.20457110e+02 -1.68300872e+01  +3.71519843e+04 -9.44394837e+02    -7.37222829e-04 +1.67572280e-02  -1.38502937e+00 +5.21144757e+01  +1.30211626e-03 -2.78094398e-02 
-6.00789797e-03 +0.00000000e+00 +5.28253367e-03 +1.94378905e+05 -7.19844799e+03  +8.33257750e+02 +2.82179419e+00  -5.97153669e+05 -8.23878860e+03    +3.07000438e-03 -8.91556420e-02  -2.88022351e+00 +1.77499080e+02  +5.42826677e-04 +9.29777090e-02 
+1.19901768e-03 +0.00000000e+00 +7.90963695e-03 -1.17220210e+06 +1.50018911e+05  -9.73551779e+03 -1.94464286e+01  -3.52557228e+07 +1.62966972e+05    +1.20483085e-02 -6.40305660e-01  +4.83290325e+00 -2.11159002e+03  +8.80136343e-04 +2.08573450e-01 
+7.30356201e-03 +0.00000000e+00 +3.26465649e-03 -2.72802228e+05 +5.15464942e+02  -3.08468211e+02 +2.24895749e+00  -2.70828105e+05 -6.60027854e+03    -3.39701358e-04 -5.39663300e-03  +2.28219787e+00 -1.14408019e+02  +2.38626859e-04 +8.16028698e-03 
+6.69324511e-03 +0.00000000e+00 -4.38183408e-03 -2.31475299e+05 -6.56631871e+03  +6.07592179e+02 +2.66837613e+01  +1.20787925e+05 +2.04605715e+03    +1.28860815e-03 -3.05959545e-02  +1.06334833e+00 -3.71428967e+01  +8.33917601e-04 -1.57433030e-02 
-7.08104743e-05 +0.00000000e+00 -7.99968661e-03 +2.93524708e+03 +1.07902890e+02  +3.16272226e+02 +1.38166999e+01  +2.56836939e+05 +8.09073924e+03    -2.29867211e-04 +3.40335219e-03  -9.65706115e-03 +3.12357506e-01  +2.64443290e-05 -8.16389567e-04 
-6.76976323e-03 +0.00000000e+00 -4.26266416e-03 +2.34827591e+05 +6.61020921e+03  -8.55032361e+01 -1.46291635e+00  +1.16578989e+05 +1.88720603e+03    -3.48226417e-04 +4.54793841e-03  -1.07971497e+00 +3.78968177e+01  +4.44011595e-04 -1.06234129e-02 
-7.24462690e-03 +0.00000000e+00 +3.39343206e-03 +2.73209488e+05 -7.21534494e+02  +4.40697291e+02 -4.43713695e-01  -2.83310417e+05 -6.67043603e+03    +1.93487509e-03 -5.89035170e-02  -2.30609912e+00 +1.16928949e+02  +1.56430262e-03 -1.85725483e-03 
-1.05881400e-03 +0.00000000e+00 +7.92962249e-03 +4.68292672e+06 -1.44254849e+05  +7.20531008e+03 -2.19126502e+02  -5.45310850e+07 +1.88829015e+05    +7.65847196e-03 +1.86646318e+00  -4.47139176e+00 +2.60816692e+03  -2.43598493e-03 -1.94594215e-01 
+6.10046760e-03 +0.00000000e+00 +5.17535458e-03 -2.06383038e+05 +6.63119008e+03  -1.08553081e+03 -1.50074870e+01  -5.68681453e+05 -8.11684242e+03    -1.22873964e-03 +3.49601560e-02  +2.83862304e+00 -1.72336165e+02  -9.60984781e-04 +9.62534871e-03 
+7.65100743e-03 +0.00000000e+00 -2.33711047e-03 -2.66160755e+05 -6.19465880e+03  +3.05785143e+02 +1.08361325e+01  +4.24191147e+04 -7.79347622e+02    +8.28040364e-04 -1.82337632e-02  +1.36806183e+00 -5.11667108e+01  +5.23539113e-04 -8.70608785e-03 
+2.16724631e-03 +0.00000000e+00 -7.70084693e-03 -7.60049945e+04 -2.65340431e+03  -6.26803639e+02 -2.84755008e+01  +2.45556224e+05 +7.54949623e+03    -8.81972115e-04 +1.81133579e-02  +2.96991301e-01 -9.46818884e+00  -1.48486029e-04 +2.57571086e-03 
-5.30907107e-03 +0.00000000e+00 -5.98446024e-03 +1.83443783e+05 +5.81115785e+03  +7.56584195e+02 +3.11541351e+01  +1.81973359e+05 +4.61296918e+03    +2.69239146e-04 -9.78356695e-03  -7.76798672e-01 +2.59582781e+01  +2.75851670e-04 -7.32364786e-03 
