# scuff-scatter run on pekka-pc (09/25/15::22:36:49)
# columns: 
# 1,2,3   x,y,z (evaluation point coordinates)
# 4,5     real, imag Ex
# 6,7     real, imag Ey
# 8,9     real, imag Ez
# 10,11   real, imag Hx
# 12,13   real, imag Hy
# 14,15   real, imag Hz
+0.00000000e+00 +0.00000000e+00 +8.00000000e-03 -nan -nan  -nan -nan  -nan -nan    -nan -nan  -nan -nan  -nan -nan 
+6.73176788e-03 +0.00000000e+00 +4.32241845e-03 -1.09067241e+05 -2.62708405e+04  -1.18600958e+02 +2.79992162e+01  +7.31848246e+04 -1.93413713e+04    -3.74153210e-03 -1.15786264e-02  +9.74247973e+00 -7.61040755e+00  +1.46031987e-02 +4.90685200e-02 
+7.27437941e-03 +0.00000000e+00 -3.32917469e-03 +1.49543934e+03 -5.97526791e+03  -1.57771776e+01 -1.76252227e+00  +9.71123335e+03 +5.44638140e+03    +2.45343989e-03 +1.18669400e-02  +1.75083042e+00 -4.99386248e-01  +2.58493690e-03 +1.18504172e-02 
+1.12896006e-03 +0.00000000e+00 -7.91993997e-03 +5.26744792e+02 -4.12360895e+02  -7.02186838e+00 +3.26219583e+00  +9.63277300e+02 +4.85199488e+03    +3.38878242e-03 +1.21527097e-02  +1.49492374e-01 -5.28360259e-02  +4.78346597e-04 +1.22183182e-03 
-6.05441996e-03 +0.00000000e+00 -5.22914897e-03 -2.37063777e+03 +3.56361139e+03  -1.11979771e+01 -3.77536477e+00  +5.30898678e+03 +5.41562369e+03    +3.82025726e-03 +1.21160739e-02  -1.14007320e+00 +2.25890385e-01  -2.70027530e-03 -8.02904973e-03 
-7.67139420e-03 +0.00000000e+00 +2.26929748e-03 +3.09283733e+04 +1.89935229e+04  -7.27589325e+01 +8.87273037e+00  +4.26331807e+04 -2.49422814e+03    +1.97584488e-03 +9.03561629e-03  -5.60559446e+00 +2.80571196e+00  -1.29065915e-02 -3.13495091e-02 
-2.23532399e-03 +0.00000000e+00 +7.68136229e-03 +6.51217706e+06 -7.48293851e+05  -3.34945373e+03 +8.55830912e+03  -6.64433712e+06 -1.89305496e+04    -1.72843298e-01 +1.44111837e-03  -6.44075123e+01 +5.55142121e+02  -8.29898839e-01 -2.24928792e-01 
+5.25589279e-03 +0.00000000e+00 +6.03121803e-03 -4.34598518e+05 -1.52815966e+04  -6.63760203e+02 +1.85874856e+02  +7.61678128e+04 -6.86524555e+04    -4.76259509e-02 -5.39947111e-02  +1.89931767e+01 -2.62757888e+01  -1.10962634e-03 +6.57644213e-02 
+7.91486597e-03 +0.00000000e+00 -1.16400027e-03 -2.44750633e+03 -9.64543753e+03  -1.95882908e+01 -1.00274976e+01  +1.74871550e+04 +4.61733184e+03    +2.43595573e-03 +1.10085294e-02  +2.69835467e+00 -9.25801818e-01  +3.40816405e-03 +1.69026778e-02 
+3.29694788e-03 +0.00000000e+00 -7.28904210e-03 +1.52765937e+03 -1.34923691e+03  -8.67758390e+00 +5.16116970e+00  +1.81541831e+03 +5.03680964e+03    +3.01141673e-03 +1.21957207e-02  +4.78435978e-01 -1.18003824e-01  +1.09523692e-03 +3.73399760e-03 
-4.35216889e-03 +0.00000000e+00 -6.71257223e-03 -1.98677319e+03 +1.98665317e+03  -1.37637312e+01 -2.29671610e+00  +2.68961846e+03 +5.16941422e+03    +3.67022122e-03 +1.22644289e-02  -6.88797735e-01 +1.10230879e-01  -1.47122084e-03 -5.06166562e-03 
-7.99992165e-03 +0.00000000e+00 +3.54055839e-05 +7.46180997e+03 +1.23538040e+04  -3.17822489e+01 +9.74928288e+00  +2.39787293e+04 +3.34002227e+03    +2.52267159e-03 +1.04526617e-02  -3.45314102e+00 +1.24700945e+00  -9.43010730e-03 -2.04923182e-02 
-4.29258334e-03 +0.00000000e+00 +6.75083167e-03 +1.01548739e+06 -3.95884027e+04  -1.14689520e+03 +8.80974581e+02  -8.43746301e+04 -1.23283200e+05    -2.03604068e-01 -7.39870352e-02  -2.88721352e+01 +6.04257312e+01  -6.67498608e-02 -1.41242780e-01 
+3.36133629e-03 +0.00000000e+00 +7.25957425e-03 -2.32112052e+06 +1.96718998e+05  -1.59071706e+03 +3.80869646e+02  -8.74188670e+05 -1.77283119e+05    -7.50463727e-02 -1.13353603e-01  +4.26388174e+01 -1.49382964e+02  +4.67756305e-02 +2.08635211e-01 
+7.92485885e-03 +0.00000000e+00 +1.09389775e-03 -1.51394007e+04 -1.51792074e+04  -3.02296636e+01 -4.58244768e+00  +3.11370508e+04 +1.45773840e+03    +1.37156883e-03 +8.63034525e-03  +4.27239706e+00 -1.89217859e+00  +5.38249021e-03 +2.42310560e-02 
+5.20230272e-03 +0.00000000e+00 -6.07750330e-03 +2.22511491e+03 -2.64018344e+03  -1.61092739e+01 -8.66719858e+00  +3.68706423e+03 +5.29704272e+03    +2.19157226e-03 +1.24416181e-02  +8.71466453e-01 -2.11581430e-01  +1.43059749e-03 +6.38671531e-03 
-2.30322653e-03 +0.00000000e+00 -7.66127584e-03 -1.11763854e+03 +8.86078101e+02  -9.09369103e+00 +1.03433418e+00  +1.31739288e+03 +4.92244887e+03    +3.55565805e-03 +1.21733842e-02  -3.31000363e-01 +3.52166930e-02  -8.03848758e-04 -2.49637450e-03 
-7.69117994e-03 +0.00000000e+00 -2.20130670e-03 -2.92262317e+01 +7.73911421e+03  -2.16145847e+01 +9.01057229e+00  +1.34213989e+04 +5.13283783e+03    +3.29023573e-03 +1.11643892e-02  -2.21978813e+00 +6.15536817e-01  -5.95071263e-03 -1.44777194e-02 
-6.00789797e-03 +0.00000000e+00 +5.28253367e-03 +2.24090433e+05 +2.58018203e+04  -1.17775142e+02 +9.85333037e+01  +8.89043520e+04 -3.92370987e+04    -1.20973947e-02 +6.41592464e-03  -1.37417407e+01 +1.38560638e+01  -4.47321642e-02 -7.01741947e-02 
+1.19901768e-03 +0.00000000e+00 +7.90963695e-03 -1.70409560e+07 +1.35658007e+06  -1.01077586e+04 -3.03321638e+02  -5.04951869e+07 +1.17743662e+06    -1.51580264e-01 -1.08627660e+00  +6.67878230e+01 -2.76119877e+03  +7.57981426e-02 +9.18349062e-01 
+7.30356201e-03 +0.00000000e+00 +3.26465649e-03 -5.56296569e+04 -2.27920653e+04  +2.09444463e+00 +1.50419452e+01  +5.49301235e+04 -8.15848483e+03    +3.28567730e-04 +6.92091342e-04  +7.16609849e+00 -4.46586622e+00  +1.07401612e-02 +3.58935317e-02 
+6.69324511e-03 +0.00000000e+00 -4.38183408e-03 +2.15486768e+03 -4.56962688e+03  -1.26865636e+01 -5.11475830e+00  +7.05330330e+03 +5.50373333e+03    +2.34452191e-03 +1.21914407e-02  +1.39036346e+00 -3.68173628e-01  +1.74450778e-03 +9.63448748e-03 
-7.08104743e-05 +0.00000000e+00 -7.99968661e-03 -5.42351348e+01 +2.43428082e+01  -9.80474993e+00 -8.05184499e-01  +8.63043456e+02 +4.84051786e+03    +3.44320054e-03 +1.22143502e-02  -1.50492677e-02 -2.29324972e-02  +1.37300009e-05 -4.54531001e-05 
-6.76976323e-03 +0.00000000e+00 -4.26266416e-03 -2.13893716e+03 +4.71999536e+03  -6.71099687e+00 +5.89806314e+00  +7.41015495e+03 +5.49113945e+03    +3.90442887e-03 +1.17216301e-02  -1.44417441e+00 +3.19931808e-01  -3.72914297e-03 -9.94602230e-03 
-7.24462690e-03 +0.00000000e+00 +3.39343206e-03 +6.06781563e+04 +2.30669538e+04  -9.58581800e+01 +2.07934081e+01  +5.77537228e+04 -9.31264625e+03    -5.53125440e-04 +6.73074104e-03  -7.45894152e+00 +4.58936156e+00  -1.82543017e-02 -3.61371461e-02 
-1.05881400e-03 +0.00000000e+00 +7.92962249e-03 +2.00634149e+07 -1.32552729e+06  -9.29881385e+04 +1.88958524e+04  -7.27018133e+07 +1.44304938e+06    -9.72595045e-01 -2.04736188e+00  -6.20497598e+01 +3.66218542e+03  -2.13966645e-01 -1.83736405e+00 
+6.10046760e-03 +0.00000000e+00 +5.17535458e-03 -2.04132973e+05 -2.64522188e+04  -1.18957873e+02 +6.51541949e+01  +8.73278463e+04 -3.59906646e+04    -1.54170848e-02 -3.66839372e-02  +1.31168744e+01 -1.29982790e+01  +2.58116484e-02 +4.97766527e-02 
+7.65100743e-03 +0.00000000e+00 -2.33711047e-03 +2.44675635e+02 -7.50178253e+03  -2.36324147e+01 -5.57078742e+00  +1.28111615e+04 +5.20649868e+03    +2.03819263e-03 +1.16451380e-02  +2.14185325e+00 -6.60946176e-01  +2.58542556e-03 +1.41155717e-02 
+2.16724631e-03 +0.00000000e+00 -7.70084693e-03 +1.01861675e+03 -8.17490853e+02  -5.22603504e+00 +6.15334789e+00  +1.25360286e+03 +4.91850195e+03    +3.34210074e-03 +1.21225661e-02  +2.98633264e-01 -8.11983114e-02  +7.80133133e-04 +2.37627273e-03 
-5.30907107e-03 +0.00000000e+00 -5.98446024e-03 -2.28374230e+03 +2.74850303e+03  -1.55388764e+01 -4.16176498e+00  +3.88530203e+03 +5.30378497e+03    +3.61810028e-03 +1.22616523e-02  -9.12802067e-01 +1.64392205e-01  -1.94000276e-03 -6.56601442e-03 
