# scuff-scatter run on pekka-pc (09/25/15::22:37:30)
# columns: 
# 1,2,3   x,y,z (evaluation point coordinates)
# 4,5     real, imag Ex
# 6,7     real, imag Ey
# 8,9     real, imag Ez
# 10,11   real, imag Hx
# 12,13   real, imag Hy
# 14,15   real, imag Hz
+0.00000000e+00 +0.00000000e+00 +8.00000000e-03 -7.45686703e+04 -2.81440927e+02  -3.41231330e+04 -5.33537862e+02  -6.92842993e+06 +1.24241435e+06    -1.15039294e-01 -2.19274043e+00  +2.78372227e-01 +3.12164582e+00  -7.30876753e-04 +2.93509815e-02 
+6.73176788e-03 +0.00000000e+00 +4.32241845e-03 +4.60835584e+04 -1.12767515e+04  -1.13498081e+02 -8.87867790e+00  +6.20841999e+04 -1.25720327e+04    -5.42896079e-04 -5.09959190e-03  +6.17481330e+00 +3.11077125e+01  +3.25736251e-03 +2.21245286e-02 
+7.27437941e-03 +0.00000000e+00 -3.32917469e-03 +2.51150836e+04 -4.54114321e+03  -1.55529306e+01 +1.32962587e+00  -1.36008541e+04 +2.73499654e+03    +1.12775346e-03 +5.69545730e-03  +1.32356724e+00 +7.60794937e+00  +9.49533901e-04 +6.08236948e-03 
+1.12896006e-03 +0.00000000e+00 -7.91993997e-03 +2.85280399e+03 -4.41455121e+02  -2.19817541e+00 +3.74480660e-01  -2.23731079e+04 +3.64767359e+03    +1.10850980e-03 +4.58478659e-03  +1.20502282e-01 +7.43888151e-01  +1.95676324e-04 +3.18407485e-05 
-6.05441996e-03 +0.00000000e+00 -5.22914897e-03 -1.81828147e+04 +3.08825230e+03  -1.23137424e+01 +2.06803767e+00  -1.79588939e+04 +3.27785823e+03    +1.54243159e-03 +2.76683860e-03  -8.77095263e-01 -5.17737108e+00  -8.72176975e-04 -2.09216067e-03 
-7.67139420e-03 +0.00000000e+00 +2.26929748e-03 -4.55525929e+04 +9.95549571e+03  -8.44719578e+00 +1.69411689e+01  +1.98994460e+04 -3.48438618e+03    +1.65868742e-03 +1.80528293e-03  -3.78872820e+00 -1.98576297e+01  -4.21399342e-03 -2.35225607e-03 
-2.23532399e-03 +0.00000000e+00 +7.68136229e-03 +1.54075954e+06 -3.63890918e+05  +1.74701273e+04 +3.25376865e+03  -1.37553915e+05 +1.22510102e+04    -2.02698754e-02 +2.85659381e-01  -3.28472498e+01 -1.45488965e+02  -3.79748455e-01 +2.03754620e+00 
+5.25589279e-03 +0.00000000e+00 +6.03121803e-03 -1.18410065e+04 -7.00472601e+02  -2.72498709e+02 +4.93979602e+01  +1.60033098e+05 -3.54338366e+04    -1.92623909e-02 +6.75448848e-02  +1.11129185e+01 +5.37299340e+01  -9.66448676e-03 +1.02166414e-01 
+7.91486597e-03 +0.00000000e+00 -1.16400027e-03 +3.30049519e+04 -6.39674178e+03  -3.13422214e+01 +1.23152982e+00  -6.05217360e+03 +1.54955251e+03    +1.32249156e-03 +4.35223760e-03  +1.97312722e+00 +1.09782612e+01  +1.33443909e-03 +9.27571492e-03 
+3.29694788e-03 +0.00000000e+00 -7.28904210e-03 +8.66698611e+03 -1.37091788e+03  -3.88969200e+00 -8.46711791e-01  -2.14564183e+04 +3.59341748e+03    +9.45317405e-04 +5.62455971e-03  +3.79425205e-01 +2.31345473e+00  +3.61625765e-04 +1.26559414e-03 
-4.35216889e-03 +0.00000000e+00 -6.71257223e-03 -1.18597145e+04 +1.91463770e+03  -9.80726774e+00 +2.79013586e+00  -2.05655523e+04 +3.52750994e+03    +1.41215082e-03 +3.47093954e-03  -5.37030319e-01 -3.23755074e+00  -4.00322159e-04 -2.03039801e-03 
-7.99992165e-03 +0.00000000e+00 +3.54055839e-05 -3.74539923e+04 +7.56674245e+03  -4.66246451e+00 +4.89459781e+00  +2.58563816e+02 +4.25348120e+02    +9.60426155e-04 +4.53452420e-03  -2.45944275e+00 -1.33942978e+01  -3.14142420e-03 +8.70832573e-04 
-4.29258334e-03 +0.00000000e+00 +6.75083167e-03 +1.56022992e+05 -2.96059377e+04  +7.28903560e+02 +2.50906489e+02  +2.56719701e+05 -5.82756327e+04    -7.98890469e-02 +4.38471811e-01  -1.60810417e+01 -7.56020682e+01  -1.87230641e-02 -2.21670047e-03 
+3.36133629e-03 +0.00000000e+00 +7.25957425e-03 -5.06681794e+05 +1.07981806e+05  -7.35071124e+02 +1.16132583e+02  +3.37465770e+05 -7.72309008e+04    -2.28830545e-02 +4.95439056e-02  +2.27850239e+01 +1.05130881e+02  +1.48431168e-02 +1.10645736e-01 
+7.92485885e-03 +0.00000000e+00 +1.09389775e-03 +4.15797904e+04 -8.68191425e+03  -3.85963813e+01 -3.24313264e-01  +7.70630543e+03 -9.98605220e+02    +6.16937071e-04 +5.29166269e-03  +2.98551391e+00 +1.59994275e+01  +1.53108977e-03 +1.36604081e-02 
+5.20230272e-03 +0.00000000e+00 -6.07750330e-03 +1.47438402e+04 -2.43193055e+03  -2.87861021e+01 +2.25738902e-03  -1.95463814e+04 +3.44090544e+03    +9.69244726e-04 +7.08526475e-03  +6.81099684e-01 +4.07665961e+00  +6.76731471e-04 +2.78270969e-03 
-2.30322653e-03 +0.00000000e+00 -7.66127584e-03 -5.94607769e+03 +9.27441706e+02  -4.40412287e+00 +1.48174850e+00  -2.20068342e+04 +3.62558345e+03    +1.22312054e-03 +4.05480642e-03  -2.59340051e-01 -1.58379835e+00  -2.65118044e-04 -6.97443777e-04 
-7.69117994e-03 +0.00000000e+00 -2.20130670e-03 -2.91969041e+04 +5.47310333e+03  -6.81175364e+00 +9.03086930e-01  -1.00945639e+04 +2.20428069e+03    +9.77422274e-04 +4.15228825e-03  -1.64324730e+00 -9.27443543e+00  -1.76866141e-03 -1.61009264e-03 
-6.00789797e-03 +0.00000000e+00 +5.28253367e-03 -2.96055916e+04 +8.73273085e+03  +1.44398405e+02 +4.47273217e+01  +1.03936548e+05 -2.21463677e+04    -1.25287077e-03 +2.56199705e-02  -8.34195855e+00 -4.10024835e+01  -1.68654103e-02 +3.80591260e-02 
+1.19901768e-03 +0.00000000e+00 +7.90963695e-03 -3.08786013e+06 +6.29160173e+05  -1.04272800e+04 +3.08037308e+00  -2.26085302e+06 +5.69148787e+05    -4.51691286e-02 -7.98545643e-01  +3.30250806e+01 +1.60150429e+02  +3.16933847e-02 +7.65268093e-01 
+7.30356201e-03 +0.00000000e+00 +3.26465649e-03 +4.77094585e+04 -1.09650894e+04  -2.67640994e+00 -6.79346890e+00  +3.51393910e+04 -6.73188129e+03    +7.22206290e-04 -1.86679792e-03  +4.71579619e+00 +2.42251686e+01  +2.77263427e-03 +1.49429782e-02 
+6.69324511e-03 +0.00000000e+00 -4.38183408e-03 +2.13034444e+04 -3.72593636e+03  -1.76493676e+01 +1.37635849e+00  -1.61846619e+04 +3.07828457e+03    +1.13353739e-03 +6.18023933e-03  +1.06589945e+00 +6.21932898e+00  +6.06080733e-04 +5.96812747e-03 
-7.08104743e-05 +0.00000000e+00 -7.99968661e-03 -1.96067642e+02 +2.98905002e+01  -7.26651956e+00 +1.61491575e+00  -2.24561420e+04 +3.65577587e+03    +1.21708375e-03 +4.27784713e-03  -9.96859498e-03 -5.80329752e-02  +1.55834590e-05 -1.17692298e-04 
-6.76976323e-03 +0.00000000e+00 -4.26266416e-03 -2.17635063e+04 +3.81985026e+03  +1.07550863e+00 +5.11307277e-01  -1.58763915e+04 +3.03722386e+03    +1.35787557e-03 +2.75477646e-03  -1.09941286e+00 -6.39800605e+00  -1.12565928e-03 -1.90206974e-03 
-7.24462690e-03 +0.00000000e+00 +3.39343206e-03 -4.77578538e+04 +1.10106226e+04  -8.12349587e+00 +1.94555508e+01  +3.81554935e+04 -7.35178441e+03    +1.05808389e-03 +4.75094088e-03  -4.87470428e+00 -2.49822851e+01  -6.59358587e-03 +6.61057780e-03 
-1.05881400e-03 +0.00000000e+00 +7.92962249e-03 +3.27102697e+06 -6.12427989e+05  -4.89071320e+04 +6.61357837e+03  -3.04227303e+06 +6.89365803e+05    -3.61689629e-01 +2.48496104e-01  -3.06389894e+01 -1.53265270e+02  -8.54494804e-02 -1.37863902e+00 
+6.10046760e-03 +0.00000000e+00 +5.17535458e-03 +3.35226599e+04 -9.42024028e+03  -5.06781260e+01 -3.81058846e+00  +9.79854254e+04 -2.07225153e+04    -5.14637128e-03 -6.67267195e-04  +8.02163310e+00 +3.95945685e+01  +7.64690464e-03 -4.76880460e-03 
+7.65100743e-03 +0.00000000e+00 -2.33711047e-03 +2.86993536e+04 -5.35568424e+03  -2.69831282e+01 +1.63807683e+00  -1.06255417e+04 +2.28669451e+03    +9.52272180e-04 +6.62069794e-03  +1.59601557e+00 +9.03937392e+00  +8.20694786e-04 +8.80537485e-03 
+2.16724631e-03 +0.00000000e+00 -7.70084693e-03 +5.56910393e+03 -8.66080688e+02  +9.65456282e-01 -6.01813116e-01  -2.20635519e+04 +3.62900155e+03    +1.04519660e-03 +4.78942079e-03  +2.38539768e-01 +1.46509272e+00  +2.66256440e-04 +5.92447968e-04 
-5.30907107e-03 +0.00000000e+00 -5.98446024e-03 -1.51530050e+04 +2.50759931e+03  -1.25534350e+01 +3.43367372e+00  -1.93740627e+04 +3.42092122e+03    +1.43105873e-03 +3.50990695e-03  -7.07159869e-01 -4.22019739e+00  -5.52220157e-04 -2.51902522e-03 
