# scuff-scatter run on pekka-pc (09/25/15::22:36:17)
# columns: 
# 1,2,3   x,y,z (evaluation point coordinates)
# 4,5     real, imag Ex
# 6,7     real, imag Ey
# 8,9     real, imag Ez
# 10,11   real, imag Hx
# 12,13   real, imag Hy
# 14,15   real, imag Hz
+0.00000000e+00 +0.00000000e+00 +8.00000000e-03 -nan -nan  -nan -nan  -nan -nan    -nan -nan  -nan -nan  -nan -nan 
+6.73176788e-03 +0.00000000e+00 +4.32241845e-03 +9.17850425e+03 -6.13714945e+04  -3.71462724e+02 +2.32068786e+02  +1.42899002e+05 -2.54720680e+04    -1.81666858e-02 -3.51639104e-02  +1.44031502e+01 +2.77994786e+01  +5.89461290e-02 +1.30491817e-01 
+7.27437941e-03 +0.00000000e+00 -3.32917469e-03 +2.07330920e+04 -6.04174007e+03  +1.76028555e+00 -1.11472905e+01  -1.10274625e+04 +8.94564546e+03    +7.13106635e-03 +2.30903209e-02  +1.75454046e+00 +4.92042112e+00  +8.64266970e-03 +2.45360363e-02 
+1.12896006e-03 +0.00000000e+00 -7.91993997e-03 +1.50833162e+03 -9.76948762e+01  -2.14105475e+01 +8.54019239e+00  -1.36291911e+04 +4.32169575e+03    +1.03853996e-02 +2.87053173e-02  +1.17657354e-01 +3.71487965e-01  +1.29454938e-03 +3.40832597e-03 
-6.05441996e-03 +0.00000000e+00 -5.22914897e-03 -1.27355885e+04 +2.58411455e+03  +1.87251624e+01 -1.71108230e+01  -1.34561591e+04 +7.10591193e+03    +1.08911814e-02 +2.99119550e-02  -1.08246366e+00 -3.21993865e+00  -8.60012841e-03 -2.13676280e-02 
-7.67139420e-03 +0.00000000e+00 +2.26929748e-03 -4.63111274e+04 +3.52069345e+04  -3.72927589e+01 -6.99286897e+01  +4.54843520e+04 +3.51887871e+03    +1.75299641e-03 +1.47075217e-02  -7.34552586e+00 -1.65408105e+01  -3.95912931e-02 -9.42740684e-02 
-2.23532399e-03 +0.00000000e+00 +7.68136229e-03 +9.74713733e+06 -1.64047512e+06  -4.52377747e+04 +2.49172406e+04  -6.44235216e+06 -1.96117790e+05    -8.16290825e-01 -1.06516218e+00  -1.36568106e+02 +2.66543170e+02  -2.03922657e+00 -3.89319968e+00 
+5.25589279e-03 +0.00000000e+00 +6.03121803e-03 -3.36708874e+05 -7.01447210e+04  -1.66054052e+03 +6.11229264e+02  +3.61891967e+05 -1.34911039e+05    -1.32054610e-01 -2.77868715e-01  +3.22553917e+01 +4.71209401e+01  +5.32245763e-02 +1.01388875e-01 
+7.91486597e-03 +0.00000000e+00 -1.16400027e-03 +3.16117842e+04 -1.26077214e+04  +4.96088463e+01 -4.51815042e+01  -2.74609985e+03 +1.03240712e+04    +6.16808105e-03 +2.13671256e-02  +2.95927071e+00 +7.73792911e+00  +1.16887612e-02 +3.36441119e-02 
+3.29694788e-03 +0.00000000e+00 -7.28904210e-03 +4.91799983e+03 -4.90349193e+02  -3.58161938e+01 +1.46412475e+01  -1.39184630e+04 +5.01642472e+03    +9.38942637e-03 +2.70139153e-02  +4.05436218e-01 +1.27034132e+00  +3.28729196e-03 +8.99868990e-03 
-4.35216889e-03 +0.00000000e+00 -6.71257223e-03 -7.24879243e+03 +9.74232213e+02  +1.16278812e+01 -1.72965241e+01  -1.39536533e+04 +5.59843363e+03    +1.06350970e-02 +2.95487344e-02  -6.23538920e-01 -1.93066880e+00  -4.86160702e-03 -1.25175116e-02 
-7.99992165e-03 +0.00000000e+00 +3.54055839e-05 -3.84220377e+04 +1.83914992e+04  -6.76877818e+01 +1.48230079e+01  +7.04320587e+03 +9.95301831e+03    +7.26955259e-03 +2.22642448e-02  -4.04456658e+00 -1.01278716e+01  -2.86390386e-02 -6.63645341e-02 
-4.29258334e-03 +0.00000000e+00 +6.75083167e-03 +1.13383170e+06 -2.27212431e+04  -5.91971039e+03 +3.14947960e+03  +4.55481138e+05 -2.75361039e+05    -5.86005848e-01 -1.04352598e+00  -5.31865974e+01 -5.55535565e+01  -2.39579878e-01 -4.92661504e-01 
+3.36133629e-03 +0.00000000e+00 +7.25957425e-03 -3.10527853e+06 +3.47737972e+05  -3.54134677e+03 +1.12388754e+03  -6.18543711e+04 -4.42495026e+05    -2.51399990e-01 -4.95797178e-01  +8.39050324e+01 +2.85998512e+01  +1.53381187e-01 +4.40002333e-01 
+7.92485885e-03 +0.00000000e+00 +1.09389775e-03 +4.35694434e+04 -2.49443072e+04  -1.70817756e+00 -1.61116851e+01  +1.98809148e+04 +8.63113973e+03    +3.72918773e-03 +1.47114522e-02  +5.20891274e+00 +1.24335692e+01  +2.03773648e-02 +5.27105133e-02 
+5.20230272e-03 +0.00000000e+00 -6.07750330e-03 +9.51087627e+03 -1.54944205e+03  +3.85443400e+01 -3.39059621e+01  -1.39042320e+04 +6.23372537e+03    +6.77360858e-03 +2.27179950e-02  +7.81603570e-01 +2.37099811e+00  +4.17709215e-03 +1.28480215e-02 
-2.30322653e-03 +0.00000000e+00 -7.66127584e-03 -3.26859146e+03 +2.57626403e+02  -7.58998075e+00 -1.29012248e+00  -1.37139846e+04 +4.58940990e+03    +1.07269211e-02 +2.93678968e-02  -2.93798047e-01 -9.36177781e-01  -2.45546194e-03 -6.39761801e-03 
-7.69117994e-03 +0.00000000e+00 -2.20130670e-03 -2.62300970e+04 +9.03876471e+03  -6.85815647e+01 +2.75025769e+01  -7.39533157e+03 +9.72144842e+03    +1.04326225e-02 +2.75881808e-02  -2.36382172e+00 -6.41528082e+00  -1.86847608e-02 -4.40582897e-02 
-6.00789797e-03 +0.00000000e+00 +5.28253367e-03 +9.62063894e+04 +7.41933870e+04  -5.53063121e+02 +2.25009504e+02  +2.43781969e+05 -6.71308189e+04    -5.60748641e-02 -6.76444422e-02  -2.19442702e+01 -3.77629487e+01  -1.33250637e-01 -2.85016168e-01 
+1.19901768e-03 +0.00000000e+00 +7.90963695e-03 -2.30825834e+07 +3.20979026e+06  -7.58556917e+03 -2.64312539e+03  -5.56079058e+07 +2.61408592e+06    -5.14293660e-01 -1.83537545e+00  +1.48584623e+02 -2.37754859e+03  +2.04718412e-01 +1.23497883e+00 
+7.30356201e-03 +0.00000000e+00 +3.26465649e-03 +4.14033341e+04 -4.69752344e+04  -1.46774613e+02 +1.44401383e+02  +7.93519298e+04 -5.23141394e+03    -3.67659330e-03 -1.34903842e-03  +9.88092108e+00 +2.08198772e+01  +4.14144023e-02 +9.39540164e-02 
+6.69324511e-03 +0.00000000e+00 -4.38183408e-03 +1.61199187e+04 -3.93104222e+03  +2.25733111e+01 -1.96033571e+01  -1.28492313e+04 +8.01064892e+03    +6.94086500e-03 +2.28962604e-02  +1.33451533e+00 +3.86268468e+00  +6.44489918e-03 +1.85346622e-02 
-7.08104743e-05 +0.00000000e+00 -7.99968661e-03 -9.63469104e+01 -5.10439152e+00  +2.40410145e+00 -7.44682501e+00  -1.36493546e+04 +4.26962298e+03    +1.03552669e-02 +2.87939124e-02  -2.17035838e-02 -7.46674609e-02  -6.16162630e-06 -2.01719615e-05 
-6.76976323e-03 +0.00000000e+00 -4.26266416e-03 -1.66496510e+04 +4.14691594e+03  -4.04441195e+01 +2.47779316e+01  -1.25658500e+04 +8.11022854e+03    +1.16767842e-02 +3.05579022e-02  -1.41947098e+00 -4.10696885e+00  -1.19819759e-02 -2.85851100e-02 
-7.24462690e-03 +0.00000000e+00 +3.39343206e-03 -3.79262546e+04 +4.80017808e+04  -1.24139493e+02 -3.25458659e+01  +8.67395185e+04 -7.16352046e+03    -7.04127084e-03 -8.83161306e-04  -1.04328471e+01 -2.18713417e+01  -5.42198305e-02 -1.23329753e-01 
-1.05881400e-03 +0.00000000e+00 +7.92962249e-03 +2.59812200e+07 -3.15675688e+06  -1.90052932e+05 +6.24215234e+04  -7.90151121e+07 +3.26666064e+06    -3.01990511e+00 -6.74447037e+00  -1.38451458e+02 +3.26582801e+03  -6.23921223e-01 -2.79021574e+00 
+6.10046760e-03 +0.00000000e+00 +5.17535458e-03 -7.54204976e+04 -7.31743918e+04  -5.97720009e+02 +3.88230239e+02  +2.27429329e+05 -5.91625867e+04    -5.20559995e-02 -1.16951070e-01  +2.06510032e+01 +3.59999265e+01  +9.03214220e-02 +1.83177046e-01 
+7.65100743e-03 +0.00000000e+00 -2.33711047e-03 +2.54683128e+04 -8.58777646e+03  +2.19599798e+01 -3.32718799e+01  -8.13515207e+03 +9.68540538e+03    +6.11437578e-03 +2.10331338e-02  +2.23572780e+00 +6.07916910e+00  +9.31451281e-03 +2.72759668e-02 
+2.16724631e-03 +0.00000000e+00 -7.70084693e-03 +2.98053441e+03 -2.11710032e+02  -3.88210928e+01 +2.01139883e+01  -1.37461718e+04 +4.56836486e+03    +1.03120352e-02 +2.85538818e-02  +2.45439185e-01 +7.76712140e-01  +2.31310542e-03 +6.11372120e-03 
-5.30907107e-03 +0.00000000e+00 -5.98446024e-03 -9.93640262e+03 +1.68237695e+03  +2.27191446e+01 -2.53684137e+01  -1.38088973e+04 +6.31506698e+03    +1.04687446e-02 +2.92320067e-02  -8.45656303e-01 -2.56655580e+00  -6.40179567e-03 -1.63607414e-02 
