# scuff-scatter run on pekka-pc (09/25/15::22:32:02)
# columns: 
# 1,2,3   x,y,z (evaluation point coordinates)
# 4,5     real, imag Ex
# 6,7     real, imag Ey
# 8,9     real, imag Ez
# 10,11   real, imag Hx
# 12,13   real, imag Hy
# 14,15   real, imag Hz
+0.00000000e+00 +0.00000000e+00 +8.00000000e-03 -1.18421390e+05 -1.97359622e+03  -9.27686426e+04 -2.54775269e+03  +2.12938311e+07 +6.87924521e+05    +7.98291212e-02 -2.21706886e+00  -6.38935997e-03 -8.34886006e-02  -1.69352732e-04 +3.57496724e-02 
+6.73176788e-03 +0.00000000e+00 +4.32241845e-03 +2.26576755e+04 +1.34117248e+04  -6.39790595e+02 +2.18943991e+01  -4.40982451e+05 -1.89092139e+04    -3.31650858e-03 +1.23980475e-02  +7.99503462e+00 -1.55370800e+02  -2.66747484e-05 +5.32955014e-02 
+7.27437941e-03 +0.00000000e+00 -3.32917469e-03 -2.94982085e+05 -1.93908225e+04  +4.77263208e+02 +4.30275893e+01  +4.59684802e+04 -1.08270224e+02    +3.54579528e-03 -4.04814833e-02  +4.25773329e+00 -6.09482400e+01  +3.39637715e-03 -3.24819555e-02 
+1.12896006e-03 +0.00000000e+00 -7.91993997e-03 -5.40294391e+04 -4.46013037e+03  -3.78371607e+02 -3.67490390e+01  +3.20037765e+05 +2.45018474e+04    -2.20440880e-03 +2.42022269e-02  +5.47942082e-01 -7.12675587e+00  -5.82887557e-05 -2.65083723e-04 
-6.05441996e-03 +0.00000000e+00 -5.22914897e-03 +2.67056807e+05 +1.97221649e+04  +1.01033347e+03 +9.22403861e+01  +1.56707193e+05 +9.12761025e+03    +1.44076675e-03 -1.98550344e-02  -3.23653446e+00 +4.44217064e+01  +5.72180241e-05 -4.38845849e-03 
-7.67139420e-03 +0.00000000e+00 +2.26929748e-03 +1.67097937e+05 +1.03490317e+03  +7.10728180e+02 +5.30146799e+00  -2.77951943e+05 -1.72407311e+04    +4.38794905e-03 -7.59800209e-02  -6.78922082e+00 +1.17351043e+02  +7.08667079e-03 -6.69632170e-02 
-2.23532399e-03 +0.00000000e+00 +7.68136229e-03 -7.40730041e+06 -2.35244160e+05  +4.86200152e+04 -4.22315773e+02  +1.40964408e+06 +8.02293027e+04    +9.99009018e-02 -1.67575401e+00  -1.46313499e+01 +4.42422947e+02  -8.64314999e-02 +6.04718531e+00 
+5.25589279e-03 +0.00000000e+00 +6.03121803e-03 +5.42396567e+05 +3.76570011e+04  -1.41707604e+03 -6.97249904e+01  -7.09211554e+05 -1.81582153e+04    -5.06845536e-03 +2.29359131e-01  +9.71343653e+00 -2.19712768e+02  -1.85185661e-02 +5.26330819e-01 
+7.91486597e-03 +0.00000000e+00 -1.16400027e-03 -2.84825551e+05 -1.51679773e+04  +8.17813923e+02 +6.35884149e+01  -7.55465377e+04 -8.55726671e+03    +3.65003561e-03 -4.75907213e-02  +5.24422680e+00 -7.96345360e+01  +5.39608910e-03 -5.28451060e-02 
+3.29694788e-03 +0.00000000e+00 -7.28904210e-03 -1.55816842e+05 -1.25912079e+04  -1.17601728e+03 -1.14468011e+02  +2.78996043e+05 +2.04693982e+04    -2.87340740e-03 +3.07557616e-02  +1.63757169e+00 -2.15487275e+01  -9.46139967e-04 +9.07882299e-03 
-4.35216889e-03 +0.00000000e+00 -6.71257223e-03 +2.00970214e+05 +1.58662389e+04  +8.54529657e+02 +7.45326045e+01  +2.44153941e+05 +1.71237042e+04    +4.37226731e-04 -7.10197874e-03  -2.19441093e+00 +2.92382397e+01  +9.55778306e-04 -1.36391841e-02 
-7.99992165e-03 +0.00000000e+00 +3.54055839e-05 +2.59486812e+05 +1.12591884e+04  -4.53227886e+01 -1.11189588e+01  -1.43292261e+05 -1.23220111e+04    -5.52298537e-04 +1.82022232e-03  -5.76236134e+00 +9.10280228e+01  +4.57577054e-03 -4.39476810e-02 
-4.29258334e-03 +0.00000000e+00 +6.75083167e-03 -1.29452819e+06 -6.37217910e+04  -2.10311390e+03 -2.75797387e+02  -8.90901659e+05 -1.52014956e+04    +5.54866213e-03 +7.66106958e-01  -1.10857199e+01 +2.76309789e+02  +1.79966104e-02 -2.21644190e-01 
+3.36133629e-03 +0.00000000e+00 +7.25957425e-03 +2.88647129e+06 +1.12378627e+05  -3.01050685e+03 -2.02219972e+02  -8.44828154e+05 -3.07938172e+03    +1.58334349e-02 -1.38848696e-01  +1.27359302e+01 -3.47278718e+02  -9.10014025e-03 +1.44580682e-01 
+7.92485885e-03 +0.00000000e+00 +1.09389775e-03 -2.24910763e+05 -6.92657430e+03  +3.69779231e+02 +3.69226646e+01  -2.04794493e+05 -1.49940438e+04    +1.71632797e-04 -4.24022897e-03  +6.24240573e+00 -1.02504964e+02  +3.89730234e-03 -2.28806744e-02 
+5.20230272e-03 +0.00000000e+00 -6.07750330e-03 -2.35173956e+05 -1.80596215e+04  +6.72657144e+02 +5.85298405e+01  +2.06633102e+05 +1.36086978e+04    +3.83239831e-03 -4.00895580e-02  +2.69393573e+00 -3.63070512e+01  +2.49167106e-03 -2.81723997e-02 
-2.30322653e-03 +0.00000000e+00 -7.66127584e-03 +1.10059006e+05 +9.01024432e+03  +2.22595978e+02 +1.95611250e+01  +3.03821624e+05 +2.29011699e+04    -1.15218307e-03 +1.28857032e-02  -1.12285903e+00 +1.47078180e+01  +3.63855267e-04 -4.46662599e-03 
-7.69117994e-03 +0.00000000e+00 -2.20130670e-03 +2.95103596e+05 +1.76672336e+04  -6.62634522e+02 -5.47199950e+01  -1.64913351e+04 -4.67872670e+03    -2.69879941e-03 +3.15601960e-02  -4.77237056e+00 +7.03955997e+01  +4.57549279e-03 -5.34829268e-02 
-6.00789797e-03 +0.00000000e+00 +5.28253367e-03 -2.21671323e+05 -2.38190563e+04  +8.53844680e+02 -2.25603678e+00  -5.66462605e+05 -1.89633871e+04    +9.33754753e-03 -1.49608446e-01  -8.79865358e+00 +1.84727552e+02  +2.68323704e-03 +9.59086620e-02 
+1.19901768e-03 +0.00000000e+00 +7.90963695e-03 +1.09134818e+07 +3.29942071e+05  -1.00910122e+04 -8.91396282e+01  +1.17205025e+07 +3.72632738e+05    +3.83499004e-02 -9.31932564e-01  +1.26187801e+01 -3.98517071e+02  +9.95506423e-04 +2.32269274e-01 
+7.30356201e-03 +0.00000000e+00 +3.26465649e-03 -9.38584989e+04 +5.24889508e+03  -2.39306276e+02 +2.50777989e+01  -3.48863717e+05 -1.85100203e+04    -2.06458071e-03 +1.14152194e-03  +7.33377612e+00 -1.33393309e+02  +2.40151682e-03 +2.52805393e-03 
+6.69324511e-03 +0.00000000e+00 -4.38183408e-03 -2.84821785e+05 -2.00761392e+04  +9.96425477e+02 +9.17663880e+01  +1.05410936e+05 +4.69159217e+03    +5.22760474e-03 -5.72939293e-02  +3.72728507e+00 -5.20533321e+01  +3.79922545e-03 -3.38568737e-02 
-7.08104743e-05 +0.00000000e+00 -7.99968661e-03 +4.16731700e+03 +3.53216315e+02  +5.12469062e+02 +4.74522675e+01  +3.24064619e+05 +2.48966910e+04    -6.56553034e-04 +7.48837495e-03  -3.45623914e-02 +4.56675911e-01  +9.34195445e-05 -1.35110611e-03 
-6.76976323e-03 +0.00000000e+00 -4.26266416e-03 +2.87811908e+05 +2.01711848e+04  -9.74840243e+01 -1.08545713e-01  +9.91313624e+04 +4.18909438e+03    -1.13599482e-03 +1.07635338e-02  -3.78049134e+00 +5.29816032e+01  +1.23379820e-03 -1.90179440e-02 
-7.24462690e-03 +0.00000000e+00 +3.39343206e-03 +8.58054500e+04 -5.89205807e+03  +4.03392879e+02 -1.67446788e+01  -3.58289493e+05 -1.84983487e+04    +6.46085645e-03 -9.81340885e-02  -7.39017747e+00 +1.35502796e+02  +5.86564733e-03 -2.82451262e-02 
-1.05881400e-03 +0.00000000e+00 +7.92962249e-03 -1.02628839e+07 -3.16665720e+05  +2.96511503e+03 -1.09371961e+03  +1.34707071e+07 +4.28313765e+05    +4.19271684e-02 +2.00750781e+00  -1.16723127e+01 +3.65807978e+02  -2.72924726e-03 -2.00554696e-01 
+6.10046760e-03 +0.00000000e+00 +5.17535458e-03 +1.89377131e+05 +2.24368510e+04  -1.23298656e+03 -1.41005130e+01  -5.49803400e+05 -1.88705989e+04    -4.75079148e-03 +5.66041156e-02  +8.70096614e+00 -1.80850146e+02  -1.62591719e-03 +2.27313717e-02 
+7.65100743e-03 +0.00000000e+00 -2.33711047e-03 -2.95406841e+05 -1.78917292e+04  +4.56202971e+02 +3.29090014e+01  -9.25180696e+03 -4.18478744e+03    +3.20802629e-03 -3.42105257e-02  +4.72040382e+00 -6.93219555e+01  +2.64537506e-03 -2.09999649e-02 
+2.16724631e-03 +0.00000000e+00 -7.70084693e-03 -1.04264502e+05 -8.56117515e+03  -1.03562772e+03 -9.84495999e+01  +3.05308366e+05 +2.30498882e+04    -3.28518114e-03 +3.52031115e-02  +1.06241552e+00 -1.38709581e+01  -5.40997838e-04 +5.38963088e-03 
-5.30907107e-03 +0.00000000e+00 -5.98446024e-03 +2.39119920e+05 +1.82899026e+04  +1.19928488e+03 +1.04357451e+02  +2.01324475e+05 +1.31303331e+04    +1.25597528e-03 -1.59493249e-02  -2.74979497e+00 +3.71654062e+01  +7.65285313e-04 -1.24295746e-02 
