# scuff-scatter run on pekka-pc (09/25/15::22:32:38)
# columns: 
# 1,2,3   x,y,z (evaluation point coordinates)
# 4,5     real, imag Ex
# 6,7     real, imag Ey
# 8,9     real, imag Ez
# 10,11   real, imag Hx
# 12,13   real, imag Hy
# 14,15   real, imag Hz
+0.00000000e+00 +0.00000000e+00 +8.00000000e-03 -1.25932788e+05 -3.18521312e+03  -1.02430082e+05 -4.07549749e+03  +2.38155448e+07 +1.02666273e+06    +1.40153952e-01 -2.65833158e+00  -2.98531535e-02 -4.24473659e-02  -1.98425833e-04 +3.84250097e-02 
+6.73176788e-03 +0.00000000e+00 +4.32241845e-03 +7.77558835e+04 +2.82198182e+04  -5.28037831e+02 +7.20521808e+01  -5.14315181e+05 -3.07192120e+04    -8.07062908e-03 +2.78773810e-02  +1.44620972e+01 -1.95830698e+02  +2.76689245e-03 +5.44533096e-02 
+7.27437941e-03 +0.00000000e+00 -3.32917469e-03 -3.70834839e+05 -3.54533033e+04  +6.53829543e+02 +8.63750561e+01  +4.37501344e+04 -1.86259358e+03    +7.58317828e-03 -5.77648805e-02  +8.27941600e+00 -8.14942041e+01  +7.85422984e-03 -4.97702281e-02 
+1.12896006e-03 +0.00000000e+00 -7.91993997e-03 -7.15196551e+04 -8.59510178e+03  -5.26365550e+02 -7.34127880e+01  +4.14654159e+05 +4.61721736e+04    -4.08145253e-03 +3.43514426e-02  +1.08759512e+00 -9.73030423e+00  -8.44339605e-05 -5.48026665e-06 
-6.05441996e-03 +0.00000000e+00 -5.22914897e-03 +3.44395106e+05 +3.70773430e+04  +1.38412312e+03 +1.84216889e+02  +1.90903868e+05 +1.58651670e+04    +3.40757976e-03 -2.71529713e-02  -6.35272324e+00 +5.99314774e+01  -5.35887453e-04 -4.44360779e-03 
-7.67139420e-03 +0.00000000e+00 +2.26929748e-03 +1.69296781e+05 -1.85327626e+03  +7.18837389e+02 -9.22112397e+00  -3.46723169e+05 -3.10612598e+04    +8.17406956e-03 -9.80324304e-02  -1.26396828e+01 +1.51086467e+02  +1.35620752e-02 -9.98644496e-02 
-2.23532399e-03 +0.00000000e+00 +7.68136229e-03 -8.27528370e+06 -3.55886641e+05  +4.66836927e+04 -9.78477680e+02  +1.71868186e+06 +1.36386642e+05    +1.70544677e-01 -2.16408154e+00  -2.35716163e+01 +5.22717767e+02  -1.27572595e-01 +6.69556232e+00 
+5.25589279e-03 +0.00000000e+00 +6.03121803e-03 +6.90342126e+05 +6.77005180e+04  -1.67543281e+03 -9.68799455e+01  -7.75322135e+05 -2.39584248e+04    -1.04129431e-02 +2.61382851e-01  +1.68979901e+01 -2.70108274e+02  -2.93013740e-02 +6.24591626e-01 
+7.91486597e-03 +0.00000000e+00 -1.16400027e-03 -3.43681429e+05 -2.61916742e+04  +1.07561214e+03 +1.20268068e+02  -1.10980006e+05 -1.73684634e+04    +7.36521504e-03 -6.49521371e-02  +1.00624116e+01 -1.05176905e+02  +1.19713993e-02 -7.93981033e-02 
+3.29694788e-03 +0.00000000e+00 -7.28904210e-03 -2.05214214e+05 -2.41569113e+04  -1.63873164e+03 -2.31264195e+02  +3.57768344e+05 +3.81475783e+04    -5.61565019e-03 +4.39957811e-02  +3.24337950e+00 -2.93444767e+01  -1.80491485e-03 +1.32490356e-02 
-4.35216889e-03 +0.00000000e+00 -6.71257223e-03 +2.63207122e+05 +3.02833102e+04  +1.15273940e+03 +1.47013925e+02  +3.09785630e+05 +3.15238344e+04    +1.38360203e-03 -9.54699494e-03  -4.33530675e+00 +3.97030188e+01  +1.57483013e-03 -1.80525502e-02 
-7.99992165e-03 +0.00000000e+00 +3.54055839e-05 +3.02658551e+05 +1.81747286e+04  -9.21174869e+01 -2.23718313e+01  -1.93423994e+05 -2.38569493e+04    -1.13642052e-03 +4.12570300e-03  -1.09580253e+01 +1.19265657e+02  +8.50233791e-03 -6.54083547e-02 
-4.29258334e-03 +0.00000000e+00 +6.75083167e-03 -1.53929742e+06 -1.07132163e+05  -3.17019763e+03 -4.54744239e+02  -9.42033644e+05 -1.51841781e+04    +1.32784992e-02 +7.76880030e-01  -1.88040813e+01 +3.34828146e+02  +3.16728505e-02 -3.07690145e-01 
+3.36133629e-03 +0.00000000e+00 +7.25957425e-03 +3.30942574e+06 +1.78721958e+05  -3.80029297e+03 -3.39368810e+02  -8.46453045e+05 +7.76692051e+03    +2.59796819e-02 -2.09140418e-01  +2.10798978e+01 -4.15666985e+02  -1.55820490e-02 +1.88917946e-01 
+7.92485885e-03 +0.00000000e+00 +1.09389775e-03 -2.50681876e+05 -9.51509970e+03  +5.24090817e+02 +7.46915049e+01  -2.65196535e+05 -2.80644447e+04    +1.35184051e-04 -4.75272194e-03  +1.17621535e+01 -1.33279886e+02  +9.54375937e-03 -4.22020661e-02 
+5.20230272e-03 +0.00000000e+00 -6.07750330e-03 -3.06003084e+05 -3.42523661e+04  +9.07947481e+02 +1.13177871e+02  +2.58447033e+05 +2.46047302e+04    +8.37251260e-03 -5.88478239e-02  +5.30812386e+00 -4.91805097e+01  +5.46580045e-03 -4.06139568e-02 
-2.30322653e-03 +0.00000000e+00 -7.66127584e-03 +1.45399960e+05 +1.73351615e+04  +3.00666681e+02 +3.93736574e+01  +3.92160689e+05 +4.29848591e+04    -1.82079050e-03 +1.80396592e-02  -2.22662996e+00 +2.00470284e+01  +5.91832036e-04 -6.15123624e-03 
-7.69117994e-03 +0.00000000e+00 -2.20130670e-03 +3.64009043e+05 +3.15322244e+04  -8.84270680e+02 -1.04419281e+02  -3.66860872e+04 -1.03631565e+04    -5.23361442e-03 +4.44701081e-02  -9.21873649e+00 +9.35318661e+01  +8.53444873e-03 -7.53094266e-02 
-6.00789797e-03 +0.00000000e+00 +5.28253367e-03 -3.16990974e+05 -4.56013032e+04  +8.39816776e+02 -1.49317759e+01  -6.38126428e+05 -2.82324866e+04    +1.61098003e-02 -1.94890478e-01  -1.56100142e+01 +2.29812714e+02  +5.22482120e-03 +8.88094604e-02 
+1.19901768e-03 +0.00000000e+00 +7.90963695e-03 +1.21188088e+07 +4.87478667e+05  -1.04782893e+04 -1.84436547e+02  +1.30972576e+07 +5.67436061e+05    +6.69561480e-02 -1.13692275e+00  +1.99491584e+01 -4.68303176e+02  +2.07450624e-04 +2.41565523e-01 
+7.30356201e-03 +0.00000000e+00 +3.26465649e-03 -7.10089998e+04 +1.35762617e+04  -1.20462412e+02 +6.91980148e+01  -4.21929011e+05 -3.20276905e+04    -5.20046340e-03 +1.09292161e-02  +1.34852201e+01 -1.70125221e+02  +7.06605383e-03 -9.38185050e-03 
+6.69324511e-03 +0.00000000e+00 -4.38183408e-03 -3.63493007e+05 -3.73369423e+04  +1.37093015e+03 +1.83551822e+02  +1.22106136e+05 +7.28036130e+03    +1.12131285e-02 -8.27555284e-02  +7.28772357e+00 -6.99688235e+01  +8.70256438e-03 -5.29050117e-02 
-7.08104743e-05 +0.00000000e+00 -7.99968661e-03 +5.55851255e+03 +6.86500599e+02  +7.02520808e+02 +9.52410094e+01  +4.20214737e+05 +4.69548961e+04    -8.13534242e-04 +1.03141727e-02  -6.88883555e-02 +6.20918993e-01  +1.82873558e-04 -1.79880496e-03 
-6.76976323e-03 +0.00000000e+00 -4.26266416e-03 +3.66860655e+05 +3.74653922e+04  -9.31691738e+01 +6.40484092e+00  +1.13863765e+05 +6.32690329e+03    -1.89301702e-03 +1.58631012e-02  -7.38668666e+00 +7.11605222e+01  +1.70385114e-03 -2.47849493e-02 
-7.24462690e-03 +0.00000000e+00 +3.39343206e-03 +6.04076724e+04 -1.47767303e+04  +3.23416121e+02 -4.82413967e+01  -4.31150469e+05 -3.17654752e+04    +1.20399717e-02 -1.29542574e-01  -1.35636038e+01 +1.72561003e+02  +1.13764415e-02 -5.44438904e-02 
-1.05881400e-03 +0.00000000e+00 +7.92962249e-03 -1.14190453e+07 -4.67244176e+05  -1.72034818e+03 -2.23017768e+03  +1.50495062e+07 +6.48383718e+05    +8.83626029e-02 +1.92658380e+00  -1.84500693e+01 +4.30209817e+02  -5.08766080e-04 -2.04298871e-01 
+6.10046760e-03 +0.00000000e+00 +5.17535458e-03 +2.79471409e+05 +4.34426401e+04  -1.26020474e+03 +1.37582375e+01  -6.21285380e+05 -2.83210323e+04    -1.07229974e-02 +7.85476033e-02  +1.54732383e+01 -2.25359258e+02  -4.24823330e-04 +2.84203908e-02 
+7.65100743e-03 +0.00000000e+00 -2.33711047e-03 -3.65209499e+05 -3.20290424e+04  +5.87966357e+02 +6.10481018e+01  -2.75128444e+04 -9.46009613e+03    +6.75484085e-03 -4.93159992e-02  +9.12654065e+00 -9.21926991e+01  +6.38253296e-03 -3.47758770e-02 
+2.16724631e-03 +0.00000000e+00 -7.70084693e-03 -1.37854092e+05 -1.64827947e+04  -1.43156710e+03 -1.96886531e+02  +3.94221306e+05 +4.32799599e+04    -6.40368151e-03 +5.04540918e-02  +2.10761993e+00 -1.89224105e+01  -1.01556314e-03 +7.87384638e-03 
-5.30907107e-03 +0.00000000e+00 -5.98446024e-03 +3.10850074e+05 +3.46594270e+04  +1.61809169e+03 +2.05492033e+02  +2.51263894e+05 +2.36693319e+04    +3.06997781e-03 -2.22774989e-02  -5.41548950e+00 +5.03091987e+01  +1.04668160e-03 -1.58464850e-02 
