# scuff-scatter run on pekka-pc (09/25/15::22:23:49)
# columns: 
# 1,2,3   x,y,z (evaluation point coordinates)
# 4,5     real, imag Ex
# 6,7     real, imag Ey
# 8,9     real, imag Ez
# 10,11   real, imag Hx
# 12,13   real, imag Hy
# 14,15   real, imag Hz
+0.00000000e+00 +0.00000000e+00 +8.00000000e-03 -nan -nan  -nan -nan  -nan -nan    -nan -nan  -nan -nan  -nan -nan 
+6.73176788e-03 +0.00000000e+00 +4.32241845e-03 -2.77792617e+05 +8.09300150e+01  -6.08132996e+02 -7.70368542e-01  -3.03997343e+05 -6.40011883e+02    -4.18041839e-05 -1.07287905e-03  +5.52493647e-02 -3.14400168e+01  +2.36717694e-06 +8.94677659e-03 
+7.27437941e-03 +0.00000000e+00 -3.32917469e-03 -1.78754248e+05 -4.36601687e+02  +1.64229482e+02 +7.22376365e-01  +7.28540796e+04 +6.50762023e+01    +1.23895060e-05 -3.77207316e-03  +2.21768288e-02 -8.84730230e+00  +1.13128903e-05 -2.40735444e-03 
+1.12896006e-03 +0.00000000e+00 -7.91993997e-03 -2.49418125e+04 -7.99980804e+01  -1.20527180e+02 -5.63039141e-01  +1.71021570e+05 +4.74873699e+02    -1.14280552e-05 +1.70907916e-03  +2.60029087e-03 -9.29965285e-01  +7.79165235e-07 -2.02436350e-04 
-6.05441996e-03 +0.00000000e+00 -5.22914897e-03 +1.41519304e+05 +3.96041110e+02  +3.47437127e+02 +1.50372954e+00  +1.15801295e+05 +2.31628493e+02    +4.57047041e-06 -2.63594308e-03  -1.61711160e-02 +6.15637560e+00  +5.00936290e-06 -3.18447280e-04 
-7.67139420e-03 +0.00000000e+00 +2.26929748e-03 +2.56596436e+05 +2.24000899e+02  +5.26904289e+02 +9.47356400e-01  -1.21930434e+05 -4.18570836e+02    +2.97201627e-05 -9.33690101e-03  -4.22143938e-02 +2.08943307e+01  +3.45357617e-05 -2.85309667e-03 
-2.23532399e-03 +0.00000000e+00 +7.68136229e-03 -1.89664286e+06 -9.80015303e+03  +4.93856989e+04 +1.20424458e+01  -5.83129836e+06 +2.23274158e+03    +8.16861280e-04 -1.75846258e-01  -1.45482435e-01 +2.16306249e+02  -1.00527315e-03 +1.21724621e+00 
+5.25589279e-03 +0.00000000e+00 +6.03121803e-03 -2.18761608e+05 +8.57287427e+02  -6.68260497e+02 -2.44575786e+00  -7.59579119e+05 -9.57563947e+02    -1.56812860e-04 +4.63804875e-02  +7.66010452e-02 -5.31565923e+01  -2.97836963e-04 +8.28069077e-02 
+7.91486597e-03 +0.00000000e+00 -1.16400027e-03 -2.12600140e+05 -4.17782380e+02  +3.10626383e+02 +1.29699683e+00  +1.61197540e+04 -1.18600711e+02    +1.60927094e-05 -5.05356588e-03  +2.89065414e-02 -1.23282980e+01  +2.40736660e-05 -3.99494936e-03 
+3.29694788e-03 +0.00000000e+00 -7.28904210e-03 -7.38982152e+04 -2.30845518e+02  -3.80875256e+02 -1.72146327e+00  +1.57863327e+05 +4.13982735e+02    -1.23695614e-05 +2.37191231e-03  +7.85776944e-03 -2.84848197e+00  -5.13664153e-06 +5.68089834e-04 
-4.35216889e-03 +0.00000000e+00 -6.71257223e-03 +9.82094495e+04 +2.97855420e+02  +3.12215553e+02 +1.26010922e+00  +1.46365954e+05 +3.62197181e+02    -1.25616214e-07 -1.34094196e-03  -1.06472599e-02 +3.92101933e+00  +6.37571632e-06 -1.28098455e-03 
-7.99992165e-03 +0.00000000e+00 +3.54055839e-05 +2.28642389e+05 +3.75661889e+02  +2.79393422e+01 -1.23501182e-01  -2.21734706e+04 -2.20596730e+02    +2.88154780e-07 -3.75309889e-04  -3.29526162e-02 +1.47061824e+01  +2.52066420e-05 -1.56033619e-03 
-4.29258334e-03 +0.00000000e+00 +6.75083167e-03 +2.66404491e+04 -1.90648676e+03  +4.18990651e+02 -7.23271988e+00  -1.33100652e+06 -1.13687184e+03    -1.56561478e-04 +1.92032950e-01  -9.47168821e-02 +7.65721206e+01  +5.29547801e-06 -1.35899025e-02 
+3.36133629e-03 +0.00000000e+00 +7.25957425e-03 +4.94965726e+05 +4.04081044e+03  -1.20469571e+03 -5.02972097e+00  -2.37179088e+06 -9.84059089e+02    +1.95500601e-04 +2.67374066e-03  +1.17214048e-01 -1.14751351e+02  -4.28955437e-05 +1.54287696e-02 
+7.92485885e-03 +0.00000000e+00 +1.09389775e-03 -2.42431868e+05 -3.18909479e+02  +1.00409975e+02 +6.17671112e-01  -6.31503027e+04 -3.12363507e+02    +2.69350277e-06 -5.82517495e-04  +3.70319586e-02 -1.72649047e+01  +6.16687647e-06 -1.23683216e-04 
+5.20230272e-03 +0.00000000e+00 -6.07750330e-03 -1.18889995e+05 -3.48721064e+02  +2.30558088e+02 +1.06633561e+00  +1.33621368e+05 +3.06278387e+02    +1.51046956e-05 -3.30887673e-03  +1.32313226e-02 -4.93009676e+00  +1.38090103e-05 -2.60296907e-03 
-2.30322653e-03 +0.00000000e+00 -7.66127584e-03 +5.13236512e+04 +1.63001145e+02  +8.38202988e+01 +3.18425231e-01  +1.65841793e+05 +4.50857330e+02    -7.93322103e-06 +6.70471466e-04  -5.35540871e-03 +1.93482657e+00  +2.44454351e-06 -2.99765162e-04 
-7.69117994e-03 +0.00000000e+00 -2.20130670e-03 +1.97215101e+05 +4.35335265e+02  -2.41317307e+02 -1.01985949e+00  +4.50991757e+04 -2.91560044e+01    -8.79024928e-06 +2.54252802e-03  -2.55737690e-02 +1.05608894e+01  +2.57560735e-05 -3.90284354e-03 
-6.00789797e-03 +0.00000000e+00 +5.28253367e-03 +2.67832459e+05 -3.85852394e+02  +7.70011079e+02 +6.15897634e-01  -4.87773067e+05 -7.95393439e+02    +1.32279906e-04 -1.53040219e-02  -6.50472958e-02 +4.07652439e+01  -5.04774402e-05 +2.79872200e-02 
+1.19901768e-03 +0.00000000e+00 +7.90963695e-03 -3.16752455e+06 +1.46956862e+04  -9.60100935e+03 -1.31028488e-01  -3.73862177e+07 +1.53015925e+04    +2.58400386e-04 -1.43951948e-01  +1.32296326e-01 -5.85072504e+02  -1.51163303e-05 +6.45881595e-02 
+7.30356201e-03 +0.00000000e+00 +3.26465649e-03 -2.67778423e+05 -1.04295094e+02  -2.96010668e+02 -3.25233726e-01  -1.91295354e+05 -5.18020672e+02    -5.31179744e-06 -2.24009215e-03  +4.77665370e-02 -2.50855133e+01  +1.26286748e-06 +2.42688613e-03 
+6.69324511e-03 +0.00000000e+00 -4.38183408e-03 -1.59547698e+05 -4.22159775e+02  +3.34218050e+02 +1.50346811e+00  +9.67354301e+04 +1.54568470e+02    +1.77762450e-05 -5.02075453e-03  +1.89551760e-02 -7.35180274e+00  +1.27607774e-05 -2.11569537e-03 
-7.08104743e-05 +0.00000000e+00 -7.99968661e-03 +1.82440382e+03 +6.16947830e+00  +1.77936245e+02 +7.50295958e-01  +1.72332917e+05 +4.80778891e+02    -4.51490409e-06 +2.26475238e-04  -1.63130775e-04 +6.04371447e-02  +1.55776468e-06 -1.56144882e-04 
-6.76976323e-03 +0.00000000e+00 -4.26266416e-03 +1.62278368e+05 +4.26569350e+02  -6.21017057e+01 -1.79664340e-01  +9.41945413e+04 +1.45145599e+02    -5.99066046e-06 +2.28057056e-04  -1.92783188e-02 +7.51340775e+00  +1.32915631e-05 -1.54413238e-03 
-7.24462690e-03 +0.00000000e+00 +3.39343206e-03 +2.70426053e+05 +9.17625271e+01  +4.09464541e+02 +4.32848476e-01  -2.02418949e+05 -5.30635232e+02    +4.67551952e-05 -1.07873545e-02  -4.84717665e-02 +2.57102137e+01  +3.72820276e-05 +3.98890057e-03 
-1.05881400e-03 +0.00000000e+00 +7.92962249e-03 +6.60344324e+06 -1.41607295e+04  +8.09528270e+03 +8.50627559e+00  -5.70098845e+07 +1.78900596e+04    -8.21041707e-06 +5.43046529e-01  -1.22444621e-01 +7.28310961e+02  -1.11311487e-04 -6.81878948e-02 
+6.10046760e-03 +0.00000000e+00 +5.17535458e-03 -2.72690436e+05 +3.37426723e+02  -8.52780899e+02 -1.86264388e+00  -4.61402620e+05 -7.75860951e+02    -1.59693819e-04 +7.71291302e-03  +6.37862487e-02 -3.94566225e+01  -6.30101287e-05 -7.25508987e-04 
+7.65100743e-03 +0.00000000e+00 -2.33711047e-03 -1.95042229e+05 -4.36028632e+02  +1.85199114e+02 +7.25398238e-01  +4.85337632e+04 -1.82456946e+01    +1.37856058e-05 -2.93707836e-03  +2.51992529e-02 -1.03488887e+01  +6.24641487e-06 -9.33238989e-04 
+2.16724631e-03 +0.00000000e+00 -7.70084693e-03 -4.84255898e+04 -1.54432566e+02  -3.42337488e+02 -1.53131794e+00  +1.66313897e+05 +4.53055426e+02    -1.52177547e-05 +2.63135183e-03  +5.05939324e-03 -1.81735050e+00  -2.41029405e-06 +3.02879047e-04 
-5.30907107e-03 +0.00000000e+00 -5.98446024e-03 +1.21510113e+05 +3.54558979e+02  +4.36195978e+02 +1.77691911e+00  +1.31724758e+05 +2.98394078e+02    +3.20518094e-06 -2.07630967e-03  -1.35325309e-02 +5.06441293e+00  +7.26758537e-06 -1.20338494e-03 
