# scuff-scatter run on pekka-pc (09/25/15::22:29:06)
# columns: 
# 1,2,3   x,y,z (evaluation point coordinates)
# 4,5     real, imag Ex
# 6,7     real, imag Ey
# 8,9     real, imag Ez
# 10,11   real, imag Hx
# 12,13   real, imag Hy
# 14,15   real, imag Hz
+0.00000000e+00 +0.00000000e+00 +8.00000000e-03 -nan -nan  -nan -nan  -nan -nan    -nan -nan  -nan -nan  -nan -nan 
+6.73176788e-03 +0.00000000e+00 +4.32241845e-03 -2.65568039e+05 +1.33564918e+03  -6.56690476e+02 -2.57345059e+00  -3.57156406e+05 -4.08863643e+03    -2.43627801e-04 -1.50851628e-03  +1.17519253e+00 -1.09020361e+02  -2.94303312e-04 +3.18786092e-02 
+7.27437941e-03 +0.00000000e+00 -3.32917469e-03 -2.19189547e+05 -3.34544700e+03  +2.33444704e+02 +6.03893877e+00  +7.82711442e+04 +4.03099821e+02    +3.67102524e-04 -1.54243094e-02  +5.35974978e-01 -3.28361561e+01  +2.85683331e-04 -1.05596734e-02 
+1.12896006e-03 +0.00000000e+00 -7.91993997e-03 -3.27155817e+04 -6.80213464e+02  -1.76175523e+02 -5.01457441e+00  +2.16877600e+05 +4.01309893e+03    -2.61893957e-04 +8.06171078e-03  +6.59588535e-02 -3.54326552e+00  -4.00764692e-06 -5.29228262e-04 
-6.05441996e-03 +0.00000000e+00 -5.22914897e-03 +1.79079037e+05 +3.19106313e+03  +4.93554327e+02 +1.29065507e+01  +1.37355494e+05 +1.81179000e+03    +1.29974650e-04 -9.36867959e-03  -3.99395694e-01 +2.31037665e+01  +6.05267109e-05 -1.75308675e-03 
-7.67139420e-03 +0.00000000e+00 +2.26929748e-03 +2.73187065e+05 +1.06758876e+03  +5.99020456e+02 +4.91710427e+00  -1.58974181e+05 -2.98380744e+03    +5.86597665e-04 -3.51501913e-02  -9.38811763e-01 +7.41890969e+01  +8.41823627e-04 -1.79015254e-02 
-2.23532399e-03 +0.00000000e+00 +7.68136229e-03 -2.69217844e+06 -6.03257008e+04  +4.99805765e+04 +1.70910594e+01  -5.63103024e+06 +1.59334759e+04    +1.55961585e-02 -7.19155126e-01  -2.71372768e+00 +6.84705716e+02  -1.86532060e-02 +3.91408331e+00 
+5.25589279e-03 +0.00000000e+00 +6.03121803e-03 -1.39836327e+05 +6.55562765e+03  -8.76472387e+02 -1.65633562e+01  -8.33584985e+05 -5.43011520e+03    -8.55075314e-04 +1.47586349e-01  +1.54788479e+00 -1.79253530e+02  -3.39007489e-03 +2.88479645e-01 
+7.91486597e-03 +0.00000000e+00 -1.16400027e-03 -2.49800305e+05 -2.95372599e+03  +4.30299863e+02 +1.00845192e+01  +4.46651277e+03 -1.02463918e+03    +4.36883479e-04 -1.98681423e-02  +6.79448848e-01 -4.50847019e+01  +5.17600780e-04 -1.75938406e-02 
+3.29694788e-03 +0.00000000e+00 -7.28904210e-03 -9.62209109e+04 -1.94125005e+03  -5.51530936e+02 -1.53910469e+01  +1.97575249e+05 +3.44889797e+03    -3.19077645e-04 +1.06107459e-02  +1.98125082e-01 -1.08163050e+01  -1.11836201e-04 +2.81791937e-03 
-4.35216889e-03 +0.00000000e+00 -6.71257223e-03 +1.26868760e+05 +2.47681644e+03  +4.34400088e+02 +1.07835543e+01  +1.80876318e+05 +2.97470446e+03    +2.03264381e-05 -4.22306515e-03  -2.67064998e-01 +1.48347381e+01  +1.34741512e-04 -5.41186807e-03 
-7.99992165e-03 +0.00000000e+00 +3.54055839e-05 +2.60996598e+05 +2.48230661e+03  +1.47671020e+01 -1.27143325e+00  -4.28738974e+04 -1.74942235e+03    -5.46463260e-05 -6.73602406e-04  -7.61247387e-01 +5.32764061e+01  +5.49252370e-04 -1.11351895e-02 
-4.29258334e-03 +0.00000000e+00 +6.75083167e-03 -1.38344612e+05 -1.31005535e+04  -2.22910425e+02 -5.32452259e+01  -1.41494907e+06 -5.98283545e+03    -4.55113635e-04 +5.81551959e-01  -1.85941761e+00 +2.53757118e+02  +2.41400200e-03 -7.21324437e-02 
+3.36133629e-03 +0.00000000e+00 +7.25957425e-03 +8.31991087e+05 +2.60633356e+04  -1.65525824e+03 -3.75361673e+01  -2.43770137e+06 -4.38409626e+03    +2.45426828e-03 -2.06254034e-02  +2.24166753e+00 -3.73523259e+02  -1.28361210e-03 +6.13203309e-02 
+7.92485885e-03 +0.00000000e+00 +1.09389775e-03 -2.68663244e+05 -1.91671905e+03  +1.58929386e+02 +5.07562940e+00  -9.16383616e+04 -2.35046636e+03    +5.03675258e-05 -2.24337524e-03  +8.41042129e-01 -6.19983429e+01  +2.63766051e-04 -3.10649701e-03 
+5.20230272e-03 +0.00000000e+00 -6.07750330e-03 -1.52243124e+05 -2.86179773e+03  +3.31834332e+02 +8.80823589e+00  +1.62550029e+05 +2.47009119e+03    +3.80233994e-04 -1.41608356e-02  +3.29607271e-01 -1.85953573e+01  +2.53054632e-04 -1.06212283e-02 
-2.30322653e-03 +0.00000000e+00 -7.66127584e-03 +6.71320273e+04 +1.37984655e+03  +1.14971441e+02 +2.77706778e+00  +2.09268346e+05 +3.78932823e+03    -1.59193492e-04 +3.82276851e-03  -1.35587867e-01 +7.35552980e+00  +4.90073648e-05 -1.48389759e-03 
-7.69117994e-03 +0.00000000e+00 -2.20130670e-03 +2.36808900e+05 +3.21349732e+03  -3.37579360e+02 -8.25784347e+00  +4.16501503e+04 -3.46981580e+02    -3.09806062e-04 +1.12575833e-02  -6.09535678e-01 +3.88961192e+01  +5.60374597e-04 -1.82751813e-02 
-6.00789797e-03 +0.00000000e+00 +5.28253367e-03 +2.28861164e+05 -3.45290455e+03  +8.11503315e+02 +2.48591997e+00  -5.51435993e+05 -4.77768296e+03    +1.44625641e-03 -6.30606450e-02  -1.34692732e+00 +1.39338857e+02  +1.30321385e-04 +8.22030320e-02 
+1.19901768e-03 +0.00000000e+00 +7.90963695e-03 -1.98845784e+06 +8.86317793e+04  -9.65101250e+03 -6.67734864e+00  -3.61357586e+07 +9.46916079e+04    +5.42406774e-03 -4.96323813e-01  +2.42650526e+00 -1.78745470e+03  +5.34643894e-04 +1.84098824e-01 
+7.30356201e-03 +0.00000000e+00 +3.26465649e-03 -2.72757828e+05 -8.03105836e+01  -3.11535872e+02 -2.55402799e-01  -2.35877791e+05 -3.51708915e+03    -1.00582822e-04 -5.86157417e-03  +1.04116857e+00 -8.81370857e+01  +3.07848180e-05 +7.55171517e-03 
+6.69324511e-03 +0.00000000e+00 -4.38183408e-03 -1.99198945e+05 -3.33172681e+03  +4.79633857e+02 +1.27927582e+01  +1.10762202e+05 +1.14854517e+03    +5.28159122e-04 -2.10118974e-02  +4.63686659e-01 -2.74639018e+01  +3.22435047e-04 -1.00381761e-02 
-7.08104743e-05 +0.00000000e+00 -7.99968661e-03 +2.42542218e+03 +5.28544703e+01  +2.51720045e+02 +6.61924927e+00  +2.18790502e+05 +4.06884752e+03    -1.01194011e-04 +1.89179060e-03  -4.17019090e-03 +2.28926891e-01  +1.19511239e-05 -5.94928591e-04 
-6.76976323e-03 +0.00000000e+00 -4.26266416e-03 +2.02291664e+05 +3.35743084e+03  -7.65072108e+01 -1.02236328e+00  +1.07311933e+05 +1.06957449e+03    -1.51012512e-04 +2.41467021e-03  -4.71096929e-01 +2.80398127e+01  +2.06970189e-04 -7.11636481e-03 
-7.24462690e-03 +0.00000000e+00 +3.39343206e-03 +2.74182785e+05 -2.24461126e+01  +4.34876691e+02 +1.06559433e+00  -2.47876619e+05 -3.57324659e+03    +8.72254091e-04 -4.23923459e-02  -1.05353978e+00 +9.01816746e+01  +6.50672236e-04 +4.85998904e-03 
-1.05881400e-03 +0.00000000e+00 +7.92962249e-03 +5.46812938e+06 -8.52985689e+04  +8.05415674e+03 -5.53758088e+01  -5.55526743e+07 +1.10107827e+05    +1.89545884e-03 +1.62515184e+00  -2.24532393e+00 +2.21476997e+03  -1.53492665e-03 -1.80161249e-01 
+6.10046760e-03 +0.00000000e+00 +5.17535458e-03 -2.37829765e+05 +3.13520125e+03  -9.94853995e+02 -1.00704806e+01  -5.23730745e+05 -4.68749138e+03    -6.08278410e-04 +2.66384299e-02  +1.32528183e+00 -1.35115270e+02  -5.14996273e-04 +3.89083695e-03 
+7.65100743e-03 +0.00000000e+00 -2.33711047e-03 -2.34788166e+05 -3.23339352e+03  +2.51451952e+02 +5.52916198e+00  +4.60976433e+04 -2.62498381e+02    +3.52067166e-04 -1.24668647e-02  +6.01626576e-01 -3.81593819e+01  +1.88873997e-04 -5.16137472e-03 
+2.16724631e-03 +0.00000000e+00 -7.70084693e-03 -6.34097423e+04 -1.30874960e+03  -4.93270061e+02 -1.35577391e+01  +2.09966359e+05 +3.81040091e+03    -3.68895580e-04 +1.19685266e-02  +1.28074826e-01 -6.91656551e+00  -6.22948559e-05 +1.59945891e-03 
-5.30907107e-03 +0.00000000e+00 -5.98446024e-03 +1.55393098e+05 +2.90428531e+03  +6.08024246e+02 +1.51087698e+01  +1.59871323e+05 +2.39997021e+03    +1.06425472e-04 -7.38392347e-03  -3.36910507e-01 +1.90849922e+01  +1.27302117e-04 -5.10033882e-03 
