# scuff-scatter run on pekka-pc (09/25/15::22:25:08)
# columns: 
# 1,2,3   x,y,z (evaluation point coordinates)
# 4,5     real, imag Ex
# 6,7     real, imag Ey
# 8,9     real, imag Ez
# 10,11   real, imag Hx
# 12,13   real, imag Hy
# 14,15   real, imag Hz
+0.00000000e+00 +0.00000000e+00 +8.00000000e-03 -nan -nan  -nan -nan  -nan -nan    -nan -nan  -nan -nan  -nan -nan 
+6.73176788e-03 +0.00000000e+00 +4.32241845e-03 -2.76794564e+05 +1.62819522e+02  -6.14768692e+02 -1.20824030e+00  -3.09869009e+05 -1.05639237e+03    -5.11020684e-05 -1.54208361e-03  +1.39879485e-01 -4.79722221e+01  -2.42874542e-05 +1.37156279e-02 
+7.27437941e-03 +0.00000000e+00 -3.32917469e-03 -1.83099169e+05 -7.44489383e+02  +1.71298252e+02 +1.24246219e+00  +7.35634024e+04 +1.12266741e+02    +3.58454669e-05 -5.86940669e-03  +5.74814364e-02 -1.36095202e+01  +2.77260143e-05 -3.77641692e-03 
+1.12896006e-03 +0.00000000e+00 -7.91993997e-03 -2.57565874e+04 -1.39050487e+02  -1.26147786e+02 -9.81453297e-01  +1.75916037e+05 +8.29096232e+02    -2.80076155e-05 +2.71276632e-03  +6.80824722e-03 -1.43512111e+00  +6.25093020e-07 -3.00390243e-04 
-6.05441996e-03 +0.00000000e+00 -5.22914897e-03 +1.45504828e+05 +6.81348939e+02  +3.62337948e+02 +2.60220089e+00  +1.18193783e+05 +4.01181715e+02    +1.22296170e-05 -4.03218377e-03  -4.21116715e-02 +9.48296062e+00  +9.80090173e-06 -5.21310304e-04 
-7.67139420e-03 +0.00000000e+00 +2.26929748e-03 +2.58629291e+05 +3.58466951e+02  +5.35576745e+02 +1.53695219e+00  -1.25859662e+05 -7.00018454e+02    +7.00107013e-05 -1.43885949e-02  -1.07696286e-01 +3.19707840e+01  +9.03904357e-05 -4.75361077e-03 
-2.23532399e-03 +0.00000000e+00 +7.68136229e-03 -1.98792518e+06 -1.61939443e+04  +4.94914698e+04 +1.81117080e+01  -5.80931522e+06 +3.76746266e+03    +1.96185811e-03 -2.74188264e-01  -3.61218522e-01 +3.26510854e+02  -2.55399459e-03 +1.84131087e+00 
+5.25589279e-03 +0.00000000e+00 +6.03121803e-03 -2.10378220e+05 +1.45948703e+03  -6.90780919e+02 -4.08588394e+00  -7.68127835e+05 -1.56016789e+03    -2.18429603e-04 +7.00639414e-02  +1.92346333e-01 -8.08422522e+01  -5.51499720e-04 +1.26438885e-01 
+7.91486597e-03 +0.00000000e+00 -1.16400027e-03 -2.16682589e+05 -7.03088568e+02  +3.23093713e+02 +2.20593404e+00  +1.50133104e+04 -2.01479575e+02    +4.63396869e-05 -7.82973064e-03  +7.45103734e-02 -1.89304175e+01  +5.64395527e-05 -6.27385610e-03 
+3.29694788e-03 +0.00000000e+00 -7.28904210e-03 -7.62432882e+04 -4.00359554e+02  -3.98104227e+02 -3.00181529e+00  +1.62128692e+05 +7.21454356e+02    -3.20425466e-05 +3.73516219e-03  +2.05473866e-02 -4.39395097e+00  -1.25230168e-05 +9.08157459e-04 
-4.35216889e-03 +0.00000000e+00 -6.71257223e-03 +1.01228327e+05 +5.15473614e+02  +3.24802467e+02 +2.18497029e+00  +1.50096949e+05 +6.30121466e+02    +7.59530767e-07 -2.02405481e-03  -2.78196195e-02 +6.04572679e+00  +1.52981709e-05 -2.00390151e-03 
-7.99992165e-03 +0.00000000e+00 +3.54055839e-05 +2.32259777e+05 +6.25827568e+02  +2.67660753e+01 -2.18273430e-01  -2.42632377e+04 -3.73112808e+02    -3.35728684e-06 -5.40221651e-04  -8.46634467e-02 +2.25561982e+01  +6.01804845e-05 -2.66872621e-03 
-4.29258334e-03 +0.00000000e+00 +6.75083167e-03 +8.45451340e+03 -3.19550154e+03  +3.51516019e+02 -1.22220254e+01  -1.34098351e+06 -1.83834381e+03    -2.38198929e-04 +2.88577895e-01  -2.36844211e-01 +1.16214825e+02  +1.76995236e-04 -2.20530326e-02 
+3.36133629e-03 +0.00000000e+00 +7.25957425e-03 +5.32964251e+05 +6.71608116e+03  -1.25175954e+03 -8.50883804e+00  -2.38006147e+06 -1.56456326e+03    +3.61588037e-04 +2.49561150e-03  +2.91872565e-01 -1.73791146e+02  -1.33847942e-04 +2.39233122e-02 
+7.92485885e-03 +0.00000000e+00 +1.09389775e-03 -2.45444520e+05 -5.24431864e+02  +1.06321744e+02 +1.05566439e+00  -6.61045704e+04 -5.25672687e+02    +6.94544091e-06 -9.03151073e-04  +9.48354980e-02 -2.64528884e+01  +1.97244408e-05 -3.10412934e-04 
+5.20230272e-03 +0.00000000e+00 -6.07750330e-03 -1.22414224e+05 -6.02005959e+02  +2.41015433e+02 +1.83600495e+00  +1.36777433e+05 +5.31812194e+02    +3.88098174e-05 -5.17928655e-03  +3.45119508e-02 -7.59872673e+00  +2.99719899e-05 -4.04806984e-03 
-2.30322653e-03 +0.00000000e+00 -7.66127584e-03 +5.29820190e+04 +2.83067392e+02  +8.70409956e+01 +5.54918343e-01  +1.70487438e+05 +7.86573434e+02    -1.84370185e-05 +1.09743258e-03  -1.40223238e-02 +2.98502984e+00  +5.62674568e-06 -4.79869116e-04 
-7.69117994e-03 +0.00000000e+00 -2.20130670e-03 +2.01510551e+05 +7.37687066e+02  -2.51207044e+02 -1.74498657e+00  +4.48700896e+04 -4.93918883e+01    -2.87217711e-05 +4.00055939e-03  -6.61067316e-02 +1.62304069e+01  +6.23782155e-05 -6.19435669e-03 
-6.00789797e-03 +0.00000000e+00 +5.28253367e-03 +2.63904863e+05 -6.74349357e+02  +7.75320252e+02 +9.69636979e-01  -4.94967051e+05 -1.30381751e+03    +2.30913035e-04 -2.38853349e-02  -1.63954335e-01 +6.20957778e+01  -4.77136188e-05 +4.19388345e-02 
+1.19901768e-03 +0.00000000e+00 +7.90963695e-03 -3.03114441e+06 +2.42241391e+04  -9.60285869e+03 -3.83013063e-01  -3.72426624e+07 +2.53076480e+04    +6.36404116e-04 -2.19312990e-01  +3.27745353e-01 -8.79467890e+02  +4.32250579e-05 +9.62762075e-02 
+7.30356201e-03 +0.00000000e+00 +3.26465649e-03 -2.68606657e+05 -1.52280240e+02  -2.98747455e+02 -4.88004419e-01  -1.96111341e+05 -8.61244739e+02    -7.06803782e-06 -3.33569058e-03  +1.21427855e-01 -3.83358169e+01  -2.77918208e-06 +3.67773037e-03 
+6.69324511e-03 +0.00000000e+00 -4.38183408e-03 -1.63776618e+05 -7.23573108e+02  +3.49011114e+02 +2.59498576e+00  +9.83462198e+04 +2.67068945e+02    +5.07071201e-05 -7.83606589e-03  +4.92521618e-02 -1.13179845e+01  +3.12393977e-05 -3.35517279e-03 
-7.08104743e-05 +0.00000000e+00 -7.99968661e-03 +1.88708548e+03 +1.07301443e+01  +1.85487260e+02 +1.30850878e+00  +1.77289247e+05 +8.39601013e+02    -1.11798411e-05 +4.01067976e-04  -4.29557320e-04 +9.32050969e-02  +2.26823921e-06 -2.40883350e-04 
-6.76976323e-03 +0.00000000e+00 -4.26266416e-03 +1.66548234e+05 +7.30755787e+02  -6.38061099e+01 -2.97213292e-01  +9.57096887e+04 +2.50726065e+02    -1.59540736e-05 +4.29416346e-04  -5.00897845e-02 +1.15654026e+01  +2.79800945e-05 -2.44612542e-03 
-7.24462690e-03 +0.00000000e+00 +3.39343206e-03 +2.71125790e+05 +1.30680344e+02  +4.13231824e+02 +6.66870759e-01  -2.07344631e+05 -8.81342245e+02    +1.08010306e-04 -1.67150274e-02  -1.23168828e-01 +3.92827805e+01  +7.63609842e-05 +5.63433143e-03 
-1.05881400e-03 +0.00000000e+00 +7.92962249e-03 +6.47205879e+06 -2.33388309e+04  +8.16178952e+03 +1.06446282e+01  -5.68422741e+07 +2.95681455e+04    -4.57656233e-05 +8.15316125e-01  -3.03354143e-01 +1.09418741e+03  -2.61493676e-04 -1.00729640e-01 
+6.10046760e-03 +0.00000000e+00 +5.17535458e-03 -2.69221957e+05 +5.93711158e+02  -8.69532089e+02 -3.03453178e+00  -4.68430554e+05 -1.27262512e+03    -1.94914656e-04 +1.17412613e-02  +1.60872501e-01 -6.01154888e+01  -1.00430522e-04 -7.55595193e-04 
+7.65100743e-03 +0.00000000e+00 -2.33711047e-03 -1.99349297e+05 -7.39432532e+02  +1.92207915e+02 +1.23285435e+00  +4.84128513e+04 -3.07564700e+01    +3.72724497e-05 -4.59446162e-03  +6.51555499e-02 -1.59067963e+01  +1.58018383e-05 -1.51235161e-03 
+2.16724631e-03 +0.00000000e+00 -7.70084693e-03 -4.99967713e+04 -2.68231929e+02  -3.57658651e+02 -2.66817157e+00  +1.70982850e+05 +7.90503626e+02    -3.82736553e-05 +4.15384000e-03  +1.32408254e-02 -2.80414874e+00  -6.42195242e-06 +4.88992053e-04 
-5.30907107e-03 +0.00000000e+00 -5.98446024e-03 +1.25091930e+05 +6.11868165e+02  +4.53876654e+02 +3.07536731e+00  +1.34799753e+05 +5.17982227e+02    +9.36969377e-06 -3.17596288e-03  -3.53012106e-02 +7.80492134e+00  +1.58619470e-05 -1.88470317e-03 
