# scuff-scatter run on pekka-pc (09/25/15::22:23:37)
# columns: 
# 1,2,3   x,y,z (evaluation point coordinates)
# 4,5     real, imag Ex
# 6,7     real, imag Ey
# 8,9     real, imag Ez
# 10,11   real, imag Hx
# 12,13   real, imag Hy
# 14,15   real, imag Hz
+0.00000000e+00 +0.00000000e+00 +8.00000000e-03 -9.88136335e+04 -5.88007368e+01  -6.72099390e+04 -7.75002155e+01  +1.34625471e+07 +2.74739484e+04    +4.90324968e-04 -3.41326595e-01  +2.52713599e-04 +1.25010373e-02  -7.78682668e-06 +7.36789670e-03 
+6.73176788e-03 +0.00000000e+00 +4.32241845e-03 -5.53328128e+04 +7.26206967e+01  -6.07426387e+02 -7.11757384e-01  -2.48723200e+05 -5.90269265e+02    -4.10148181e-05 -1.00019022e-03  +4.69738686e-02 -1.86562854e+01  +5.00140841e-06 +8.28873366e-03 
+7.27437941e-03 +0.00000000e+00 -3.32917469e-03 -1.33814842e+05 -3.99836133e+02  +1.63502640e+02 +6.60981743e-01  +3.60650621e+04 +5.75014466e+01    +1.01677158e-05 -3.48926508e-03  +1.87649647e-02 -6.09659311e+00  +9.77430297e-06 -2.22487795e-03 
+1.12896006e-03 +0.00000000e+00 -7.91993997e-03 -2.07121293e+04 -7.30982758e+01  -1.19950108e+02 -5.14370269e-01  +1.31603824e+05 +4.31678597e+02    -9.84842246e-06 +1.57752753e-03  +2.19528440e-03 -6.65507827e-01  +7.91318934e-07 -1.88192449e-04 
-6.05441996e-03 +0.00000000e+00 -5.22914897e-03 +1.11760625e+05 +3.62319709e+02  +3.45905170e+02 +1.37492308e+00  +7.72398463e+04 +2.09728175e+02    +3.86679720e-06 -2.44256684e-03  -1.36687144e-02 +4.31728051e+00  +4.52964271e-06 -2.92922783e-04 
-7.67139420e-03 +0.00000000e+00 +2.26929748e-03 +1.25991317e+05 +2.06567735e+02  +5.25993369e+02 +8.72296283e-01  -1.28339972e+05 -3.86186708e+02    +2.58265345e-05 -8.64552490e-03  -3.58386170e-02 +1.32173721e+01  +2.91564787e-05 -2.61924999e-03 
-2.23532399e-03 +0.00000000e+00 +7.68136229e-03 -4.78451558e+06 -9.00609516e+03  +4.93740825e+04 +1.11709750e+01  +6.66172425e+05 +2.04516823e+03    +7.04753164e-04 -1.62618643e-01  -1.24096286e-01 +6.42401708e+01  -8.51151974e-04 +1.12929773e+00 
+5.25589279e-03 +0.00000000e+00 +6.03121803e-03 +2.23966875e+05 +7.85268090e+02  -6.65929544e+02 -2.24508848e+00  -4.74823517e+05 -8.83348386e+02    -1.50648853e-04 +4.30353434e-02  +6.52247758e-02 -2.83906456e+01  -2.72778316e-04 +7.67491723e-02 
+7.91486597e-03 +0.00000000e+00 -1.16400027e-03 -1.45641823e+05 -3.83172815e+02  +3.09341198e+02 +1.18825660e+00  -1.60179402e+04 -1.10678068e+02    +1.31792028e-05 -4.67650472e-03  +2.44886388e-02 -8.28384659e+00  +2.09846254e-05 -3.69173264e-03 
+3.29694788e-03 +0.00000000e+00 -7.28904210e-03 -6.07927841e+04 -2.10990731e+02  -3.79106324e+02 -1.57260640e+00  +1.18540980e+05 +3.76150800e+02    -1.05153261e-05 +2.19122400e-03  +6.63586648e-03 -2.03078932e+00  -4.42457520e-06 +5.23961428e-04 
-4.35216889e-03 +0.00000000e+00 -6.71257223e-03 +7.99099245e+04 +2.72305501e+02  +3.10919432e+02 +1.15184168e+00  +1.07176035e+05 +3.28913335e+02    -1.91406166e-07 -1.24432057e-03  -8.99283808e-03 +2.78239111e+00  +5.52237887e-06 -1.18425005e-03 
-7.99992165e-03 +0.00000000e+00 +3.54055839e-05 +1.45270296e+05 +3.44930776e+02  +2.80571965e+01 -1.12682825e-01  -4.93093092e+04 -2.04227709e+02    +6.31560946e-07 -3.50314991e-04  -2.79352610e-02 +9.71254926e+00  +2.18683169e-05 -1.42805419e-03 
-4.29258334e-03 +0.00000000e+00 +6.75083167e-03 -6.88297309e+05 -1.74933028e+03  +4.25946922e+02 -6.63099541e+00  -6.48067686e+05 -1.04920169e+03    -1.47525368e-04 +1.78280091e-01  -8.07049898e-02 +3.72469986e+01  -1.12100339e-05 -1.25111403e-02 
+3.36133629e-03 +0.00000000e+00 +7.25957425e-03 +1.72102009e+06 +3.71109784e+03  -1.19984752e+03 -4.61079126e+00  -6.90402772e+05 -9.10023936e+02    +1.79396596e-04 +2.58005470e-03  +9.99491017e-02 -4.85058192e+01  -3.40803965e-05 +1.42769924e-02 
+7.92485885e-03 +0.00000000e+00 +1.09389775e-03 -1.40294924e+05 -2.93237125e+02  +9.98032691e+01 +5.65625186e-01  -8.31096414e+04 -2.88508622e+02    +2.27167683e-06 -5.39066435e-04  +3.14148058e-02 -1.11977902e+01  +4.93509235e-06 -1.06969960e-04 
+5.20230272e-03 +0.00000000e+00 -6.07750330e-03 -9.55536742e+04 -3.18900617e+02  +2.29481216e+02 +9.75526401e-01  +9.46423866e+04 +2.77885982e+02    +1.28594335e-05 -3.05879193e-03  +1.11800103e-02 -3.48191412e+00  +1.22527238e-05 -2.40793658e-03 
-2.30322653e-03 +0.00000000e+00 -7.66127584e-03 +4.24846004e+04 +1.48958435e+02  +8.34883879e+01 +2.90885317e-01  +1.26456055e+05 +4.09781902e+02    -6.91939289e-06 +6.16807152e-04  -4.52106802e-03 +1.38265040e+00  +2.13797142e-06 -2.76405137e-04 
-7.69117994e-03 +0.00000000e+00 -2.20130670e-03 +1.41720259e+05 +3.98961790e+02  -2.40299858e+02 -9.33739292e-01  +1.02323881e+04 -2.87369179e+01    -6.90476216e-06 +2.34899777e-03  -2.16518131e-02 +7.18695120e+00  +2.22397717e-05 -3.60218288e-03 
-6.00789797e-03 +0.00000000e+00 +5.28253367e-03 -4.44608426e+04 -3.52386152e+02  +7.69448926e+02 +5.68926392e-01  -3.50963037e+05 -7.33623715e+02    +1.22671143e-04 -1.41511796e-02  -5.53500616e-02 +2.30606849e+01  -5.05583225e-05 +2.59899543e-02 
+1.19901768e-03 +0.00000000e+00 +7.90963695e-03 +7.10907105e+06 +1.35084572e+04  -9.60087111e+03 -1.10874892e-01  +7.59736917e+06 +1.40583606e+04    +2.21714711e-04 -1.33453746e-01  +1.12884953e-01 -5.84154839e+01  -2.10706408e-05 +6.00126398e-02 
+7.30356201e-03 +0.00000000e+00 +3.26465649e-03 -1.02423843e+05 -9.70611920e+01  -2.95712378e+02 -3.01746491e-01  -1.77332764e+05 -4.77771422e+02    -5.24782417e-06 -2.08108223e-03  +4.05807792e-02 -1.54613362e+01  +1.75141974e-06 +2.25107946e-03 
+6.69324511e-03 +0.00000000e+00 -4.38183408e-03 -1.23281442e+05 -3.86381868e+02  +3.32697836e+02 +1.37512683e+00  +5.87949035e+04 +1.39323283e+02    +1.46726761e-05 -4.64267850e-03  +1.60303084e-02 -5.11914194e+00  +1.10272700e-05 -1.95302564e-03 
-7.08104743e-05 +0.00000000e+00 -7.99968661e-03 +1.55986053e+03 +5.63705801e+00  +1.77159332e+02 +6.85367065e-01  +1.32908432e+05 +4.37059333e+02    -3.87121030e-06 +2.06391437e-04  -1.37515104e-04 +4.37887391e-02  +1.48887502e-06 -1.44565968e-04 
-6.76976323e-03 +0.00000000e+00 -4.26266416e-03 +1.25068844e+05 +3.90441149e+02  -6.19231374e+01 -1.65054651e-01  +5.63597215e+04 +1.30710996e+02    -5.03494826e-06 +2.06274494e-04  -1.63034021e-02 +5.22463017e+00  +1.18471887e-05 -1.42570491e-03 
-7.24462690e-03 +0.00000000e+00 +3.39343206e-03 +9.94971740e+04 +8.55976880e+01  +4.09059654e+02 +4.00619945e-01  -1.84837474e+05 -4.89409022e+02    +4.07920931e-05 -9.98279626e-03  -4.11828083e-02 +1.57775621e+01  +3.35822889e-05 +3.72612174e-03 
-1.05881400e-03 +0.00000000e+00 +7.92962249e-03 -6.60432506e+06 -1.30169239e+04  +8.08725252e+03 +8.01624325e+00  +8.69108616e+06 +1.64380814e+04    -1.62834667e-06 +5.04200831e-01  -1.04476358e-01 +5.33855160e+01  -9.60638118e-05 -6.34175279e-02 
+6.10046760e-03 +0.00000000e+00 +5.17535458e-03 +2.65703913e+04 +3.07920178e+02  -8.51026666e+02 -1.71432943e+00  -3.37547103e+05 -7.15608239e+02    -1.56215247e-04 +7.15141009e-03  +5.42706495e-02 -2.24628067e+01  -5.93379375e-05 -6.94611966e-04 
+7.65100743e-03 +0.00000000e+00 -2.33711047e-03 -1.40909162e+05 -3.99562055e+02  +1.84474945e+02 +6.64599074e-01  +1.33873761e+04 -1.87472154e+01    +1.15359746e-05 -2.71525975e-03  +2.13337436e-02 -7.05467236e+00  +5.37640034e-06 -8.59594208e-04 
+2.16724631e-03 +0.00000000e+00 -7.70084693e-03 -4.01380960e+04 -1.41125401e+02  -3.40763197e+02 -1.39899881e+00  +1.26924246e+05 +4.11783463e+02    -1.30315086e-05 +2.43026327e-03  +4.27186167e-03 -1.29944395e+00  -2.02516852e-06 +2.79047218e-04 
-5.30907107e-03 +0.00000000e+00 -5.98446024e-03 +9.74620674e+04 +3.24252711e+02  +4.34375754e+02 +1.62462297e+00  +9.27830845e+04 +2.70689508e+02    +2.64312192e-06 -1.92402837e-03  -1.14339594e-02 +3.57306739e+00  +6.44313370e-06 -1.11232207e-03 
