# scuff-scatter run on pekka-pc (09/25/15::22:38:22)
# columns: 
# 1,2,3   x,y,z (evaluation point coordinates)
# 4,5     real, imag Ex
# 6,7     real, imag Ey
# 8,9     real, imag Ez
# 10,11   real, imag Hx
# 12,13   real, imag Hy
# 14,15   real, imag Hz
+0.00000000e+00 +0.00000000e+00 +8.00000000e-03 -nan -nan  -nan -nan  -nan -nan    -nan -nan  -nan -nan  -nan -nan 
+6.73176788e-03 +0.00000000e+00 +4.32241845e-03 -2.15460311e+05 -5.06516014e+03  -1.69475611e+02 -1.11758037e+01  -3.80272830e+04 -6.93195554e+03    +7.01933138e-05 -4.21593671e-03  +4.15093557e+00 -6.83654153e+01  +4.81463179e-04 +1.60158768e-02 
+7.27437941e-03 +0.00000000e+00 -3.32917469e-03 -3.95329448e+04 -3.18666933e+03  -6.90377992e+00 +1.86355409e+00  +3.65901680e+04 +2.26080160e+03    +6.83954199e-04 +1.57167280e-03  +1.16635307e+00 -1.37105697e+01  +4.46835415e-04 +2.98426294e-03 
+1.12896006e-03 +0.00000000e+00 -7.91993997e-03 -3.54759172e+03 -3.75682206e+02  -4.29224730e+00 -6.98422515e-01  +3.62587802e+04 +3.50437098e+03    +3.55503306e-04 +1.43051192e-03  +1.23741157e-01 -1.29064858e+00  +9.53577726e-05 -6.47018795e-04 
-6.05441996e-03 +0.00000000e+00 -5.22914897e-03 +2.56574579e+04 +2.34799632e+03  +3.01489016e+00 +3.48259843e+00  +3.69927913e+04 +2.86934927e+03    +7.51567793e-04 -2.61440151e-03  -8.18297641e-01 +9.06746395e+00  -2.99034646e-04 +4.60461775e-04 
-7.67139420e-03 +0.00000000e+00 +2.26929748e-03 +1.22434270e+05 +5.35304525e+03  +6.78560947e+01 +1.26373985e+01  +1.44676264e+04 -1.98163418e+03    +1.26126831e-03 -5.58818280e-03  -2.75561275e+00 +3.99670584e+01  -1.29742175e-03 +1.03926972e-02 
-2.23532399e-03 +0.00000000e+00 +7.68136229e-03 +3.11860516e+06 -1.91108876e+05  +2.81134715e+04 +1.40432813e+03  -6.55527459e+06 +1.46491250e+04    +1.20718377e-02 +2.90868181e-01  -1.83385445e+01 +9.39639119e+02  -1.95060965e-01 +3.55893934e+00 
+5.25589279e-03 +0.00000000e+00 +6.03121803e-03 -4.49330646e+05 +2.37243391e+03  -1.48515112e+02 +1.04954070e+01  -2.48979409e+05 -1.82564448e+04    -9.03895285e-03 +1.40112144e-01  +6.91019696e+00 -1.37317213e+02  -8.75197443e-03 +1.58196720e-01 
+7.91486597e-03 +0.00000000e+00 -1.16400027e-03 -6.02715683e+04 -4.09575138e+03  -1.75655055e+01 +3.61774958e+00  +3.40441145e+04 +1.25568213e+03    +9.18202410e-04 -7.00788974e-04  +1.62004853e+00 -2.04345674e+01  +7.51491595e-04 +4.92601909e-03 
+3.29694788e-03 +0.00000000e+00 -7.28904210e-03 -1.10564686e+04 -1.13669803e+03  -1.57803591e+01 -2.92976423e+00  +3.65184588e+04 +3.36941052e+03    +2.62317636e-04 +3.12824131e-03  +3.79588342e-01 -3.99436586e+00  +1.05993253e-04 +2.05665894e-04 
-4.35216889e-03 +0.00000000e+00 -6.71257223e-03 +1.55202006e+04 +1.54578099e+03  +8.07273319e+00 +3.69572450e+00  +3.67229953e+04 +3.24238984e+03    +6.39313500e-04 -1.25621828e-03  -5.24258845e-01 +5.57213628e+00  -6.50219910e-05 -1.08905417e-03 
-7.99992165e-03 +0.00000000e+00 +3.54055839e-05 +7.61067629e+04 +4.58146610e+03  +1.21343948e+01 +2.31243025e+00  +3.06771316e+04 +4.50816538e+02    +3.99728625e-04 +1.47092407e-03  -1.93547127e+00 +2.54644476e+01  -1.06521751e-03 +1.04325480e-02 
-4.29258334e-03 +0.00000000e+00 +6.75083167e-03 +7.52627493e+05 -1.94197957e+04  +1.41539599e+03 +7.29995153e+01  -6.27082944e+05 -2.87852909e+04    -3.63848885e-02 +7.38594844e-01  -9.59730943e+00 +2.24175119e+02  -5.14768942e-03 +4.93924298e-02 
+3.36133629e-03 +0.00000000e+00 +7.25957425e-03 -1.33031121e+06 +6.10288133e+04  -4.10232478e+02 +3.25435938e+01  -1.60310611e+06 -3.61721651e+04    -7.22280909e-03 +1.18266989e-01  +1.31601850e+01 -3.89267896e+02  +4.89200039e-03 +7.15543071e-02 
+7.92485885e-03 +0.00000000e+00 +1.09389775e-03 -9.42742538e+04 -4.99341496e+03  -3.64452034e+01 +7.89518546e-01  +2.52699118e+04 -4.89779245e+02    +3.45168905e-04 +3.29424997e-03  +2.26927740e+00 -3.12180405e+01  +5.25724502e-04 +9.86125938e-03 
+5.20230272e-03 +0.00000000e+00 -6.07750330e-03 -1.99364818e+04 -1.91400308e+03  -2.11159546e+01 +2.23709065e+00  +3.68758517e+04 +3.09536601e+03    +5.83915048e-04 +3.59989390e-03  +6.55042478e-01 -7.11545188e+00  +4.22896018e-04 +2.88984523e-04 
-2.30322653e-03 +0.00000000e+00 -7.66127584e-03 +7.41440061e+03 +7.80369934e+02  +2.46793605e+00 +1.31622595e+00  +3.63665790e+04 +3.45069690e+03    +4.46464185e-04 +3.40004940e-04  -2.60100762e-01 +2.68816727e+00  -8.92616645e-05 +7.30180019e-05 
-7.69117994e-03 +0.00000000e+00 -2.20130670e-03 +4.93934640e+04 +3.66329590e+03  -1.06045227e+01 -1.54300596e+00  +3.56631301e+04 +1.78903799e+03    +2.35168226e-04 +1.67902208e-03  -1.39265403e+00 +1.69284913e+01  -4.28747815e-04 +3.13508375e-03 
-6.00789797e-03 +0.00000000e+00 +5.28253367e-03 +3.09779755e+05 +2.86554590e+03  +3.00387579e+02 +2.18687056e+01  -1.11352040e+05 -1.17904356e+04    +1.05865018e-03 +2.45754043e-02  -5.37154796e+00 +9.64217084e+01  -7.35455351e-03 +9.75223511e-02 
+1.19901768e-03 +0.00000000e+00 +7.90963695e-03 -1.11320429e+07 +3.20649990e+05  -1.03154163e+04 +2.89038534e+01  -4.51772723e+07 +2.99001832e+05    -1.33052003e-02 -7.13518511e-01  +1.80413297e+01 -3.38808752e+03  +1.51321281e-02 +6.97404868e-01 
+7.30356201e-03 +0.00000000e+00 +3.26465649e-03 -1.57452410e+05 -5.48854213e+03  -4.21150025e+01 -7.50385717e+00  -2.66254751e+03 -3.81977047e+03    +5.53656281e-04 -5.05521728e-03  +3.30809166e+00 -5.07397019e+01  +6.93015095e-04 +8.25295696e-03 
+6.69324511e-03 +0.00000000e+00 -4.38183408e-03 -3.15746900e+04 -2.73276155e+03  -4.87550493e+00 +3.09041790e+00  +3.69543068e+04 +2.61778592e+03    +7.39957149e-04 +1.84829214e-03  +9.71540073e-01 -1.10654426e+01  +2.95619139e-04 +4.06455901e-03 
-7.08104743e-05 +0.00000000e+00 -7.99968661e-03 +2.17105358e+02 +2.65121854e+01  +2.67525889e+00 +2.06179594e+00  +3.62508415e+04 +3.51924830e+03    +4.78464425e-04 +5.02211033e-04  -8.91983307e-03 +7.72383725e-02  +1.21268293e-05 -2.09713070e-04 
-6.76976323e-03 +0.00000000e+00 -4.26266416e-03 +3.24259222e+04 +2.78925083e+03  -1.23894176e+00 -7.33006691e-01  +3.69457437e+04 +2.57698894e+03    +5.00774299e-04 -1.45391914e-03  -9.95294333e-01 +1.13432992e+01  -3.16655689e-04 +1.20440469e-03 
-7.24462690e-03 +0.00000000e+00 +3.39343206e-03 +1.63020184e+05 +5.47263113e+03  +7.15804445e+01 +1.24488388e+01  -5.51362098e+03 -4.15392508e+03    +1.27360801e-03 -9.73686130e-04  -3.39759773e+00 +5.24262249e+01  -2.61070587e-03 +2.82297744e-02 
-1.05881400e-03 +0.00000000e+00 +7.92962249e-03 +1.43083093e+07 -3.11407112e+05  -2.78182971e+04 +2.68731448e+03  -6.62503283e+07 +3.59305571e+05    -1.56553480e-01 +1.48543640e+00  -1.67248567e+01 +4.36318376e+03  -3.94166686e-02 -1.15682182e+00 
+6.10046760e-03 +0.00000000e+00 +5.17535458e-03 -2.95739130e+05 -3.35436946e+03  -1.05449816e+02 -1.31771721e+01  -9.94809259e+04 -1.11059524e+04    -2.16482922e-03 +1.70931687e-02  +5.19682346e+00 -9.23203966e+01  +2.39339674e-03 -2.68688426e-02 
+7.65100743e-03 +0.00000000e+00 -2.33711047e-03 -4.81146567e+04 -3.60603621e+03  -1.46734376e+01 +2.74775123e+00  +3.57785487e+04 +1.85472877e+03    +6.27166087e-04 +3.29401928e-03  +1.36189757e+00 -1.65175232e+01  +3.02630502e-04 +6.49489857e-03 
+2.16724631e-03 +0.00000000e+00 -7.70084693e-03 -6.95494606e+03 -7.32497673e+02  -1.02276006e+01 -2.76044799e+00  +3.63418268e+04 +3.45659273e+03    +2.84396257e-04 +1.99846097e-03  +2.42207162e-01 -2.52566670e+00  +9.24822191e-05 -2.07186539e-04 
-5.30907107e-03 +0.00000000e+00 -5.98446024e-03 +2.05542716e+04 +1.96423099e+03  +1.07641471e+01 +4.94115542e+00  +3.68894448e+04 +3.07001259e+03    +6.84695511e-04 -1.39246291e-03  -6.75207100e-01 +7.32486547e+00  -1.19727200e-04 -1.13002548e-03 
