# scuff-scatter run on pekka-pc (09/25/15::22:35:25)
# columns: 
# 1,2,3   x,y,z (evaluation point coordinates)
# 4,5     real, imag Ex
# 6,7     real, imag Ey
# 8,9     real, imag Ez
# 10,11   real, imag Hx
# 12,13   real, imag Hy
# 14,15   real, imag Hz
+0.00000000e+00 +0.00000000e+00 +8.00000000e-03 -nan -nan  -nan -nan  -nan -nan    -nan -nan  -nan -nan  -nan -nan 
+6.73176788e-03 +0.00000000e+00 +4.32241845e-03 +1.25043368e+06 -3.39817202e+05  -1.06241934e+04 +2.48275345e+04  +1.40024272e+05 +7.38854634e+05    -1.49754801e+00 -1.72509879e-01  -4.77836615e+01 +1.18563775e+02  +3.64163786e+00 +3.50754268e-01 
+7.27437941e-03 +0.00000000e+00 -3.32917469e-03 -1.73791286e+02 +2.64205391e+04  +3.81669634e+02 -1.46987250e+02  -7.20648075e+04 -6.15635281e+03    +3.44228928e-01 -5.40505100e-02  -4.43364905e+00 +4.25154662e+00  +4.33387050e-01 -6.89743073e-02 
+1.12896006e-03 +0.00000000e+00 -7.91993997e-03 -3.36711026e+03 +1.58144813e+03  -3.12045021e+01 -7.95859283e+01  -8.80083552e+03 -8.98798572e+03    +3.68317097e-01 -3.68924700e-02  -6.21802958e-01 +7.63609555e-02  +4.00231443e-02 -3.96293477e-03 
-6.05441996e-03 +0.00000000e+00 -5.22914897e-03 +1.10306480e+04 -1.35554161e+04  +2.34028337e+02 +6.43507401e+01  -4.02790477e+04 -7.07981214e+03    +3.87362099e-01 -3.53870900e-02  +1.69899655e+00 -2.60145362e+00  -3.10946842e-01 +2.42712148e-02 
-7.67139420e-03 +0.00000000e+00 +2.26929748e-03 -4.06359277e+05 -8.42777590e+04  +4.41177071e+03 -7.73431339e+03  -2.59138355e+05 +2.10624433e+05    +1.37994422e-02 -1.32381170e-02  +2.21168280e+01 -3.74553851e+01  -1.43670231e+00 +1.73714098e-01 
-2.23532399e-03 +0.00000000e+00 +7.68136229e-03 +2.96807786e+07 -3.14093414e+07  -1.19324964e+05 +1.69472906e+06  -1.80900764e+07 -1.52877634e+07    -7.51186978e+01 +1.74373835e+01  -2.42415090e+03 -9.82222300e+02  -6.86500875e+01 -3.16704676e+00 
+5.25589279e-03 +0.00000000e+00 +6.03121803e-03 +1.51927909e+06 -3.44264478e+06  -8.01238204e+04 +4.06526354e+04  +2.91982913e+06 -3.57189278e+04    -5.47915805e+00 -3.06411628e+00  +2.17153613e+01 +4.11069235e+02  +6.33923780e+00 +9.52763061e-01 
+7.91486597e-03 +0.00000000e+00 -1.16400027e-03 +3.97359151e+04 +5.37455447e+04  +1.09095252e+03 -1.94643089e+02  -1.32197415e+05 +1.27936310e+04    +2.95805742e-01 -5.02376363e-02  -8.34127944e+00 +8.57093332e+00  +6.72248601e-01 -1.11148334e-01 
+3.29694788e-03 +0.00000000e+00 -7.28904210e-03 -9.28226509e+03 +4.86632641e+03  -5.70899128e+00 -3.50344477e+02  -1.56237329e+04 -8.83385988e+03    +3.52889683e-01 -4.62718871e-02  -1.21027146e+00 +6.17897131e-01  +1.16702433e-01 -1.65954242e-02 
-4.35216889e-03 +0.00000000e+00 -6.71257223e-03 +1.09925729e+04 -6.90057601e+03  +2.11451047e+02 -2.76621744e+02  -2.18206322e+04 -8.62954441e+03    +3.75332164e-01 -3.82703863e-02  +7.78693815e-01 -1.40743993e+00  -1.76901452e-01 +1.72891362e-02 
-7.99992165e-03 +0.00000000e+00 +3.54055839e-05 -1.01880773e+05 -7.14821479e+04  +2.16055608e+02 -1.08662813e+03  -1.78435936e+05 +4.02136800e+04    +2.66289886e-01 -2.51977669e-02  +9.92524125e+00 -1.44011450e+01  -9.44484135e-01 +3.90376851e-02 
-4.29258334e-03 +0.00000000e+00 +6.75083167e-03 +2.53736692e+06 +5.22700180e+06  -3.76346248e+04 +2.60090737e+05  +6.03857481e+06 -4.39973167e+06    -3.01590302e+01 -2.54035369e+00  -3.27746457e+02 -7.77427426e+02  -1.66839518e+01 -4.47171867e-01 
+3.36133629e-03 +0.00000000e+00 +7.25957425e-03 -1.21230896e+07 -1.17536050e+06  -1.75776379e+05 +6.28579932e+04  +5.77847952e+06 -1.24668107e+07    -1.41401574e+01 -6.63443410e+00  +9.67512830e+02 +1.13447779e+03  +8.00669212e+00 +2.90245989e+00 
+7.92485885e-03 +0.00000000e+00 +1.09389775e-03 +1.95391477e+05 +9.65199169e+04  +5.83122169e+02 +3.92273786e+02  -2.31378703e+05 +1.01630132e+05    +1.58183771e-01 -2.28442760e-02  -1.73270213e+01 +2.01969412e+01  +1.11764479e+00 -1.21382070e-01 
+5.20230272e-03 +0.00000000e+00 -6.07750330e-03 -1.20154772e+04 +1.04902147e+04  +4.63192688e+02 -5.01745882e+02  -2.88571266e+04 -8.96347562e+03    +3.52076952e-01 -6.65865875e-02  -2.04214777e+00 +1.47535075e+00  +2.09634910e-01 -4.26109736e-02 
-2.30322653e-03 +0.00000000e+00 -7.66127584e-03 +6.83032727e+03 -3.46703976e+03  +4.77960809e+01 -1.27084471e+02  -1.15166703e+04 -8.69385848e+03    +3.74080007e-01 -3.52568712e-02  +1.85747867e-01 -6.78029785e-01  -8.40790289e-02 +7.24097548e-03 
-7.69117994e-03 +0.00000000e+00 -2.20130670e-03 -1.57247200e+04 -3.72092690e+04  -2.99702542e+02 -5.23086837e+02  -9.81181486e+04 +5.78860007e+02    +3.53869482e-01 -1.97967702e-02  +4.66792367e+00 -6.85307836e+00  -5.97167100e-01 +2.14319993e-02 
-6.00789797e-03 +0.00000000e+00 +5.28253367e-03 -1.73147004e+06 +1.59680542e+06  -1.95129943e+04 +5.62178582e+03  +1.15367326e+06 +7.59315491e+05    -4.14971160e+00 -5.60425986e-01  +3.06076190e+01 -2.36877668e+02  -6.46724719e+00 -8.10250156e-01 
+1.19901768e-03 +0.00000000e+00 +7.90963695e-03 -3.30495308e+07 +7.78172726e+07  -7.76281641e+05 +1.40963119e+05  -7.98948854e+07 +5.29784905e+07    -3.54462860e+01 -1.12504654e+01  +3.13536615e+03 -1.49806942e+03  +8.28353983e+00 +2.25121281e+00 
+7.30356201e-03 +0.00000000e+00 +3.26465649e-03 +7.36130253e+05 +7.88516713e+03  -4.51380180e+03 +1.56914645e+04  -2.16909886e+05 +3.89823556e+05    -5.63601901e-01 +4.01084495e-03  -3.51808550e+01 +6.09605861e+01  +2.44449523e+00 +2.14326629e-02 
+6.69324511e-03 +0.00000000e+00 -4.38183408e-03 -7.79496351e+03 +1.77421776e+04  +3.72421641e+02 +2.20778564e+02  -5.33931104e+04 -7.50380701e+03    +3.63218740e-01 -6.06909362e-02  -3.33157477e+00 +2.95572330e+00  +3.60546240e-01 -5.98322235e-02 
-7.08104743e-05 +0.00000000e+00 -7.99968661e-03 +3.90403348e+02 -1.74024828e+02  +1.01818925e+02 -1.15684330e+02  -8.28998897e+03 -8.98328444e+03    +3.70830230e-01 -3.73843814e-02  -3.39560776e-01 -1.66511887e-01  -2.17053452e-03 +6.24140268e-06 
-6.76976323e-03 +0.00000000e+00 -4.26266416e-03 +6.84654095e+03 -1.72534300e+04  -2.05336917e+02 +4.21332833e+02  -5.54855851e+04 -6.04741557e+03    +3.89595689e-01 -2.37756431e-02  +2.36486287e+00 -3.59671955e+00  -4.03906731e-01 +1.89981983e-02 
-7.24462690e-03 +0.00000000e+00 +3.39343206e-03 -7.64781482e+05 +3.14913663e+04  +2.53604619e+03 -1.07355957e+04  -1.80219293e+05 +4.50015674e+05    -3.65275364e-01 -6.77906954e-02  +3.32702086e+01 -6.87040088e+01  -2.14270251e+00 +1.67833711e-01 
-1.05881400e-03 +0.00000000e+00 +7.92962249e-03 +3.25043117e+07 -7.68219275e+07  +1.90596138e+06 +2.32586649e+06  -1.02416659e+08 +6.90833102e+07    -1.24907612e+02 +6.37763227e+01  -2.91932879e+03 +2.47125074e+03  -2.11273279e+01 +9.60873329e+00 
+6.10046760e-03 +0.00000000e+00 +5.17535458e-03 +1.67839232e+06 -1.31887441e+06  -2.68626986e+04 +3.66539982e+04  +9.65204091e+05 +9.58778010e+05    -3.05077605e+00 -8.53811724e-01  -4.80774729e+01 +2.14633683e+02  +4.89851366e+00 +1.00860339e+00 
+7.65100743e-03 +0.00000000e+00 -2.33711047e-03 +1.21125334e+04 +3.76463597e+04  +7.46604618e+02 -9.34659442e+02  -9.47344064e+04 -9.36158735e+02    +3.23412891e-01 -5.54620554e-02  -5.88691627e+00 +5.86204588e+00  +5.08412103e-01 -8.92330239e-02 
+2.16724631e-03 +0.00000000e+00 -7.70084693e-03 -6.60755691e+03 +3.11224499e+03  -8.93879471e+01 -6.36754156e+01  -1.12091574e+04 -8.86217715e+03    +3.64245193e-01 -3.85261801e-02  -8.84768902e-01 +3.01584542e-01  +7.69458056e-02 -8.83526101e-03 
-5.30907107e-03 +0.00000000e+00 -5.98446024e-03 +1.17218638e+04 -1.02799193e+04  +2.97876700e+02 -2.58460844e+02  -3.01397792e+04 -8.49200352e+03    +3.79747938e-01 -3.88509405e-02  +1.21281105e+00 -1.96539659e+00  -2.38842621e-01 +2.27650430e-02 
